DateTime	AltitudeTape:altitude	AirspeedTape:airspeed	HeadingIndicator:heading	AttitudeIndicator:roll
[State]	Standing
2019-10-14.10:27:14	0.474726	1654.61	-0.0010306	0.0033878
[State]	Taxiing
2019-10-14.10:27:15	0.175658	1654.71	-0.0152726	0.389678
2019-10-14.10:27:16	0.0662854	1654.78	-0.033674	0.0949318
2019-10-14.10:27:17	0.698306	1654.79	-0.062362	-0.129599
2019-10-14.10:27:18	3.54694	1654.79	-0.158087	0.0805028
2019-10-14.10:27:19	7.30281	1654.79	-0.182769	0.219671
2019-10-14.10:27:20	11.2157	1654.79	-0.212237	0.276934
2019-10-14.10:27:21	15.0875	1654.79	-0.369075	0.324737
2019-10-14.10:27:22	18.884	1654.79	-0.690492	0.440588
2019-10-14.10:27:23	22.6242	1654.79	-1.06152	0.539567
2019-10-14.10:27:24	26.2937	1654.79	-1.40988	0.607037
2019-10-14.10:27:25	29.8897	1654.8	-1.66013	0.633026
2019-10-14.10:27:26	33.405	1654.8	-1.8193	0.653699
2019-10-14.10:27:27	36.7909	1654.8	-1.9744	0.693211
2019-10-14.10:27:28	40.0471	1654.81	-2.09106	0.730194
2019-10-14.10:27:29	43.1915	1654.81	-2.15294	0.765275
2019-10-14.10:27:30	46.2522	1654.81	-2.16866	0.809905
2019-10-14.10:27:31	49.2599	1654.82	-2.13267	0.862821
2019-10-14.10:27:32	52.2419	1654.82	-2.04156	0.926599
2019-10-14.10:27:33	55.217	1654.82	-1.91885	0.988422
2019-10-14.10:27:34	58.1987	1654.83	-1.77226	1.05003
2019-10-14.10:27:35	61.1963	1654.83	-1.60678	1.11247
2019-10-14.10:27:36	64.2166	1654.84	-1.42539	1.17625
2019-10-14.10:27:37	67.2645	1654.85	-1.2301	1.2414
2019-10-14.10:27:38	70.3439	1654.85	-1.02252	1.30779
2019-10-14.10:27:39	73.4572	1654.86	-0.804045	1.37524
2019-10-14.10:27:40	76.6058	1654.87	-0.575996	1.44347
2019-10-14.10:27:41	79.79	1654.87	-0.339727	1.51221
2019-10-14.10:27:42	83.0186	1654.88	-0.174454	1.57435
2019-10-14.10:27:43	86.3299	1654.89	-0.101374	1.77191
2019-10-14.10:27:44	89.6495	1654.98	0.031036	5.36581
[State]	TakeOff
2019-10-14.10:27:45	91.4163	1657.53	-2.78548	13.3069
2019-10-14.10:27:46	91.3522	1665.3	-9.54627	11.6903
2019-10-14.10:27:47	91.7655	1671.83	-7.13257	11.6456
2019-10-14.10:27:48	92.2275	1677.59	-3.98264	11.8034
2019-10-14.10:27:49	92.4739	1683.61	-1.17719	11.9674
2019-10-14.10:27:50	92.483	1690.01	-0.285555	12.3709
2019-10-14.10:27:51	92.3484	1696.92	-1.32882	12.714
2019-10-14.10:27:52	92.1539	1704.31	-2.65535	13.0567
2019-10-14.10:27:53	91.7949	1712.09	-2.49962	13.3272
2019-10-14.10:27:54	91.4436	1720	-0.697526	13.1094
2019-10-14.10:27:55	91.1739	1727.64	1.25664	12.9414
2019-10-14.10:27:56	90.9685	1734.82	1.66811	12.7628
2019-10-14.10:27:57	90.9402	1741.54	0.262869	12.4409
2019-10-14.10:27:58	91.1552	1747.86	-1.53882	12.1681
2019-10-14.10:27:59	91.4387	1753.87	-1.92559	12.0414
[State]	Climb
2019-10-14.10:28:00	91.7883	1759.7	-0.450027	11.8454
2019-10-14.10:28:01	92.1513	1765.48	1.51889	11.8526
2019-10-14.10:28:02	92.3639	1771.34	2.10241	12.0528
2019-10-14.10:28:03	92.4727	1777.47	0.754254	12.2195
2019-10-14.10:28:04	92.5432	1784.04	-1.1966	12.4544
2019-10-14.10:28:05	92.4393	1791.06	-1.81917	12.8082
2019-10-14.10:28:06	92.2006	1798.49	-0.495442	12.9539
2019-10-14.10:28:07	91.9232	1806.11	1.4798	13.0205
2019-10-14.10:28:08	91.5549	1813.68	2.19032	13.1254
2019-10-14.10:28:09	91.2296	1821.11	0.951236	13.0151
2019-10-14.10:28:10	91.0859	1828.33	-1.06458	12.8307
2019-10-14.10:28:11	91.035	1835.28	-1.92302	12.7223
2019-10-14.10:28:12	91.0722	1841.93	-0.783325	12.4422
2019-10-14.10:28:13	91.2797	1848.22	1.27822	12.1162
2019-10-14.10:28:14	91.5098	1854.11	2.29089	12.0158
2019-10-14.10:28:15	91.7758	1859.78	1.27656	11.9197
2019-10-14.10:28:16	92.1124	1865.49	-0.799421	11.9185
2019-10-14.10:28:17	92.3845	1871.43	-1.91894	12.1411
2019-10-14.10:28:18	92.4916	1877.75	-0.976947	12.3206
2019-10-14.10:28:19	92.531	1884.42	1.10168	12.4308
2019-10-14.10:28:20	92.3835	1891.33	2.28184	12.7225
2019-10-14.10:28:21	92.1198	1898.44	1.4178	12.8829
2019-10-14.10:28:22	91.8827	1905.76	-0.6587	12.9409
2019-10-14.10:28:23	91.6561	1913.18	-1.93787	13.0585
2019-10-14.10:28:24	91.3923	1920.59	-1.17356	13.0092
2019-10-14.10:28:25	91.2589	1927.82	0.900863	12.7414
2019-10-14.10:28:26	91.1736	1934.65	2.2989	12.6116
2019-10-14.10:28:27	91.1729	1941.05	1.67909	12.3952
2019-10-14.10:28:28	91.3522	1947.14	-0.390793	12.134
2019-10-14.10:28:29	91.6572	1953.06	-1.93759	12.0664
2019-10-14.10:28:30	91.914	1958.92	-1.44956	12.0429
2019-10-14.10:28:31	92.2138	1964.83	0.612566	11.9141
2019-10-14.10:28:32	92.4217	1970.77	2.25269	12.0514
2019-10-14.10:28:33	92.4995	1976.83	1.87907	12.2231
2019-10-14.10:28:34	92.5382	1983.2	-0.148715	12.3426
2019-10-14.10:28:35	92.5386	1989.92	-1.85566	12.5991
2019-10-14.10:28:36	92.3583	1996.99	-1.56297	12.8401
2019-10-14.10:28:37	92.158	2004.32	0.43716	12.8203
2019-10-14.10:28:38	91.9043	2011.63	2.19806	12.8966
2019-10-14.10:28:39	91.6186	2018.78	2.01794	12.8931
2019-10-14.10:28:40	91.4465	2025.76	0.0572378	12.7103
2019-10-14.10:28:41	91.4418	2032.56	-1.81977	12.5962
2019-10-14.10:28:42	91.446	2039.13	-1.79555	12.5118
2019-10-14.10:28:43	91.5735	2045.51	0.119754	12.1999
2019-10-14.10:28:44	91.7742	2051.57	2.09785	12.0516
2019-10-14.10:28:45	91.9573	2057.36	2.23652	12.0178
2019-10-14.10:28:46	92.1875	2063.09	0.391081	11.9252
2019-10-14.10:28:47	92.4819	2068.94	-1.66735	12.0037
2019-10-14.10:28:48	92.6245	2075.04	-1.92013	12.2456
2019-10-14.10:28:49	92.6872	2081.48	-0.118021	12.2912
2019-10-14.10:28:50	92.6691	2088.14	1.9762	12.4392
2019-10-14.10:28:51	92.4916	2094.92	2.32029	12.6669
2019-10-14.10:28:52	92.2807	2101.86	0.581116	12.7112
2019-10-14.10:28:53	92.1427	2108.95	-1.5663	12.774
2019-10-14.10:28:54	91.9342	2116.1	-2.03115	12.8989
2019-10-14.10:28:55	91.7572	2123.24	-0.360014	12.7236
2019-10-14.10:28:56	91.6861	2130.14	1.84121	12.5352
2019-10-14.10:28:57	91.626	2136.64	2.4577	12.4539
2019-10-14.10:28:58	91.6716	2142.84	0.888526	12.2197
2019-10-14.10:28:59	91.901	2148.86	-1.38718	12.0605
2019-10-14.10:29:00	92.119	2154.78	-2.16813	12.1144
2019-10-14.10:29:01	92.318	2160.75	-0.682997	12.0098
2019-10-14.10:29:02	92.5544	2166.73	1.63636	11.9477
2019-10-14.10:29:03	92.6607	2172.71	2.53838	12.1294
2019-10-14.10:29:04	92.6961	2178.82	1.14926	12.2053
2019-10-14.10:29:05	92.7587	2185.21	-1.19044	12.321
2019-10-14.10:29:06	92.7013	2191.9	-2.19064	12.6128
2019-10-14.10:29:07	92.5285	2198.88	-0.870772	12.6831
2019-10-14.10:29:08	92.3817	2205.98	1.47822	12.6394
2019-10-14.10:29:09	92.1531	2212.97	2.57535	12.7435
2019-10-14.10:29:10	91.9441	2219.8	1.3614	12.6477
2019-10-14.10:29:11	91.8952	2226.52	-1.01671	12.4955
2019-10-14.10:29:12	91.9003	2233.09	-2.27044	12.5051
2019-10-14.10:29:13	91.9113	2239.53	-1.175	12.345
2019-10-14.10:29:14	92.0636	2245.79	1.22459	12.0685
2019-10-14.10:29:15	92.2021	2251.75	2.62126	12.0599
2019-10-14.10:29:16	92.3422	2257.52	1.66764	11.9854
2019-10-14.10:29:17	92.5726	2263.32	-0.734549	11.9247
2019-10-14.10:29:18	92.7818	2269.27	-2.25503	12.1172
2019-10-14.10:29:19	92.8414	2275.49	-1.39638	12.2435
2019-10-14.10:29:20	92.8987	2281.95	1.0001	12.2178
2019-10-14.10:29:21	92.8258	2288.49	2.59475	12.4341
2019-10-14.10:29:22	92.6558	2295.11	1.84065	12.5407
2019-10-14.10:29:23	92.5325	2301.87	-0.539332	12.5381
2019-10-14.10:29:24	92.4313	2308.75	-2.23992	12.6812
2019-10-14.10:29:25	92.2433	2315.69	-1.59791	12.7053
2019-10-14.10:29:26	92.1593	2322.58	0.764762	12.4639
2019-10-14.10:29:27	92.0943	2329.18	2.57193	12.4174
2019-10-14.10:29:28	92.0531	2335.45	2.08425	12.3019
2019-10-14.10:29:29	92.1542	2341.53	-0.250025	12.0862
2019-10-14.10:29:30	92.3693	2347.51	-2.19694	12.0826
2019-10-14.10:29:31	92.5033	2353.48	-1.85234	12.1139
2019-10-14.10:29:32	92.6924	2359.51	0.455845	11.9346
2019-10-14.10:29:33	92.8391	2365.49	2.4926	12.0118
2019-10-14.10:29:34	92.8813	2371.45	2.28223	12.131
2019-10-14.10:29:35	92.9277	2377.57	0.0237802	12.1419
2019-10-14.10:29:36	92.9921	2383.94	-2.09274	12.3306
2019-10-14.10:29:37	92.8852	2390.57	-1.98565	12.5547
2019-10-14.10:29:38	92.7721	2397.43	0.233867	12.4731
2019-10-14.10:29:39	92.6352	2404.26	2.40529	12.526
2019-10-14.10:29:40	92.4355	2410.95	2.42481	12.5748
2019-10-14.10:29:41	92.3168	2417.53	0.265435	12.4218
2019-10-14.10:29:42	92.3417	2424.05	-2.00944	12.3828
2019-10-14.10:29:43	92.314	2430.48	-2.18531	12.4208
2019-10-14.10:29:44	92.3615	2436.84	-0.0857387	12.1593
2019-10-14.10:29:45	92.4867	2442.97	2.27216	12.035
2019-10-14.10:29:46	92.5703	2448.83	2.61285	12.0473
2019-10-14.10:29:47	92.704	2454.61	0.600089	11.9218
2019-10-14.10:29:48	92.9373	2460.46	-1.83752	11.9585
2019-10-14.10:29:49	93.0356	2466.48	-2.31144	12.1857
2019-10-14.10:29:50	93.0773	2472.76	-0.357898	12.145
2019-10-14.10:29:51	93.111	2479.14	2.11761	12.1884
2019-10-14.10:29:52	93.006	2485.52	2.70296	12.3834
2019-10-14.10:29:53	92.882	2491.98	0.832513	12.3707
2019-10-14.10:29:54	92.8497	2498.58	-1.69421	12.4151
2019-10-14.10:29:55	92.7226	2505.28	-2.40908	12.6057
2019-10-14.10:29:56	92.5844	2512.05	-0.615937	12.4675
2019-10-14.10:29:57	92.5473	2518.69	1.9517	12.3079
2019-10-14.10:29:58	92.4751	2525.03	2.81348	12.3239
2019-10-14.10:29:59	92.4677	2531.13	1.13571	12.14
2019-10-14.10:30:00	92.6305	2537.15	-1.4922	12.0174
2019-10-14.10:30:01	92.7586	2543.12	-2.51942	12.1397
2019-10-14.10:30:02	92.852	2549.15	-0.937504	12.0289
2019-10-14.10:30:03	93.0231	2555.18	1.7241	11.9009
2019-10-14.10:30:04	93.0902	2561.09	2.88103	12.0551
2019-10-14.10:30:05	93.1151	2567.01	1.41446	12.0558
2019-10-14.10:30:06	93.2325	2573.1	-1.27404	11.8358
2019-10-14.10:30:07	93.4733	2578.99	-2.63707	11.4334
2019-10-14.10:30:08	93.8571	2584.35	-1.33143	10.9832
2019-10-14.10:30:09	94.539	2589.18	1.37549	10.3935
2019-10-14.10:30:10	95.2857	2593.41	2.82807	10.2523
2019-10-14.10:30:11	96.0266	2597.44	1.5989	10.0559
2019-10-14.10:30:12	96.9808	2601.44	-1.11162	9.49687
2019-10-14.10:30:13	98.0199	2605.16	-2.57421	9.37448
2019-10-14.10:30:14	99.0886	2608.77	-1.30388	8.87568
2019-10-14.10:30:15	100.368	2612.09	1.33675	8.48683
2019-10-14.10:30:16	101.567	2615.24	2.54867	8.40836
2019-10-14.10:30:17	102.776	2618.4	1.0656	8.01283
2019-10-14.10:30:18	104.188	2621.5	-1.47139	7.65602
2019-10-14.10:30:19	105.564	2624.52	-2.23233	7.50211
2019-10-14.10:30:20	107.002	2627.48	-0.44815	7.04482
2019-10-14.10:30:21	108.572	2630.06	1.73773	6.79937
2019-10-14.10:30:22	110.002	2632.56	1.78791	6.81566
2019-10-14.10:30:23	111.504	2635.13	-0.235213	6.42457
2019-10-14.10:30:24	113.08	2637.5	-1.79228	6.34961
2019-10-14.10:30:25	114.596	2639.91	-1.01688	6.01899
2019-10-14.10:30:26	116.235	2642.17	0.933068	5.78757
2019-10-14.10:30:27	117.745	2644.4	1.50189	5.68746
2019-10-14.10:30:28	119.269	2646.66	0.078672	5.42953
2019-10-14.10:30:29	120.861	2648.87	-1.29526	5.27137
2019-10-14.10:30:30	122.387	2651.05	-0.804116	5.03407
2019-10-14.10:30:31	124.001	2653.1	0.675287	4.83938
2019-10-14.10:30:32	125.504	2655.11	1.00581	4.71682
2019-10-14.10:30:33	127.034	2657.11	-0.13707	4.5166
2019-10-14.10:30:34	128.581	2659.04	-0.952458	4.38079
2019-10-14.10:30:35	130.099	2660.91	-0.319183	4.17095
[State]	Cruise
2019-10-14.10:30:36	131.643	2662.68	0.63282	4.0497
2019-10-14.10:30:37	133.107	2664.42	0.451632	3.90328
2019-10-14.10:30:38	134.623	2666.11	-0.423184	3.75202
2019-10-14.10:30:39	136.097	2667.74	-0.55421	3.62336
2019-10-14.10:30:40	137.588	2669.29	0.133401	3.47666
2019-10-14.10:30:41	139.017	2670.79	0.427497	3.37235
2019-10-14.10:30:42	140.432	2672.25	-0.0713125	3.24669
2019-10-14.10:30:43	141.84	2673.64	-0.423982	3.1403
2019-10-14.10:30:44	143.22	2674.98	-0.0891932	3.01325
2019-10-14.10:30:45	144.569	2676.25	0.251034	2.92328
2019-10-14.10:30:46	145.877	2677.49	0.028976	2.82267
2019-10-14.10:30:47	147.187	2678.67	-0.272936	2.72907
2019-10-14.10:30:48	148.46	2679.8	-0.128578	2.62915
2019-10-14.10:30:49	149.711	2680.87	0.119189	2.55098
2019-10-14.10:30:50	150.919	2681.91	0.0174213	2.46905
2019-10-14.10:30:51	152.121	2682.9	-0.182342	2.39001
2019-10-14.10:30:52	153.291	2683.85	-0.107798	2.31037
2019-10-14.10:30:53	154.43	2684.75	0.0444337	2.24394
2019-10-14.10:30:54	155.528	2685.61	-0.0190179	2.17708
2019-10-14.10:30:55	156.609	2686.44	-0.135107	2.11273
2019-10-14.10:30:56	157.659	2687.23	-0.081152	2.0484
2019-10-14.10:30:57	158.675	2687.99	0.0008873	1.99217
2019-10-14.10:30:58	159.658	2688.71	-0.0499739	1.93694
2019-10-14.10:30:59	160.621	2689.4	-0.107806	1.88455
2019-10-14.10:31:00	161.555	2690.06	-0.0637296	1.83284
2019-10-14.10:31:01	162.456	2690.69	-0.0286392	1.78544
2019-10-14.10:31:02	163.331	2691.29	-0.0689675	1.73943
2019-10-14.10:31:03	164.183	2691.86	-0.089496	1.69615
2019-10-14.10:31:04	165.008	2692.41	-0.0572947	1.65492
2019-10-14.10:31:05	165.804	2692.93	-0.0503117	1.61557
2019-10-14.10:31:06	166.577	2693.43	-0.0771055	1.57745
2019-10-14.10:31:07	167.327	2693.9	-0.0774872	1.54126
2019-10-14.10:31:08	168.052	2694.36	-0.0592361	1.50735
2019-10-14.10:31:09	168.751	2694.79	-0.0650407	1.47478
2019-10-14.10:31:10	169.43	2695.2	-0.078147	1.44354
2019-10-14.10:31:11	170.087	2695.6	-0.0716163	1.41372
2019-10-14.10:31:12	170.721	2695.97	-0.0653189	1.38548
2019-10-14.10:31:13	171.334	2696.33	-0.0731903	1.35837
2019-10-14.10:31:14	171.927	2696.67	-0.0765124	1.33257
2019-10-14.10:31:15	172.5	2697	-0.0709897	1.30801
2019-10-14.10:31:16	173.053	2697.31	-0.0715755	1.28451
2019-10-14.10:31:17	173.588	2697.61	-0.0764562	1.26206
2019-10-14.10:31:18	174.104	2697.89	-0.0754454	1.24055
2019-10-14.10:31:19	174.602	2698.16	-0.073383	1.2201
2019-10-14.10:31:20	175.083	2698.42	-0.0758662	1.20055
2019-10-14.10:31:21	175.547	2698.67	-0.0774125	1.18185
2019-10-14.10:31:22	175.994	2698.9	-0.0760426	1.16396
2019-10-14.10:31:23	176.426	2699.13	-0.0763997	1.1469
2019-10-14.10:31:24	176.842	2699.34	-0.0781284	1.1306
2019-10-14.10:31:25	177.243	2699.55	-0.0780712	1.115
2019-10-14.10:31:26	177.63	2699.75	-0.0777216	1.10009
2019-10-14.10:31:27	178.014	2699.86	-0.0863246	0.365998
2019-10-14.10:31:28	179.221	2695.82	-0.197749	-0.819887
2019-10-14.10:31:29	180.238	2691.33	-0.0107832	-0.732291
2019-10-14.10:31:30	181.679	2685.03	-0.0898121	-0.87086
2019-10-14.10:31:31	182.667	2680.11	-0.0844275	-0.963608
2019-10-14.10:31:32	184.023	2673.51	-0.125376	-0.921236
2019-10-14.10:31:33	184.91	2668.54	-0.0176815	-0.936194
2019-10-14.10:31:34	186.139	2662.06	-0.138357	-1.084
2019-10-14.10:31:35	186.95	2656.91	-0.0578901	-0.762429
2019-10-14.10:31:36	188.028	2650.81	-0.108247	-1.35008
2019-10-14.10:31:37	188.816	2645.26	-0.057511	-0.500385
2019-10-14.10:31:38	189.702	2639.71	-0.120135	-1.61783
2019-10-14.10:31:39	190.508	2633.66	-0.0711785	-0.365387
2019-10-14.10:31:40	191.195	2628.65	-0.0883247	-1.64005
2019-10-14.10:31:41	192.013	2622.22	-0.103323	-0.486856
2019-10-14.10:31:42	192.552	2617.53	-0.0739772	-1.52132
2019-10-14.10:31:43	193.346	2610.94	-0.108329	-0.612649
2019-10-14.10:31:44	193.786	2606.37	-0.0723803	-1.46365
2019-10-14.10:31:45	194.528	2599.77	-0.114406	-0.64932
2019-10-14.10:31:46	194.903	2595.22	-0.0707781	-1.50704
2019-10-14.10:31:47	195.573	2588.69	-0.109964	-0.556422
2019-10-14.10:31:48	195.928	2584.04	-0.0864207	-1.70926
2019-10-14.10:31:49	196.467	2577.81	-0.0876613	-0.341092
2019-10-14.10:31:50	196.927	2572.55	-0.116757	-1.63458
2019-10-14.10:31:51	197.203	2567.38	-0.065097	-1.1489
2019-10-14.10:31:52	197.768	2561.04	-0.107739	-0.288222
2019-10-14.10:31:53	198.133	2555.88	-0.122963	-1.60368
2019-10-14.10:31:54	198.311	2550.96	-0.0904958	-2.61086
2019-10-14.10:31:55	198.5	2545.69	-0.0587692	-2.57854
2019-10-14.10:31:56	198.587	2540.66	-0.0299566	-2.853
2019-10-14.10:31:57	198.339	2536.36	-0.0040434	-4.80878
2019-10-14.10:31:58	197.455	2532.65	0.001788	-9.17176
2019-10-14.10:31:59	195.708	2529.58	0.0626481	-11.5641
2019-10-14.10:32:00	193.626	2527.18	0.112415	-11.7468
2019-10-14.10:32:01	191.541	2525.11	0.119056	-11.5911
2019-10-14.10:32:02	189.52	2523.22	0.176171	-11.5424
2019-10-14.10:32:03	187.576	2521.46	0.253385	-11.6065
2019-10-14.10:32:04	185.717	2519.79	0.306103	-11.6542
2019-10-14.10:32:05	183.943	2518.17	0.367825	-11.4938
2019-10-14.10:32:06	182.269	2516.54	0.444825	-10.9068
2019-10-14.10:32:07	180.711	2514.82	0.504794	-9.67941
2019-10-14.10:32:08	179.274	2512.96	0.542885	-7.6409
2019-10-14.10:32:09	177.965	2510.88	0.56409	-4.76011
2019-10-14.10:32:10	176.78	2508.53	0.554857	-1.21185
2019-10-14.10:32:11	175.676	2505.91	0.504887	2.85027
2019-10-14.10:32:12	174.666	2503.15	0.41914	7.11216
2019-10-14.10:32:13	173.875	2500.49	0.31354	10.6727
2019-10-14.10:32:14	173.375	2498.29	0.204851	12.1451
2019-10-14.10:32:15	172.974	2496.8	0.117126	10.4617
2019-10-14.10:32:16	172.454	2496.19	0.080777	5.44808
2019-10-14.10:32:17	171.545	2496.36	0.117284	-1.17467
2019-10-14.10:32:18	170.231	2496.89	0.22749	-6.93464
2019-10-14.10:32:19	168.934	2497.17	0.377089	-9.66368
2019-10-14.10:32:20	167.866	2496.67	0.502913	-8.52941
2019-10-14.10:32:21	167.094	2495.21	0.54617	-3.96268
2019-10-14.10:32:22	166.534	2492.84	0.490926	2.39844
2019-10-14.10:32:23	166.116	2490.06	0.35663	8.56025
2019-10-14.10:32:24	166.078	2487.78	0.197182	11.7695
2019-10-14.10:32:25	166.185	2486.76	0.0755388	9.52847
2019-10-14.10:32:26	165.933	2487.19	0.0544485	2.24098
2019-10-14.10:32:27	164.944	2488.51	0.159826	-5.39109
2019-10-14.10:32:28	163.804	2489.53	0.341115	-8.77831
2019-10-14.10:32:29	163.008	2489.3	0.472049	-6.37391
2019-10-14.10:32:30	162.611	2487.64	0.468606	0.147602
2019-10-14.10:32:31	162.421	2485.09	0.343462	7.22093
2019-10-14.10:32:32	162.623	2482.94	0.167167	11.1328
2019-10-14.10:32:33	162.986	2482.33	0.0335837	8.47953
2019-10-14.10:32:34	162.835	2483.42	0.0277171	0.52772
2019-10-14.10:32:35	161.94	2485.21	0.163925	-6.2366
2019-10-14.10:32:36	161.126	2486.15	0.337305	-7.01389
2019-10-14.10:32:37	160.783	2485.43	0.404177	-2.04198
2019-10-14.10:32:38	160.741	2483.36	0.326759	5.0159
2019-10-14.10:32:39	161.018	2481.22	0.161612	9.99383
2019-10-14.10:32:40	161.572	2480.48	0.013371	8.76559
2019-10-14.10:32:41	161.683	2481.56	-0.0163569	1.49155
2019-10-14.10:32:42	161.006	2483.5	0.103702	-5.3095
2019-10-14.10:32:43	160.332	2484.65	0.274468	-6.21834
2019-10-14.10:32:44	160.135	2484.07	0.342983	-1.33315
2019-10-14.10:32:45	160.235	2482.15	0.267525	5.42945
2019-10-14.10:32:46	160.668	2480.3	0.107738	9.72831
2019-10-14.10:32:47	161.286	2479.94	-0.0259991	7.53577
2019-10-14.10:32:48	161.346	2481.34	-0.0322997	0.150819
2019-10-14.10:32:49	160.714	2483.31	0.10344	-5.62665
2019-10-14.10:32:50	160.212	2484.22	0.261748	-5.19253
2019-10-14.10:32:51	160.167	2483.39	0.302727	0.302937
2019-10-14.10:32:52	160.382	2481.47	0.207558	6.69649
2019-10-14.10:32:53	160.949	2479.96	0.050482	9.60446
2019-10-14.10:32:54	161.523	2480.12	-0.0565597	5.78675
2019-10-14.10:32:55	161.397	2481.82	-0.0255496	-1.62738
2019-10-14.10:32:56	160.764	2483.66	0.128797	-6.00554
2019-10-14.10:32:57	160.395	2484.18	0.267921	-4.11084
2019-10-14.10:32:58	160.431	2483.03	0.277926	1.86886
2019-10-14.10:32:59	160.71	2481.1	0.16402	7.79786
2019-10-14.10:33:00	161.331	2479.91	0.0119314	9.33259
2019-10-14.10:33:01	161.791	2480.45	-0.0690091	4.26691
2019-10-14.10:33:02	161.487	2482.31	-0.0072008	-2.96435
2019-10-14.10:33:03	160.844	2483.97	0.157634	-6.16676
2019-10-14.10:33:04	160.549	2484.16	0.278815	-3.24888
2019-10-14.10:33:05	160.608	2482.78	0.265406	3.00285
2019-10-14.10:33:06	160.917	2480.86	0.138738	8.52022
2019-10-14.10:33:07	162.341	2479.01	-0.0991748	2.75227
2019-10-14.10:33:08	160.659	2486.48	0.460326	11.3621
2019-10-14.10:33:09	154.404	2517.59	0.615668	19.978
2019-10-14.10:33:10	144.276	2567.54	0.0665635	27.8384
2019-10-14.10:33:11	131.152	2629.38	-0.0946673	34.5555
2019-10-14.10:33:12	115.884	2695.52	0.322074	39.7622
[State]	StraightAndLevel
2019-10-14.10:33:13	99.4442	2759.11	0.614964	43.193
2019-10-14.10:33:14	82.8352	2814.95	0.430119	44.4793
2019-10-14.10:33:15	67.3477	2858.89	-0.0678547	42.248
2019-10-14.10:33:16	55.5104	2888.09	-0.705632	34.8498
2019-10-14.10:33:17	50.9186	2901.2	-1.55582	20.6423
2019-10-14.10:33:18	56.0029	2898	-2.90671	1.31333
2019-10-14.10:33:19	69.292	2878.16	-4.34622	-15.0742
2019-10-14.10:33:20	86.9448	2842.3	-3.64259	-22.7822
2019-10-14.10:33:21	105.625	2794.01	-0.0795782	-24.5741
2019-10-14.10:33:22	123.076	2738.62	2.86541	-22.4843
2019-10-14.10:33:23	137.805	2683.16	1.67328	-17.8186
2019-10-14.10:33:24	149.066	2635.87	-1.00007	-11.3951
2019-10-14.10:33:25	155.934	2604.07	-0.578888	-3.80049
2019-10-14.10:33:26	158.258	2592.86	1.14662	4.31797
2019-10-14.10:33:27	155.899	2604.14	0.588136	12.618
2019-10-14.10:33:28	149.517	2636.42	-0.613633	20.5091
2019-10-14.10:33:29	139.632	2684.97	-0.0790196	27.6195
2019-10-14.10:33:30	126.987	2743.36	0.922444	33.5929
2019-10-14.10:33:31	112.468	2804.79	0.665058	38.0641
2019-10-14.10:33:32	97.1195	2863.36	-0.402272	40.7892
2019-10-14.10:33:33	81.9223	2914.39	-1.00268	41.2167
2019-10-14.10:33:34	68.2083	2954.1	-0.716479	38.0965
2019-10-14.10:33:35	58.4814	2979.92	0.0754855	29.9714
2019-10-14.10:33:36	55.7621	2990.57	0.841829	16.0941
2019-10-14.10:33:37	61.6183	2985.67	0.996797	-0.924492
2019-10-14.10:33:38	74.4529	2965.13	-0.0494428	-14.25
2019-10-14.10:33:39	90.9696	2930.24	-1.5443	-20.3561
2019-10-14.10:33:40	108.051	2884.91	-1.55691	-21.3565
2019-10-14.10:33:41	123.886	2834.61	0.208831	-19.3175
2019-10-14.10:33:42	137.2	2785.58	1.38751	-14.9194
2019-10-14.10:33:43	147.017	2745.09	0.47515	-8.84283
2019-10-14.10:33:44	152.9	2719.6	-0.518267	-1.75877
2019-10-14.10:33:45	154.498	2713.28	0.0814834	5.81833
2019-10-14.10:33:46	151.83	2727.34	0.71601	13.4843
2019-10-14.10:33:47	145.322	2759.97	0.193029	20.7705
2019-10-14.10:33:48	135.709	2806.81	-0.317042	27.2415
2019-10-14.10:33:49	123.672	2861.96	0.0515115	32.5253
2019-10-14.10:33:50	110.036	2919.27	0.605202	36.3141
2019-10-14.10:33:51	95.7262	2973.51	0.56446	38.4472
2019-10-14.10:33:52	81.7902	3020.41	0.0017407	38.1684
2019-10-14.10:33:53	69.665	3056.57	-0.664413	34.4342
2019-10-14.10:33:54	61.6525	3079.67	-1.21263	26.1867
2019-10-14.10:33:55	60.1751	3088.57	-1.6644	13.3657
2019-10-14.10:33:56	66.1681	3082.93	-1.99351	-1.20288
2019-10-14.10:33:57	78.0753	3062.97	-1.72542	-12.2922
2019-10-14.10:33:58	93.1828	3030.32	-0.357254	-17.7623
2019-10-14.10:33:59	108.904	2988.57	1.29723	-18.8151
2019-10-14.10:34:00	123.373	2942.73	1.50778	-16.8438
2019-10-14.10:34:01	135.556	2898.83	0.186578	-12.7903
2019-10-14.10:34:02	144.605	2863.32	-0.515967	-7.17187
2019-10-14.10:34:03	149.88	2841.76	0.267692	-0.61137
2019-10-14.10:34:04	151.091	2837.76	0.763475	6.49481
2019-10-14.10:34:05	148.393	2852.38	0.143504	13.6257
2019-10-14.10:34:06	142.254	2883.81	-0.257442	20.3371
2019-10-14.10:34:07	133.169	2927.98	0.193923	26.2687
2019-10-14.10:34:08	121.796	2979.57	0.587292	31.085
2019-10-14.10:34:09	109.024	3033.06	0.304996	34.4415
2019-10-14.10:34:10	95.7564	3083.78	-0.244055	36.1839
2019-10-14.10:34:11	82.9975	3127.72	-0.469405	35.55
2019-10-14.10:34:12	72.097	3161.68	-0.28676	31.6735
2019-10-14.10:34:13	65.121	3183.45	0.0223305	23.7678
2019-10-14.10:34:14	64.1	3191.91	0.101447	12.106
2019-10-14.10:34:15	69.7218	3186.71	-0.322839	-0.634835
2019-10-14.10:34:16	80.6295	3168.23	-1.08089	-10.2991
2019-10-14.10:34:17	94.4118	3138.3	-1.2601	-15.203
2019-10-14.10:34:18	108.786	3100.44	-0.262035	-16.3033
2019-10-14.10:34:19	122.161	3059.2	0.971883	-14.6948
2019-10-14.10:34:20	133.385	3019.86	0.91991	-11.0541
2019-10-14.10:34:21	141.732	2988.29	-0.0826992	-5.92786
2019-10-14.10:34:22	146.658	2969.47	-0.296902	0.132105
2019-10-14.10:34:23	147.889	2966.58	0.390281	6.6555
2019-10-14.10:34:24	145.429	2980.49	0.555094	13.2721
2019-10-14.10:34:25	139.71	3009.71	0.0094714	19.5148
2019-10-14.10:34:26	131.293	3050.66	-0.200943	24.9943
2019-10-14.10:34:27	120.803	3098.54	0.193869	29.3725
2019-10-14.10:34:28	109.006	3148.36	0.517206	32.3888
2019-10-14.10:34:29	96.7464	3195.86	0.337075	33.8898
2019-10-14.10:34:30	85.0291	3237.31	-0.143371	33.146
2019-10-14.10:34:31	75.1247	3269.69	-0.577491	29.4591
2019-10-14.10:34:32	68.801	3290.92	-0.819012	22.3146
2019-10-14.10:34:33	67.7369	3299.83	-0.904784	12.0645
2019-10-14.10:34:34	72.5101	3296.09	-0.864448	0.952158
2019-10-14.10:34:35	82.0925	3280.14	-0.586886	-7.8545
2019-10-14.10:34:36	94.5427	3253.64	0.0248803	-12.7722
2019-10-14.10:34:37	107.744	3219.7	0.640686	-14.137
2019-10-14.10:34:38	120.127	3182.6	0.691455	-12.8592
2019-10-14.10:34:39	130.709	3147.1	0.191726	-9.76695
2019-10-14.10:34:40	138.728	3118.34	-0.0870699	-5.20697
2019-10-14.10:34:41	143.583	3100.85	0.199058	0.310435
2019-10-14.10:34:42	144.984	3097.68	0.42878	6.35607
2019-10-14.10:34:43	143.01	3109.84	0.20759	12.4875
2019-10-14.10:34:44	137.988	3136.12	-0.0191143	18.2986
2019-10-14.10:34:45	130.364	3173.44	0.102202	23.4265
2019-10-14.10:34:46	120.749	3217.57	0.301402	27.5443
2019-10-14.10:34:47	109.896	3264.03	0.252412	30.3839
2019-10-14.10:34:48	98.5907	3308.89	0.0203004	31.8079
2019-10-14.10:34:49	87.7568	3348.61	-0.154031	31.1817
2019-10-14.10:34:50	78.5513	3380.26	-0.189204	27.9091
2019-10-14.10:34:51	72.462	3401.8	-0.184517	21.6738
2019-10-14.10:34:52	70.9961	3411.94	-0.292212	12.6919
2019-10-14.10:34:53	74.757	3410.29	-0.577798	2.81352
2019-10-14.10:34:54	82.9698	3397.29	-0.82866	-5.29397
2019-10-14.10:34:55	94.0109	3374.49	-0.601614	-10.2178
2019-10-14.10:34:56	106.058	3344.65	0.165274	-12.0283
2019-10-14.10:34:57	117.586	3311.52	0.782852	-11.253
2019-10-14.10:34:58	127.583	3279.34	0.564043	-8.72986
2019-10-14.10:34:59	135.35	3252.7	-0.0646279	-4.7667
2019-10-14.10:35:00	140.34	3235.77	-0.116382	0.169371
2019-10-14.10:35:01	142.187	3231.47	0.339593	5.66597
2019-10-14.10:35:02	140.858	3241.01	0.433246	11.3397
2019-10-14.10:35:03	136.639	3263.63	0.067808	16.7767
2019-10-14.10:35:04	129.959	3296.86	-0.0995031	21.6086
2019-10-14.10:35:05	121.362	3337.03	0.13992	25.5204
2019-10-14.10:35:06	111.509	3380.09	0.364942	28.2716
2019-10-14.10:35:07	101.127	3422.4	0.262384	29.7456
2019-10-14.10:35:08	91.0658	3460.67	-0.0535551	29.415
2019-10-14.10:35:09	82.4018	3492.04	-0.334074	26.7445
2019-10-14.10:35:10	76.3467	3514.43	-0.460868	21.5249
2019-10-14.10:35:11	74.2005	3526.54	-0.464806	13.9366
2019-10-14.10:35:12	76.6422	3527.81	-0.424087	5.24278
2019-10-14.10:35:13	83.2657	3518.55	-0.339253	-2.39567
2019-10-14.10:35:14	92.8344	3499.97	-0.12653	-7.55621
2019-10-14.10:35:15	103.704	3474.37	0.192947	-9.90719
2019-10-14.10:35:16	114.433	3445.14	0.404032	-9.73697
2019-10-14.10:35:17	123.999	3416.03	0.320598	-7.86401
2019-10-14.10:35:18	131.691	3391.01	0.0986839	-4.59747
2019-10-14.10:35:19	136.932	3373.96	0.0756543	-0.280872
2019-10-14.10:35:20	139.36	3367.81	0.23489	4.67195
2019-10-14.10:35:21	138.879	3374.05	0.272107	9.87326
2019-10-14.10:35:22	135.654	3392.42	0.134025	14.9461
2019-10-14.10:35:23	130.036	3421.07	0.0518511	19.5414
2019-10-14.10:35:24	122.517	3456.95	0.12181	23.3455
2019-10-14.10:35:25	113.703	3496.49	0.199187	26.105
2019-10-14.10:35:26	104.254	3536.32	0.15936	27.7178
2019-10-14.10:35:27	94.9103	3573.37	0.0360633	27.8093
2019-10-14.10:35:28	86.6329	3604.8	-0.0919606	25.8534
2019-10-14.10:35:29	80.4651	3628.47	-0.195988	21.6669
2019-10-14.10:35:30	77.5021	3643.01	-0.300205	15.432
2019-10-14.10:35:31	78.4978	3647.72	-0.417739	7.93518
2019-10-14.10:35:32	83.37	3642.68	-0.477317	0.806317
2019-10-14.10:35:33	91.2728	3628.76	-0.323963	-4.57628
2019-10-14.10:35:34	100.853	3607.77	0.0683034	-7.60063
2019-10-14.10:35:35	110.747	3582.52	0.428914	-8.20508
2019-10-14.10:35:36	119.881	3556.4	0.422728	-7.02815
2019-10-14.10:35:37	127.545	3532.86	0.114399	-4.53232
2019-10-14.10:35:38	133.174	3515.38	-0.0287155	-0.932581
2019-10-14.10:35:39	136.341	3506.91	0.167893	3.39996
2019-10-14.10:35:40	136.849	3509.24	0.330145	8.10713
2019-10-14.10:35:41	134.771	3522.71	0.198868	12.8232
2019-10-14.10:35:42	130.38	3546.17	0.0143262	17.2036
2019-10-14.10:35:43	124.084	3577.25	0.0466537	20.9422
2019-10-14.10:35:44	116.398	3612.88	0.197642	23.7809
2019-10-14.10:35:45	107.919	3649.97	0.229098	25.614
2019-10-14.10:35:46	99.2912	3685.7	0.0933596	26.2078
2019-10-14.10:35:47	91.3312	3717.33	-0.0907826	25.0619
2019-10-14.10:35:48	84.996	3742.58	-0.214408	21.9698
2019-10-14.10:35:49	81.1947	3759.9	-0.257791	17.0055
2019-10-14.10:35:50	80.6907	3768.44	-0.262499	10.7204
2019-10-14.10:35:51	83.712	3768.01	-0.254529	4.18903
2019-10-14.10:35:52	89.8021	3759.09	-0.198796	-1.32148
2019-10-14.10:35:53	97.9091	3743.03	-0.0417911	-4.96902
2019-10-14.10:35:54	106.833	3722.06	0.173869	-6.45422
2019-10-14.10:35:55	115.479	3699.14	0.298275	-6.06132
2019-10-14.10:35:56	123.069	3677.32	0.228798	-4.34712
2019-10-14.10:35:57	129.041	3659.65	0.0902608	-1.54319
2019-10-14.10:35:58	132.943	3648.99	0.0911029	2.10712
2019-10-14.10:35:59	134.503	3647.4	0.202623	6.25458
2019-10-14.10:36:00	133.669	3655.77	0.227289	10.5644
2019-10-14.10:36:01	130.598	3673.65	0.129236	14.7095
2019-10-14.10:36:02	125.613	3699.44	0.0588749	18.3863
2019-10-14.10:36:03	119.148	3730.64	0.094682	21.3262
2019-10-14.10:36:04	111.724	3764.51	0.153874	23.394
[State]	Climb
2019-10-14.10:36:05	103.897	3798.45	0.141314	24.4468
2019-10-14.10:36:06	96.3327	3829.92	0.0508659	24.1224
2019-10-14.10:36:07	89.862	3856.57	-0.0724716	22.0999
2019-10-14.10:36:08	85.3381	3876.63	-0.181464	18.3857
2019-10-14.10:36:09	83.4695	3889.01	-0.255505	13.282
2019-10-14.10:36:10	84.6806	3893.23	-0.281236	7.52201
2019-10-14.10:36:11	88.8553	3889.47	-0.226905	2.1298
2019-10-14.10:36:12	95.2974	3878.59	-0.0701157	-1.99396
2019-10-14.10:36:13	103.02	3862.26	0.132436	-4.3263
2019-10-14.10:36:14	110.994	3842.92	0.254116	-4.80942
2019-10-14.10:36:15	118.371	3823.29	0.215461	-3.88646
2019-10-14.10:36:16	124.562	3806.06	0.0992795	-1.90033
2019-10-14.10:36:17	129.11	3793.8	0.0774574	0.976518
2019-10-14.10:36:18	131.666	3788.72	0.170494	4.48985
2019-10-14.10:36:19	132.073	3792.18	0.221028	8.3238
2019-10-14.10:36:20	130.374	3804.39	0.152438	12.1681
2019-10-14.10:36:21	126.781	3824.5	0.07195	15.7292
2019-10-14.10:36:22	121.63	3850.71	0.0809977	18.7417
2019-10-14.10:36:23	115.359	3880.7	0.136074	21.0249
2019-10-14.10:36:24	108.449	3912.12	0.142978	22.4722
2019-10-14.10:36:25	101.443	3942.72	0.0781867	22.878
2019-10-14.10:36:26	95.0162	3970.2	-0.0172737	21.8687
2019-10-14.10:36:27	89.9405	3992.61	-0.102085	19.3425
2019-10-14.10:36:28	86.9265	4008.59	-0.156976	15.4484
2019-10-14.10:36:29	86.4606	4017.37	-0.183981	10.63
2019-10-14.10:36:30	88.7	4018.78	-0.179699	5.63774
2019-10-14.10:36:31	93.3076	4013.28	-0.12169	1.29564
2019-10-14.10:36:32	99.5784	4001.97	-0.002187	-1.73946
2019-10-14.10:36:33	106.634	3986.69	0.136028	-3.16592
2019-10-14.10:36:34	113.604	3969.82	0.209122	-3.08327
2019-10-14.10:36:35	119.83	3953.74	0.172655	-1.89485
2019-10-14.10:36:36	124.837	3940.74	0.0978363	0.170737
2019-10-14.10:36:37	128.262	3932.95	0.0964125	2.95597
2019-10-14.10:36:38	129.849	3932.02	0.16308	6.21753
2019-10-14.10:36:39	129.516	3938.76	0.188295	9.67067
2019-10-14.10:36:40	127.355	3953.02	0.133173	13.0366
2019-10-14.10:36:41	123.599	3973.73	0.0755623	16.0543
2019-10-14.10:36:42	118.59	3999.14	0.0796397	18.5065
2019-10-14.10:36:43	112.73	4027.26	0.116271	20.2893
2019-10-14.10:36:44	106.469	4056.04	0.1203	21.2527
2019-10-14.10:36:45	100.332	4083.47	0.067857	21.1695
2019-10-14.10:36:46	94.9657	4107.52	-0.0209536	19.7654
2019-10-14.10:36:47	91.0438	4126.59	-0.108381	17.0637
2019-10-14.10:36:48	89.1317	4139.59	-0.1622	13.2975
2019-10-14.10:36:49	89.5448	4146.01	-0.166424	8.96255
2019-10-14.10:36:50	92.2512	4145.88	-0.118706	4.71909
2019-10-14.10:36:51	96.8543	4139.83	-0.0302958	1.23891
2019-10-14.10:36:52	102.693	4129.12	0.0697617	-1.00972
2019-10-14.10:36:53	108.991	4115.59	0.139629	-1.85187
2019-10-14.10:36:54	115.03	4101.4	0.153434	-1.48365
2019-10-14.10:36:55	120.281	4088.62	0.124369	-0.197431
2019-10-14.10:36:56	124.351	4079.18	0.105333	1.81789
2019-10-14.10:36:57	126.948	4074.78	0.12611	4.41125
2019-10-14.10:36:58	127.89	4076.65	0.155275	7.36699
2019-10-14.10:36:59	127.143	4085.25	0.147251	10.428
2019-10-14.10:37:00	124.819	4100.24	0.110199	13.3458
2019-10-14.10:37:01	121.154	4120.51	0.0869812	15.8913
2019-10-14.10:37:02	116.465	4144.52	0.0924318	17.9278
2019-10-14.10:37:03	111.119	4170.54	0.102548	19.3262
2019-10-14.10:37:04	105.537	4196.78	0.0880054	19.947
2019-10-14.10:37:05	100.215	4221.43	0.0439281	19.5571
2019-10-14.10:37:06	95.7407	4242.74	-0.0205278	17.9954
2019-10-14.10:37:07	92.6847	4259.34	-0.0850884	15.3477
2019-10-14.10:37:08	91.4852	4270.36	-0.127466	11.8819
2019-10-14.10:37:09	92.3412	4275.44	-0.130256	8.06542
2019-10-14.10:37:10	95.1435	4274.75	-0.0850645	4.47765
2019-10-14.10:37:11	99.4911	4269.02	-0.0013893	1.64968
2019-10-14.10:37:12	104.785	4259.51	0.0868513	-0.074578
2019-10-14.10:37:13	110.348	4247.99	0.137783	-0.583337
2019-10-14.10:37:14	115.584	4236.35	0.135385	-0.100944
2019-10-14.10:37:15	120.053	4226.37	0.106078	1.16798
2019-10-14.10:37:16	123.42	4219.7	0.0998811	3.05497
2019-10-14.10:37:17	125.454	4217.68	0.126592	5.40087
2019-10-14.10:37:18	126.018	4221.22	0.147316	8.03375
2019-10-14.10:37:19	125.105	4230.6	0.131377	10.7226
2019-10-14.10:37:20	122.832	4245.4	0.0977474	13.245
2019-10-14.10:37:21	119.419	4264.63	0.0828065	15.4284
2019-10-14.10:37:22	115.145	4286.97	0.0923097	17.1513
2019-10-14.10:37:23	110.347	4310.89	0.0984719	18.2759
2019-10-14.10:37:24	105.41	4334.84	0.0777145	18.6824
2019-10-14.10:37:25	100.792	4357.19	0.0321945	18.1582
2019-10-14.10:37:26	97.0112	4376.41	-0.0248761	16.6137
2019-10-14.10:37:27	94.5474	4391.32	-0.0735542	14.1614
2019-10-14.10:37:28	93.7457	4401.2	-0.0973187	11.0685
2019-10-14.10:37:29	94.7349	4405.78	-0.087834	7.75182
2019-10-14.10:37:30	97.3848	4405.29	-0.0457331	4.69605
2019-10-14.10:37:31	101.329	4400.45	0.0173339	2.32995
2019-10-14.10:37:32	106.04	4392.49	0.0788174	0.929031
2019-10-14.10:37:33	110.933	4382.99	0.116426	0.571808
2019-10-14.10:37:34	115.502	4373.61	0.121259	1.05313
2019-10-14.10:37:35	119.368	4365.9	0.106609	2.22149
2019-10-14.10:37:36	122.239	4361.24	0.102347	3.92967
2019-10-14.10:37:37	123.921	4360.75	0.116974	6.01448
2019-10-14.10:37:38	124.317	4365.1	0.128885	8.32311
2019-10-14.10:37:39	123.425	4374.48	0.119731	10.6685
2019-10-14.10:37:40	121.353	4388.51	0.0977081	12.8674
2019-10-14.10:37:41	118.286	4406.37	0.0848891	14.7822
2019-10-14.10:37:42	114.472	4426.93	0.0865315	16.2736
2019-10-14.10:37:43	110.215	4448.85	0.086302	17.2201
2019-10-14.10:37:44	105.866	4470.77	0.0689704	17.5203
2019-10-14.10:37:45	101.829	4491.26	0.0339286	16.9954
2019-10-14.10:37:46	98.5582	4508.96	-0.0125953	15.5848
2019-10-14.10:37:47	96.4611	4522.82	-0.0548544	13.4053
2019-10-14.10:37:48	95.8219	4532.2	-0.0759657	10.6993
2019-10-14.10:37:49	96.7381	4536.88	-0.066064	7.82421
2019-10-14.10:37:50	99.0898	4537.08	-0.0267992	5.18462
2019-10-14.10:37:51	102.56	4533.49	0.0276147	3.13752
2019-10-14.10:37:52	106.697	4527.19	0.0759056	1.91922
2019-10-14.10:37:53	110.993	4519.61	0.103177	1.59892
2019-10-14.10:37:54	115.013	4512.18	0.107403	2.00587
2019-10-14.10:37:55	118.421	4506.24	0.100231	3.02151
2019-10-14.10:37:56	120.957	4503	0.100929	4.52015
2019-10-14.10:37:57	122.446	4503.4	0.112264	6.35789
2019-10-14.10:37:58	122.803	4508.02	0.11863	8.38326
2019-10-14.10:37:59	122.03	4517.01	0.109519	10.4433
2019-10-14.10:38:00	120.215	4530.05	0.0936372	12.3892
2019-10-14.10:38:01	117.518	4546.48	0.0850569	14.0816
2019-10-14.10:38:02	114.159	4565.31	0.0842473	15.3948
2019-10-14.10:38:03	110.412	4585.38	0.0794123	16.2212
2019-10-14.10:38:04	106.586	4605.51	0.0621217	16.4753
2019-10-14.10:38:05	103.037	4624.43	0.0339878	16.0149
2019-10-14.10:38:06	100.159	4640.95	-0.0017979	14.7838
2019-10-14.10:38:07	98.3011	4654.1	-0.035282	12.8923
2019-10-14.10:38:08	97.7077	4663.31	-0.053422	10.5506
2019-10-14.10:38:09	98.4633	4668.37	-0.0470878	8.0601
2019-10-14.10:38:10	100.471	4669.47	-0.0162714	5.75917
2019-10-14.10:38:11	103.466	4667.2	0.0281051	3.9506
2019-10-14.10:38:12	107.064	4662.52	0.0688492	2.84444
2019-10-14.10:38:13	110.83	4656.68	0.0936422	2.5113
2019-10-14.10:38:14	114.382	4650.93	0.0996678	2.8155
2019-10-14.10:38:15	117.421	4646.44	0.0949706	3.66282
2019-10-14.10:38:16	119.712	4644.25	0.0953881	4.94798
2019-10-14.10:38:17	121.093	4645.21	0.104797	6.54605
2019-10-14.10:38:18	121.48	4649.82	0.111277	8.32278
2019-10-14.10:38:19	120.868	4658.23	0.10483	10.141
2019-10-14.10:38:20	119.331	4670.23	0.0908801	11.8664
2019-10-14.10:38:21	117.004	4685.23	0.0815317	13.3727
2019-10-14.10:38:22	114.082	4702.41	0.0792577	14.5466
2019-10-14.10:38:23	110.805	4720.79	0.075174	15.2923
2019-10-14.10:38:24	107.447	4739.3	0.0611265	15.5369
2019-10-14.10:38:25	104.312	4756.88	0.0376745	15.1764
2019-10-14.10:38:26	101.742	4772.44	0.0074926	14.1435
2019-10-14.10:38:27	100.043	4785.12	-0.0211774	12.5356
2019-10-14.10:38:28	99.4283	4794.36	-0.0366625	10.529
2019-10-14.10:38:29	99.9813	4799.94	-0.0313518	8.37521
2019-10-14.10:38:30	101.632	4802.01	-0.0063071	6.35757
2019-10-14.10:38:31	104.167	4801.06	0.0287366	4.73604
2019-10-14.10:38:32	107.265	4797.93	0.0608923	3.70088
2019-10-14.10:38:33	110.555	4793.68	0.0824209	3.32892
2019-10-14.10:38:34	113.7	4789.4	0.0913819	3.51785
2019-10-14.10:38:35	116.433	4786.11	0.0910702	4.19284
2019-10-14.10:38:36	118.538	4784.73	0.0916225	5.26832
2019-10-14.10:38:37	119.862	4786.01	0.0975936	6.63747
[State]	Cruise
2019-10-14.10:38:38	120.32	4790.43	0.102753	8.18246
2019-10-14.10:38:39	119.899	4798.17	0.0995102	9.78119
2019-10-14.10:38:40	118.652	4809.06	0.0893427	11.3129
2019-10-14.10:38:41	116.693	4822.66	0.0801027	12.6635
2019-10-14.10:38:42	114.189	4838.28	0.0753734	13.7305
2019-10-14.10:38:43	111.348	4855.08	0.0706528	14.4274
2019-10-14.10:38:44	108.409	4872.14	0.059816	14.6895
2019-10-14.10:38:45	105.629	4888.54	0.0420908	14.4498
2019-10-14.10:38:46	103.303	4903.32	0.0184204	13.6268
2019-10-14.10:38:47	101.701	4915.69	-0.0065257	12.2949
2019-10-14.10:38:48	101.017	4925.1	-0.0224063	10.5986
2019-10-14.10:38:49	101.339	4931.32	-0.0208055	8.74415
2019-10-14.10:38:50	102.627	4934.41	-0.001257	6.96844
2019-10-14.10:38:51	104.717	4934.79	0.0279196	5.49648
2019-10-14.10:38:52	107.346	4933.12	0.0551801	4.50269
2019-10-14.10:38:53	110.201	4930.33	0.0738637	4.07307
2019-10-14.10:38:54	112.986	4927.35	0.083057	4.13822
2019-10-14.10:38:55	115.46	4925.08	0.0849108	4.63842
2019-10-14.10:38:56	117.423	4924.33	0.0866433	5.50739
2019-10-14.10:38:57	118.729	4925.78	0.0918711	6.65615
2019-10-14.10:38:58	119.289	4929.89	0.0963519	7.98299
2019-10-14.10:38:59	119.078	4936.87	0.0943168	9.3802
2019-10-14.10:39:00	118.13	4946.63	0.0863669	10.7398
2019-10-14.10:39:01	116.536	4958.85	0.0782899	11.9587
2019-10-14.10:39:02	114.433	4972.97	0.0733305	12.9438
2019-10-14.10:39:03	111.999	4988.28	0.0686131	13.6161
2019-10-14.10:39:04	109.439	5004	0.0594383	13.9162
2019-10-14.10:39:05	106.973	5019.34	0.0450854	13.8021
2019-10-14.10:39:06	104.845	5033.47	0.0272102	13.1964
2019-10-14.10:39:07	103.298	5045.64	0.0072675	12.1327
2019-10-14.10:39:08	102.514	5055.33	-0.0080092	10.7274
2019-10-14.10:39:09	102.588	5062.25	-0.0107984	9.14572
2019-10-14.10:39:10	103.511	5066.41	0.0016724	7.58411
2019-10-14.10:39:11	105.167	5068.09	0.0245441	6.23761
2019-10-14.10:39:12	107.349	5067.84	0.0485196	5.26653
2019-10-14.10:39:13	109.798	5066.42	0.0665207	4.76654
2019-10-14.10:39:14	112.254	5064.63	0.0764443	4.70288
2019-10-14.10:39:15	114.5	5063.25	0.0789828	5.02714
2019-10-14.10:39:16	116.351	5063	0.0803826	5.69204
2019-10-14.10:39:17	117.664	5064.51	0.0851797	6.62631
2019-10-14.10:39:18	118.346	5068.23	0.0905388	7.74434
2019-10-14.10:39:19	118.359	5074.4	0.0904814	8.95264
2019-10-14.10:39:20	117.715	5083.02	0.0839907	10.1554
2019-10-14.10:39:21	116.481	5093.88	0.0760632	11.2598
2019-10-14.10:39:22	114.767	5106.54	0.0710036	12.1806
2019-10-14.10:39:23	112.719	5120.43	0.0673701	12.8451
2019-10-14.10:39:24	110.51	5134.89	0.0605319	13.1967
2019-10-14.10:39:25	108.329	5149.23	0.048649	13.2005
2019-10-14.10:39:26	106.376	5162.76	0.0342768	12.813
2019-10-14.10:39:27	104.861	5174.8	0.0187254	12.0125
2019-10-14.10:39:28	103.96	5184.81	0.0051304	10.885
2019-10-14.10:39:29	103.78	5192.48	-0.0007576	9.55998
2019-10-14.10:39:30	104.34	5197.72	0.0049989	8.19762
2019-10-14.10:39:31	105.569	5200.71	0.0210378	6.96539
2019-10-14.10:39:32	107.317	5201.85	0.0411529	6.00968
2019-10-14.10:39:33	109.374	5201.73	0.058608	5.43342
2019-10-14.10:39:34	111.518	5201.07	0.0698917	5.23943
2019-10-14.10:39:35	113.551	5200.51	0.0736488	5.38797
2019-10-14.10:39:36	115.305	5200.7	0.0744768	5.85036
2019-10-14.10:39:37	116.638	5202.22	0.0781079	6.5732
2019-10-14.10:39:38	117.452	5205.51	0.0840376	7.48718
2019-10-14.10:39:39	117.693	5210.86	0.0865152	8.51313
2019-10-14.10:39:40	117.355	5218.34	0.08229	9.56737
2019-10-14.10:39:41	116.479	5227.85	0.0746735	10.5667
2019-10-14.10:39:42	115.145	5239.07	0.0689731	11.4334
2019-10-14.10:39:43	113.47	5251.57	0.0659503	12.099
2019-10-14.10:39:44	111.596	5264.81	0.0615898	12.5092
2019-10-14.10:39:45	109.684	5278.18	0.052571	12.627
2019-10-14.10:39:46	107.9	5291.11	0.0403337	12.4345
2019-10-14.10:39:47	106.378	5303.03	-2.60578	11.8735
2019-10-14.10:39:48	104.914	5313.72	-11.1692	11.2125
2019-10-14.10:39:49	103.575	5322.5	-19.6575	10.5633
2019-10-14.10:39:50	102.877	5327.99	-28.4952	8.56579
2019-10-14.10:39:51	103.594	5328.25	-30.1333	4.51497
2019-10-14.10:39:52	106.177	5322.71	-30.1584	-0.467241
2019-10-14.10:39:53	110.409	5311.4	-30.1432	-4.15732
2019-10-14.10:39:54	115.612	5295.26	-30.1242	-5.61233
2019-10-14.10:39:55	121.04	5276.15	-30.1047	-5.48684
2019-10-14.10:39:56	126.001	5256.43	-30.0997	-4.86135
2019-10-14.10:39:57	130.172	5238.16	-30.1102	-4.08068
2019-10-14.10:39:58	133.341	5222.95	-30.1244	-2.67644
2019-10-14.10:39:59	135.262	5212.11	-30.1344	-0.402372
2019-10-14.10:40:00	135.756	5206.65	-30.1455	2.27103
2019-10-14.10:40:01	134.86	5207.01	-30.162	4.74849
2019-10-14.10:40:02	132.782	5212.82	-30.178	6.87151
2019-10-14.10:40:03	129.775	5223.1	-30.1884	8.71414
2019-10-14.10:40:04	126.113	5236.55	-30.1947	10.197
2019-10-14.10:40:05	122.121	5251.7	-29.9387	11.0948
2019-10-14.10:40:06	118.094	5267.4	-24.0054	11.4671
2019-10-14.10:40:07	114.077	5283.56	-18.1248	11.8207
2019-10-14.10:40:08	109.945	5300.02	-12.1401	12.4976
2019-10-14.10:40:09	105.812	5316.39	-5.79386	13.1048
2019-10-14.10:40:10	101.924	5331.94	-4.62602	13.082
2019-10-14.10:40:11	98.7049	5345.6	-4.67383	12.2418
2019-10-14.10:40:12	96.4129	5356.34	-4.29399	10.6902
2019-10-14.10:40:13	95.2912	5363.57	-2.86155	8.53128
2019-10-14.10:40:14	95.5133	5366.96	-0.936507	6.05286
2019-10-14.10:40:15	96.9537	5366.42	0.296628	3.73884
2019-10-14.10:40:16	99.4083	5362.37	0.102734	1.80746
2019-10-14.10:40:17	102.596	5355.65	-1.02051	0.484831
2019-10-14.10:40:18	106.038	5347.34	-1.6682	-0.0542314
2019-10-14.10:40:19	109.294	5338.75	-0.935266	0.0700901
2019-10-14.10:40:20	112.117	5331.1	0.5111	0.761332
2019-10-14.10:40:21	114.125	5325.45	1.14984	2.07948
2019-10-14.10:40:22	115.177	5322.83	0.418319	3.74264
2019-10-14.10:40:23	115.278	5323.79	-0.637217	5.55881
2019-10-14.10:40:24	114.369	5328.38	-0.699068	7.3807
2019-10-14.10:40:25	112.643	5336.2	0.244293	8.92549
2019-10-14.10:40:26	110.269	5346.42	1.03789	10.1731
2019-10-14.10:40:27	107.496	5358.06	0.81409	10.9858
2019-10-14.10:40:28	104.687	5370.13	-0.119174	11.2379
2019-10-14.10:40:29	102.134	5381.58	-0.757925	10.9333
2019-10-14.10:40:30	100.073	5391.48	-0.473733	10.0667
2019-10-14.10:40:31	98.8035	5399.1	0.428541	8.6728
2019-10-14.10:40:32	98.4223	5403.92	1.07542	7.03904
2019-10-14.10:40:33	98.9504	5405.82	0.853905	5.35049
2019-10-14.10:40:34	100.336	5405.01	-0.0249659	3.80024
2019-10-14.10:40:35	102.365	5401.96	-0.695693	2.61077
2019-10-14.10:40:36	104.722	5397.35	-0.462534	1.87851
2019-10-14.10:40:37	107.191	5391.99	0.445362	1.59171
2019-10-14.10:40:38	109.44	5386.74	1.06585	1.86777
2019-10-14.10:40:39	111.225	5382.52	0.753934	2.60513
2019-10-14.10:40:40	112.429	5380.17	-0.0806334	3.66388
2019-10-14.10:40:41	112.928	5380.2	-0.458572	4.93793
2019-10-14.10:40:42	112.686	5382.83	0.0129241	6.24773
2019-10-14.10:40:43	111.776	5387.9	0.720762	7.48058
2019-10-14.10:40:44	110.275	5395.03	0.83769	8.56557
2019-10-14.10:40:45	108.397	5403.68	0.265808	9.34819
2019-10-14.10:40:46	106.383	5413.11	-0.341067	9.74964
2019-10-14.10:40:47	104.405	5422.53	-0.348425	9.74746
2019-10-14.10:40:48	102.715	5431.2	0.213668	9.28647
2019-10-14.10:40:49	101.478	5438.45	0.74662	8.48231
2019-10-14.10:40:50	100.82	5443.86	0.715371	7.43472
2019-10-14.10:40:51	100.831	5447.21	0.154167	6.24898
2019-10-14.10:40:52	101.501	5448.53	-0.381501	5.07856
2019-10-14.10:40:53	102.685	5448.02	-0.352104	4.07696
2019-10-14.10:40:54	104.265	5446.07	0.221882	3.30035
2019-10-14.10:40:55	106.022	5443.17	0.758446	2.89268
2019-10-14.10:40:56	107.732	5439.99	0.71318	2.88446
2019-10-14.10:40:57	109.239	5437.24	0.167234	3.22253
2019-10-14.10:40:58	110.4	5435.53	-0.256072	3.84667
2019-10-14.10:40:59	111.071	5435.32	-0.0935271	4.67811
2019-10-14.10:41:00	111.223	5436.87	0.435716	5.59843
2019-10-14.10:41:01	110.824	5440.23	0.712283	6.56394
2019-10-14.10:41:02	109.953	5445.29	0.440712	7.44609
2019-10-14.10:41:03	108.75	5451.72	-0.0506313	8.14211
2019-10-14.10:41:04	107.347	5459.03	-0.222242	8.58811
2019-10-14.10:41:05	105.892	5466.68	0.0831869	8.72918
2019-10-14.10:41:06	104.54	5474.06	0.51152	8.57176
2019-10-14.10:41:07	103.428	5480.68	0.607295	8.15244
2019-10-14.10:41:08	102.698	5486.16	0.276884	7.5028
2019-10-14.10:41:09	102.441	5490.25	-0.14135	6.69558
2019-10-14.10:41:10	102.652	5492.85	-0.226678	5.84051
2019-10-14.10:41:11	103.3	5494	0.106441	5.01637
[State]	Descent
2019-10-14.10:41:12	104.287	5493.88	0.521039	4.34561
2019-10-14.10:41:13	105.474	5492.85	0.601182	3.9158
2019-10-14.10:41:14	106.736	5491.37	0.282107	3.74526
2019-10-14.10:41:15	107.947	5489.93	-0.078471	3.83023
2019-10-14.10:41:16	108.96	5488.98	-0.086564	4.15128
2019-10-14.10:41:17	109.673	5488.91	0.254238	4.65102
2019-10-14.10:41:18	109.999	5489.99	0.554034	5.2984
2019-10-14.10:41:19	109.922	5492.38	0.485893	6.01039
2019-10-14.10:41:20	109.488	5496.09	0.144304	6.69497
2019-10-14.10:41:21	108.769	5500.94	-0.0853611	7.27505
2019-10-14.10:41:22	107.84	5506.64	0.0335154	7.69453
2019-10-14.10:41:23	106.795	5512.8	0.347237	7.92187
2019-10-14.10:41:24	105.744	5519.01	0.5063	7.94796
2019-10-14.10:41:25	104.816	5524.91	0.344274	7.76295
2019-10-14.10:41:26	104.127	5530.16	0.0348394	7.38234
2019-10-14.10:41:27	103.782	5534.49	2.12918	6.86106
2019-10-14.10:41:28	104.022	5537.48	9.33758	6.40697
2019-10-14.10:41:29	105.062	5538.28	16.2553	6.09882
2019-10-14.10:41:30	107.112	5536.09	23.3084	5.09492
2019-10-14.10:41:31	110.497	5529.87	30.4248	2.77957
2019-10-14.10:41:32	115.103	5519.08	30.0944	-0.580326
2019-10-14.10:41:33	120.638	5504.39	30.097	-3.04646
2019-10-14.10:41:34	126.585	5486.83	30.0885	-3.66877
2019-10-14.10:41:35	132.277	5468.16	30.0789	-2.79382
2019-10-14.10:41:36	137.175	5450.7	30.0835	-1.47236
2019-10-14.10:41:37	141.006	5436.57	30.1001	-0.0108259
2019-10-14.10:41:38	143.595	5427.34	30.1145	2.00531
2019-10-14.10:41:39	144.76	5424.08	30.1244	4.6751
2019-10-14.10:41:40	144.414	5427.36	30.1382	7.49169
2019-10-14.10:41:41	142.661	5437.15	30.1556	10.0264
2019-10-14.10:41:42	139.715	5452.69	30.1681	12.253
2019-10-14.10:41:43	135.815	5472.73	30.1745	14.188
2019-10-14.10:41:44	131.242	5495.67	30.1787	15.6451
2019-10-14.10:41:45	126.361	5519.79	30.1812	16.4024
2019-10-14.10:41:46	121.574	5543.37	30.1793	16.3686
2019-10-14.10:41:47	117.234	5565.11	24.5719	15.7149
2019-10-14.10:41:48	113.394	5585.23	17.8915	15.0914
2019-10-14.10:41:49	109.87	5604.03	11.1279	14.903
2019-10-14.10:41:50	106.649	5621.5	8.99969	14.671
2019-10-14.10:41:51	104.062	5636.89	8.30241	13.8195
2019-10-14.10:41:52	102.278	5649.31	7.24652	12.3774
2019-10-14.10:41:53	101.531	5658.35	5.02948	10.391
2019-10-14.10:41:54	101.954	5663.89	2.46175	8.27332
2019-10-14.10:41:55	103.353	5666.1	1.06356	6.4467
2019-10-14.10:41:56	105.584	5665.46	1.45981	4.88649
2019-10-14.10:41:57	108.457	5662.57	2.56855	3.78457
2019-10-14.10:41:58	111.523	5658.29	2.64775	3.34637
2019-10-14.10:41:59	114.533	5653.74	1.24208	3.3822
2019-10-14.10:42:00	117.278	5649.96	-0.25089	3.9092
2019-10-14.10:42:01	119.423	5647.83	-0.278112	4.86188
2019-10-14.10:42:02	120.921	5648.05	0.856847	6.0019
2019-10-14.10:42:03	121.593	5651	1.43153	7.40641
2019-10-14.10:42:04	121.432	5657.03	0.636456	8.90627
2019-10-14.10:42:05	120.546	5666.18	-0.463693	10.3674
2019-10-14.10:42:06	118.928	5678.1	-0.505916	11.7068
2019-10-14.10:42:07	116.775	5692.18	0.396571	12.7332
2019-10-14.10:42:08	114.212	5707.57	0.984956	13.4932
2019-10-14.10:42:09	111.465	5723.52	0.530897	13.8938
2019-10-14.10:42:10	108.818	5739.26	-0.403103	13.8659
2019-10-14.10:42:11	106.463	5753.94	-0.769423	13.3796
2019-10-14.10:42:12	104.651	5766.76	-0.221269	12.3475
2019-10-14.10:42:13	103.615	5777.02	0.605692	10.9103
2019-10-14.10:42:14	103.43	5784.34	0.826637	9.29564
2019-10-14.10:42:15	104.153	5788.71	0.208564	7.64241
2019-10-14.10:42:16	105.726	5790.38	-0.599459	6.15972
2019-10-14.10:42:17	107.892	5789.82	-0.724021	5.04936
2019-10-14.10:42:18	110.432	5787.78	-0.0214031	4.33974
2019-10-14.10:42:19	113.063	5784.99	0.712154	4.09522
2019-10-14.10:42:20	115.523	5782.27	0.642645	4.31153
2019-10-14.10:42:21	117.656	5780.49	-0.0878652	4.90275
2019-10-14.10:42:22	119.306	5780.39	-0.534948	5.79325
2019-10-14.10:42:23	120.321	5782.47	-0.163227	6.88444
2019-10-14.10:42:24	120.641	5787.05	0.481353	8.09584
2019-10-14.10:42:25	120.227	5794.24	0.551253	9.3853
2019-10-14.10:42:26	119.17	5803.97	0.0107894	10.6137
2019-10-14.10:42:27	117.592	5815.89	-0.406031	11.6715
2019-10-14.10:42:28	115.592	5829.41	-0.198567	12.4798
2019-10-14.10:42:29	113.334	5843.85	0.320528	12.9781
2019-10-14.10:42:30	110.984	5858.46	0.501743	13.1631
2019-10-14.10:42:31	108.765	5872.6	0.14557	12.9883
2019-10-14.10:42:32	106.908	5885.59	-0.334617	12.4004
2019-10-14.10:42:33	105.594	5896.77	-0.42541	11.4175
2019-10-14.10:42:34	104.971	5905.68	-0.0518874	10.1296
2019-10-14.10:42:35	105.096	5912.04	0.37555	8.72243
2019-10-14.10:42:36	105.946	5915.91	0.405979	7.36726
2019-10-14.10:42:37	107.439	5917.56	0.019401	6.20687
2019-10-14.10:42:38	109.414	5917.53	-0.345569	5.36621
2019-10-14.10:42:39	111.627	5916.44	-0.268483	4.90637
2019-10-14.10:42:40	113.868	5914.94	0.160398	4.78568
2019-10-14.10:42:41	115.919	5913.7	0.435064	5.03931
2019-10-14.10:42:42	117.625	5913.42	0.247843	5.61662
2019-10-14.10:42:43	118.882	5914.7	-0.13231	6.43571
2019-10-14.10:42:44	119.607	5917.95	-0.21596	7.4095
2019-10-14.10:42:45	119.731	5923.38	0.0757597	8.46739
2019-10-14.10:42:46	119.241	5931.03	0.340471	9.55083
2019-10-14.10:42:47	118.195	5940.74	0.245374	10.5733
2019-10-14.10:42:48	116.711	5952.21	-0.0643723	11.4395
2019-10-14.10:42:49	114.921	5964.93	-0.197813	12.0718
2019-10-14.10:42:50	112.961	5978.29	-0.0160035	12.4225
2019-10-14.10:42:51	110.981	5991.66	0.23665	12.4772
2019-10-14.10:42:52	109.15	6004.45	0.256237	12.2308
2019-10-14.10:42:53	107.649	6016.14	0.0220876	11.6604
2019-10-14.10:42:54	106.649	6026.19	-0.211218	10.7708
2019-10-14.10:42:55	106.259	6034.26	-0.201282	9.66162
2019-10-14.10:42:56	106.508	6040.17	0.0321174	8.46944
2019-10-14.10:42:57	107.356	6043.97	0.236895	7.34591
2019-10-14.10:42:58	108.703	6045.97	0.200024	6.41832
2019-10-14.10:42:59	110.407	6046.64	-0.0203636	5.77622
2019-10-14.10:43:00	112.296	6046.5	-0.159297	5.42577
2019-10-14.10:43:01	114.195	6046.12	-0.0516918	5.36573
2019-10-14.10:43:02	115.927	6046.04	0.172862	5.60163
2019-10-14.10:43:03	117.349	6046.84	0.247345	6.10887
2019-10-14.10:43:04	118.361	6048.99	0.0982632	6.8273
2019-10-14.10:43:05	118.906	6052.86	-0.0700955	7.68122
2019-10-14.10:43:06	118.947	6058.61	-0.0467259	8.59636
2019-10-14.10:43:07	118.481	6066.23	0.121364	9.50945
2019-10-14.10:43:08	117.549	6075.58	0.210057	10.3586
2019-10-14.10:43:09	116.242	6086.35	0.112149	11.0738
2019-10-14.10:43:10	114.683	6098.13	-0.0447798	11.5902
2019-10-14.10:43:11	113.003	6110.42	-0.07629	11.8617
2019-10-14.10:43:12	111.336	6122.68	0.0382047	11.8682
2019-10-14.10:43:13	109.82	6134.39	0.150549	11.614
2019-10-14.10:43:14	108.587	6145.12	0.126403	11.1115
2019-10-14.10:43:15	107.771	6154.46	-0.0104633	10.3609
2019-10-14.10:43:16	107.465	6162.11	-0.114513	9.43738
2019-10-14.10:43:17	107.7	6167.96	-0.0767127	8.44805
2019-10-14.10:43:18	108.438	6172.05	0.0605038	7.51333
2019-10-14.10:43:19	109.586	6174.64	0.151259	6.74403
2019-10-14.10:43:20	111.02	6176.1	0.10628	6.20413
2019-10-14.10:43:21	112.61	6176.88	-0.0096102	5.89914
2019-10-14.10:43:22	114.216	6177.44	-0.0524432	5.84134
2019-10-14.10:43:23	115.698	6178.25	0.0314894	6.02719
2019-10-14.10:43:24	116.929	6179.79	0.141321	6.43822
2019-10-14.10:43:25	117.812	6182.45	0.148006	7.03433
2019-10-14.10:43:26	118.293	6186.54	0.0544285	7.75628
2019-10-14.10:43:27	118.346	6192.22	-0.0153504	8.53789
2019-10-14.10:43:28	117.973	6199.5	0.0217777	9.31654
2019-10-14.10:43:29	117.208	6208.24	0.108782	10.0366
2019-10-14.10:43:30	116.118	6218.21	0.131319	10.6451
2019-10-14.10:43:31	114.803	6229.05	0.0617489	11.0907
2019-10-14.10:43:32	113.378	6240.34	-0.0168358	11.3331
2019-10-14.10:43:33	111.964	6251.65	-0.018762	11.3498
2019-10-14.10:43:34	110.677	6262.53	0.04657	11.1409
2019-10-14.10:43:35	109.626	6272.6	0.0949623	10.7262
2019-10-14.10:43:36	108.905	6281.54	0.0672428	10.1306
2019-10-14.10:43:37	108.593	6289.11	-0.0086137	9.38726
2019-10-14.10:43:38	108.724	6295.18	-0.0508534	8.57942
2019-10-14.10:43:39	109.28	6299.79	-0.0131016	7.80046
2019-10-14.10:43:40	110.19	6303.12	0.0654285	7.13942
2019-10-14.10:43:41	111.358	6305.43	0.102946	6.64031
2019-10-14.10:43:42	112.679	6307.07	0.0656283	6.33319
2019-10-14.10:43:43	114.042	6308.44	0.0066489	6.23493
2019-10-14.10:43:44	115.329	6309.94	0.0024578	6.34414
2019-10-14.10:43:45	116.432	6311.96	0.0606298	6.646
2019-10-14.10:43:46	117.261	6314.86	0.112122	7.11224
2019-10-14.10:43:47	117.756	6318.91	0.0983399	7.69972
2019-10-14.10:43:48	117.89	6324.27	0.0425136	8.35468
2019-10-14.10:43:49	117.66	6330.99	0.015906	9.02102
2019-10-14.10:43:50	117.092	6339	0.0468715	9.64675
2019-10-14.10:43:51	116.234	6348.09	0.090096	10.1856
2019-10-14.10:43:52	115.163	6357.99	0.0881826	10.596
2019-10-14.10:43:53	113.973	6368.38	0.0412881	10.8429
2019-10-14.10:43:54	112.767	6378.87	0.0015578	10.9034
