DateTime	AltitudeTape:altitude	AirspeedTape:airspeed	HeadingIndicator:heading	AttitudeIndicator:roll
[State]	Standing
2019-10-11.16:57:52	0.474726	1654.61	-0.0010306	0.0033878
[State]	Taxiing
2019-10-11.16:57:53	0.175658	1654.71	-0.0152726	0.389678
2019-10-11.16:57:54	0.0662854	1654.78	-0.033674	0.0949318
2019-10-11.16:57:55	0.698306	1654.79	-0.062362	-0.129599
2019-10-11.16:57:56	3.54694	1654.79	-0.158087	0.0805028
2019-10-11.16:57:57	7.30281	1654.79	-0.182769	0.219671
2019-10-11.16:57:58	11.2157	1654.79	-0.212237	0.276934
2019-10-11.16:57:59	15.0875	1654.79	-0.369075	0.324737
2019-10-11.16:58:00	18.884	1654.79	-0.690492	0.440588
2019-10-11.16:58:01	22.6242	1654.79	-1.06152	0.539567
2019-10-11.16:58:02	26.2937	1654.79	-1.40988	0.607037
2019-10-11.16:58:03	29.8897	1654.8	-1.66013	0.633026
2019-10-11.16:58:04	33.405	1654.8	-1.8193	0.653699
2019-10-11.16:58:05	36.7909	1654.8	-1.9744	0.693211
2019-10-11.16:58:06	40.0471	1654.81	-2.09106	0.730194
2019-10-11.16:58:07	43.1915	1654.81	-2.15294	0.765275
2019-10-11.16:58:08	46.2522	1654.81	-2.16866	0.809905
2019-10-11.16:58:09	49.2599	1654.82	-2.13267	0.862821
2019-10-11.16:58:10	52.2419	1654.82	-2.04156	0.926599
2019-10-11.16:58:11	55.217	1654.82	-1.91885	0.988422
2019-10-11.16:58:12	58.1987	1654.83	-1.77226	1.05003
2019-10-11.16:58:13	61.1963	1654.83	-1.60678	1.11247
2019-10-11.16:58:14	64.2166	1654.84	-1.42539	1.17625
2019-10-11.16:58:15	67.2645	1654.85	-1.2301	1.2414
2019-10-11.16:58:16	70.3439	1654.85	-1.02252	1.30779
2019-10-11.16:58:17	73.4572	1654.86	-0.804045	1.37524
2019-10-11.16:58:18	76.6058	1654.87	-0.575996	1.44347
2019-10-11.16:58:19	79.79	1654.87	-0.339727	1.51221
[State]	TakeOff
2019-10-11.16:58:20	83.0186	1654.88	-0.174454	1.57435
2019-10-11.16:58:21	86.3299	1654.89	-0.101374	1.77191
2019-10-11.16:58:22	89.6495	1654.98	0.031036	5.36581
2019-10-11.16:58:23	91.3832	1657.55	0.025997	13.2916
2019-10-11.16:58:24	90.9035	1665.73	0.0433404	11.5126
2019-10-11.16:58:25	90.4795	1673.38	0.0652229	11.4264
2019-10-11.16:58:26	90.2411	1680.12	0.077898	11.2169
2019-10-11.16:58:27	90.0065	1686.51	0.0735879	11.525
2019-10-11.16:58:28	89.7359	1692.98	0.0607521	11.5056
2019-10-11.16:58:29	89.5159	1699.31	0.0509847	11.4223
2019-10-11.16:58:30	89.2849	1705.47	0.0494637	11.5168
2019-10-11.16:58:31	89.0374	1711.6	0.0547576	11.5341
2019-10-11.16:58:32	88.8115	1717.66	0.0605481	11.5753
2019-10-11.16:58:33	88.615	1723.67	0.0623114	11.5911
2019-10-11.16:58:34	88.4444	1729.62	0.0596969	11.6051
2019-10-11.16:58:35	88.2833	1735.5	0.0555635	11.6176
2019-10-11.16:58:36	88.1216	1741.32	0.0529532	11.6352
2019-10-11.16:58:37	87.9579	1747.09	0.0529353	11.6554
2019-10-11.16:58:38	87.7986	1752.81	0.0544608	11.6753
[State]	Climb
2019-10-11.16:58:39	87.6504	1758.48	0.055738	11.6917
2019-10-11.16:58:40	87.5179	1764.1	0.0557028	11.7029
2019-10-11.16:58:41	87.4022	1769.67	0.0545175	11.7123
2019-10-11.16:58:42	87.2992	1775.18	0.0530905	11.7225
2019-10-11.16:58:43	87.2053	1780.63	0.0522404	11.7323
2019-10-11.16:58:44	87.1198	1786.04	0.0521546	11.742
2019-10-11.16:58:45	87.0438	1791.41	0.0524555	11.7501
2019-10-11.16:58:46	86.9782	1796.73	0.0526261	11.7563
2019-10-11.16:58:47	86.9226	1802.03	0.0524032	11.7605
2019-10-11.16:58:48	86.8754	1807.28	0.0518789	11.7634
2019-10-11.16:58:49	86.8347	1812.51	0.0513302	11.7656
2019-10-11.16:58:50	86.7993	1817.72	0.0509749	11.7675
2019-10-11.16:58:51	86.7687	1822.9	0.0508418	11.769
2019-10-11.16:58:52	86.743	1828.06	0.0508069	11.7697
2019-10-11.16:58:53	86.7223	1833.2	0.0507226	11.7696
2019-10-11.16:58:54	86.706	1838.32	0.0505239	11.7687
2019-10-11.16:58:55	86.6936	1843.43	0.0502471	11.7673
2019-10-11.16:58:56	86.6843	1848.52	0.0499745	11.7655
2019-10-11.16:58:57	86.6776	1853.6	0.0497647	11.7635
2019-10-11.16:58:58	86.6734	1858.67	0.0496202	11.7613
2019-10-11.16:58:59	86.6716	1863.73	0.0495015	11.7587
2019-10-11.16:59:00	86.6719	1868.78	0.0493666	11.7557
2019-10-11.16:59:01	86.6743	1873.83	0.0491994	11.7524
2019-10-11.16:59:02	86.6784	1878.86	0.0490127	11.7489
2019-10-11.16:59:03	86.684	1883.89	0.0488308	11.7453
2019-10-11.16:59:04	86.6909	1888.91	0.0486694	11.7415
2019-10-11.16:59:05	86.6989	1893.93	0.0485274	11.7375
2019-10-11.16:59:06	86.708	1898.94	0.048392	11.7338
2019-10-11.16:59:07	86.7178	1903.95	0.04825	11.7306
2019-10-11.16:59:08	86.7279	1908.96	0.0480972	11.7283
2019-10-11.16:59:09	86.7378	1913.96	0.0479381	11.7269
2019-10-11.16:59:10	86.7469	1918.97	0.0477804	11.7264
2019-10-11.16:59:11	86.7549	1923.97	0.0476284	11.7264
2019-10-11.16:59:12	86.7619	1928.98	0.0474815	11.7266
2019-10-11.16:59:13	86.7678	1933.99	0.0473357	11.7266
2019-10-11.16:59:14	86.773	1939	0.0471876	11.7261
2019-10-11.16:59:15	86.778	1944.01	0.0470367	11.7247
2019-10-11.16:59:16	86.7832	1949.01	0.0468848	11.7224
2019-10-11.16:59:17	86.789	1954.01	0.0467344	11.7194
2019-10-11.16:59:18	86.7957	1959.01	0.0465868	11.7158
2019-10-11.16:59:19	86.8035	1964	0.0464418	11.712
2019-10-11.16:59:20	86.8122	1968.99	0.0462979	11.7083
2019-10-11.16:59:21	86.8217	1973.98	0.046154	11.7052
2019-10-11.16:59:22	86.8315	1978.96	0.0460098	11.7028
2019-10-11.16:59:23	86.8411	1983.94	0.0458654	11.7012
2019-10-11.16:59:24	86.8501	1988.92	0.0457214	11.7005
2019-10-11.16:59:25	86.8583	1993.9	0.0455778	11.7002
2019-10-11.16:59:26	86.8655	1998.88	0.0454345	11.7002
2019-10-11.16:59:27	86.8717	2003.86	0.0452913	11.7001
2019-10-11.16:59:28	86.8772	2008.84	0.0451479	11.6995
2019-10-11.16:59:29	86.8824	2013.82	0.0450047	11.6983
2019-10-11.16:59:30	86.8877	2018.8	0.0448619	11.6962
2019-10-11.16:59:31	86.8935	2023.78	0.0447201	11.6934
2019-10-11.16:59:32	86.9001	2028.75	0.0445794	11.6901
2019-10-11.16:59:33	86.9077	2033.72	0.0444398	11.6865
2019-10-11.16:59:34	86.9161	2038.69	0.0443011	11.683
2019-10-11.16:59:35	86.9252	2043.65	0.0441631	11.6799
2019-10-11.16:59:36	86.9347	2048.6	0.0440256	11.6774
2019-10-11.16:59:37	86.9441	2053.56	0.0438884	11.6757
2019-10-11.16:59:38	86.9531	2058.51	0.0437514	11.6747
2019-10-11.16:59:39	86.9613	2063.47	0.0436145	11.6742
2019-10-11.16:59:40	86.9687	2068.42	0.0434775	11.674
2019-10-11.16:59:41	86.9752	2073.38	0.0433405	11.6738
2019-10-11.16:59:42	86.9809	2078.34	0.0432036	11.6732
2019-10-11.16:59:43	86.9864	2083.29	0.043067	11.672
2019-10-11.16:59:44	86.9918	2088.25	0.042931	11.6701
2019-10-11.16:59:45	86.9976	2093.2	0.0427957	11.6676
2019-10-11.16:59:46	87.0041	2098.14	0.0426612	11.6645
2019-10-11.16:59:47	87.0114	2103.09	0.0425277	11.6611
2019-10-11.16:59:48	87.0196	2108.03	0.0423951	11.6578
2019-10-11.16:59:49	87.0284	2112.96	0.0422632	11.6547
2019-10-11.16:59:50	87.0376	2117.9	0.0421319	11.6522
2019-10-11.16:59:51	87.0468	2122.83	0.0420009	11.6503
2019-10-11.16:59:52	87.0557	2127.76	0.0418702	11.6491
2019-10-11.16:59:53	87.064	2132.69	0.0417395	11.6484
2019-10-11.16:59:54	87.0715	2137.62	0.0416088	11.648
2019-10-11.16:59:55	87.0782	2142.55	0.0414781	11.6477
2019-10-11.16:59:56	87.0842	2147.48	0.0413475	11.647
2019-10-11.16:59:57	87.0898	2152.41	0.0412172	11.6459
2019-10-11.16:59:58	87.0954	2157.34	0.0410874	11.6442
2019-10-11.16:59:59	87.1013	2162.26	0.0409582	11.6419
2019-10-11.17:00:00	87.1077	2167.18	0.0408298	11.639
2019-10-11.17:00:01	87.1148	2172.1	0.0407022	11.6359
2019-10-11.17:00:02	87.1227	2177.02	0.0405754	11.6327
2019-10-11.17:00:03	87.1312	2181.93	0.0404494	11.6297
2019-10-11.17:00:04	87.1401	2186.84	0.0403239	11.6271
2019-10-11.17:00:05	87.1491	2191.74	0.0401989	11.6251
2019-10-11.17:00:06	87.1579	2196.65	0.0400741	11.6237
2019-10-11.17:00:07	87.1662	2201.55	0.0399493	11.6228
2019-10-11.17:00:08	87.1738	2206.46	0.0398246	11.6223
2019-10-11.17:00:09	87.1807	2211.36	0.0397	11.6218
2019-10-11.17:00:10	87.187	2216.27	0.0395754	11.6211
2019-10-11.17:00:11	87.1928	2221.17	0.0394511	11.62
2019-10-11.17:00:12	87.1986	2226.07	0.0393271	11.6185
2019-10-11.17:00:13	87.2045	2230.97	0.0392038	11.6163
2019-10-11.17:00:14	87.2108	2235.87	0.0390811	11.6137
2019-10-11.17:00:15	87.2178	2240.77	0.0389592	11.6107
2019-10-11.17:00:16	87.2254	2245.66	0.0388381	11.6076
2019-10-11.17:00:17	87.2337	2250.54	0.0387176	11.6047
2019-10-11.17:00:18	87.2423	2255.43	0.0385978	11.6021
2019-10-11.17:00:19	87.2511	2260.31	0.0384783	11.6001
2019-10-11.17:00:20	87.2598	2265.19	0.0383591	11.5985
2019-10-11.17:00:21	87.2681	2270.07	0.0382401	11.5974
2019-10-11.17:00:22	87.2758	2274.95	0.0381211	11.5967
2019-10-11.17:00:23	87.2829	2279.83	0.0380022	11.5961
2019-10-11.17:00:24	87.2893	2284.71	0.0378834	11.5954
2019-10-11.17:00:25	87.2954	2289.59	0.0377647	11.5943
2019-10-11.17:00:26	87.3012	2294.46	0.0376464	11.5928
2019-10-11.17:00:27	87.3072	2299.34	0.0375287	11.5909
2019-10-11.17:00:28	87.3135	2304.21	0.0374115	11.5884
2019-10-11.17:00:29	87.3203	2309.08	0.037295	11.5856
2019-10-11.17:00:30	87.3278	2313.95	0.0371793	11.5827
2019-10-11.17:00:31	87.3358	2318.81	0.0370642	11.5799
2019-10-11.17:00:32	87.3442	2323.67	0.0369496	11.5773
2019-10-11.17:00:33	87.3528	2328.53	0.0368356	11.5752
2019-10-11.17:00:34	87.3613	2333.38	0.0367218	11.5735
2019-10-11.17:00:35	87.3696	2338.24	0.0366081	11.5722
2019-10-11.17:00:36	87.3774	2343.09	0.0364946	11.5713
2019-10-11.17:00:37	87.3846	2347.95	0.0363811	11.5706
2019-10-11.17:00:38	87.3912	2352.8	0.0362678	11.5698
2019-10-11.17:00:39	87.3974	2357.65	0.0361546	11.5688
2019-10-11.17:00:40	87.4035	2362.5	0.0360417	11.5674
2019-10-11.17:00:41	87.4095	2367.35	0.0359292	11.5655
2019-10-11.17:00:42	87.4158	2372.2	0.0358173	11.5633
2019-10-11.17:00:43	87.4225	2377.05	0.035706	11.5607
2019-10-11.17:00:44	87.4297	2381.89	0.0355954	11.5579
2019-10-11.17:00:45	87.4375	2386.73	0.0354854	11.5552
2019-10-11.17:00:46	87.4457	2391.56	0.035376	11.5526
2019-10-11.17:00:47	87.4541	2396.4	0.035267	11.5504
2019-10-11.17:00:48	87.4625	2401.23	0.0351584	11.5486
2019-10-11.17:00:49	87.4707	2406.06	0.0350499	11.5472
2019-10-11.17:00:50	87.4785	2410.89	0.0349415	11.5462
2019-10-11.17:00:51	87.4859	2415.72	0.0348333	11.5453
2019-10-11.17:00:52	87.4927	2420.54	0.0347251	11.5445
2019-10-11.17:00:53	87.4991	2425.37	0.0346171	11.5434
2019-10-11.17:00:54	87.5052	2430.2	0.0345094	11.5421
2019-10-11.17:00:55	87.5113	2435.02	0.034402	11.5404
2019-10-11.17:00:56	87.5176	2439.85	0.0342951	11.5383
2019-10-11.17:00:57	87.5242	2444.67	0.0341888	11.5358
2019-10-11.17:00:58	87.5313	2449.48	0.0340831	11.5332
2019-10-11.17:00:59	87.5389	2454.3	0.033978	11.5306
2019-10-11.17:01:00	87.5468	2459.11	0.0338735	11.528
2019-10-11.17:01:01	87.5551	2463.92	0.0337693	11.5258
2019-10-11.17:01:02	87.5633	2468.73	0.0336656	11.5239
2019-10-11.17:01:03	87.5715	2473.53	0.033562	11.5224
2019-10-11.17:01:04	87.5793	2478.34	0.0334586	11.5212
2019-10-11.17:01:05	87.5867	2483.14	0.0333553	11.5202
2019-10-11.17:01:06	87.5937	2487.94	0.0332521	11.5193
2019-10-11.17:01:07	87.6002	2492.75	0.033149	11.5183
2019-10-11.17:01:08	87.6065	2497.55	0.0330462	11.517
2019-10-11.17:01:09	87.6127	2502.35	0.0329437	11.5154
2019-10-11.17:01:10	87.619	2507.15	0.0328416	11.5134
2019-10-11.17:01:11	87.6255	2511.94	0.0327401	11.5111
2019-10-11.17:01:12	87.6325	2516.73	0.0326391	11.5086
2019-10-11.17:01:13	87.6399	2521.52	0.0325387	11.5061
2019-10-11.17:01:14	87.6476	2526.31	0.0324387	11.5036
2019-10-11.17:01:15	87.6557	2531.1	0.0323393	11.5013
2019-10-11.17:01:16	87.6638	2535.88	0.0322401	11.4994
2019-10-11.17:01:17	87.6719	2540.66	0.0321412	11.4978
2019-10-11.17:01:18	87.6797	2545.44	0.0320425	11.4965
2019-10-11.17:01:19	87.6872	2550.22	0.031944	11.4954
2019-10-11.17:01:20	87.6942	2555	0.0318455	11.4943
2019-10-11.17:01:21	87.7009	2559.77	0.0317471	11.4933
2019-10-11.17:01:22	87.7073	2564.55	0.031649	11.492
2019-10-11.17:01:23	87.7136	2569.33	0.0315512	11.4905
2019-10-11.17:01:24	87.7199	2574.1	0.0314537	11.4886
2019-10-11.17:01:25	87.7438	2578.86	0.031768	11.2908
2019-10-11.17:01:26	87.9051	2583.36	0.0326243	10.891
2019-10-11.17:01:27	88.2143	2587.47	0.0330777	10.6088
[State]	Cruise
2019-10-11.17:01:28	88.6454	2591.27	0.0333836	10.2914
2019-10-11.17:01:29	89.1867	2594.78	0.0336669	9.9982
2019-10-11.17:01:30	89.8202	2598.07	0.0341918	9.7095
2019-10-11.17:01:31	90.5331	2601.18	0.035018	9.42988
2019-10-11.17:01:32	91.3151	2604.15	0.0360373	9.15465
2019-10-11.17:01:33	92.1592	2607.01	0.0370697	8.88338
2019-10-11.17:01:34	93.0595	2609.77	0.038005	8.61466
2019-10-11.17:01:35	94.0069	2612.47	0.0388416	8.35055
2019-10-11.17:01:36	94.9958	2615.11	0.0396804	8.08341
2019-10-11.17:01:37	96.0255	2617.72	0.0405769	7.81788
2019-10-11.17:01:38	97.0952	2620.29	0.0415239	7.55251
2019-10-11.17:01:39	98.2029	2622.83	0.0424638	7.28929
2019-10-11.17:01:40	99.3441	2625.32	0.0433638	7.03043
2019-10-11.17:01:41	100.518	2627.7	0.0440728	6.81503
2019-10-11.17:01:42	101.716	2629.96	0.0447268	6.59426
2019-10-11.17:01:43	102.931	2632.1	0.0453594	6.40702
2019-10-11.17:01:44	104.154	2634.17	0.0460464	6.21814
2019-10-11.17:01:45	105.384	2636.2	0.0467822	6.02629
2019-10-11.17:01:46	106.617	2638.24	0.0475148	5.83113
2019-10-11.17:01:47	107.855	2640.28	0.0481648	5.63885
2019-10-11.17:01:48	109.099	2642.3	0.0487309	5.44861
2019-10-11.17:01:49	110.349	2644.31	0.0492574	5.26141
2019-10-11.17:01:50	111.596	2646.3	0.0497773	5.07999
2019-10-11.17:01:51	112.839	2648.27	0.0502932	4.90114
2019-10-11.17:01:52	114.074	2650.2	0.0507739	4.72771
2019-10-11.17:01:53	115.302	2652.11	0.0512067	4.55771
2019-10-11.17:01:54	116.523	2653.97	0.0515998	4.39198
2019-10-11.17:01:55	117.738	2655.8	0.051971	4.2307
2019-10-11.17:01:56	118.946	2657.57	0.0523275	4.07377
2019-10-11.17:01:57	120.149	2659.31	0.0526633	3.92136
2019-10-11.17:01:58	121.345	2660.99	0.0529722	3.77346
2019-10-11.17:01:59	122.531	2662.63	0.0532539	3.63152
2019-10-11.17:02:00	123.704	2664.22	0.0535163	3.49374
2019-10-11.17:02:01	124.864	2665.77	0.0537616	3.36094
2019-10-11.17:02:02	126.011	2667.26	0.053988	3.23262
2019-10-11.17:02:03	127.144	2668.71	0.0541938	3.10878
2019-10-11.17:02:04	128.264	2670.11	0.054381	2.98941
2019-10-11.17:02:05	129.384	2671.42	0.0551527	2.10095
2019-10-11.17:02:06	131.79	2668.76	0.0580407	-1.8614
2019-10-11.17:02:07	134.812	2661.44	0.0563074	-0.248043
2019-10-11.17:02:08	137.266	2656.03	0.0548297	-1.04795
2019-10-11.17:02:09	140.047	2649.22	0.056362	-1.76671
2019-10-11.17:02:10	142.93	2641.15	0.0581263	-1.70938
2019-10-11.17:02:11	145.445	2633.74	0.0573717	-1.17813
2019-10-11.17:02:12	147.475	2627.98	0.0566749	-0.875119
2019-10-11.17:02:13	149.502	2622.39	0.0581214	-1.472
2019-10-11.17:02:14	151.615	2615.84	0.0590394	-1.74353
2019-10-11.17:02:15	153.698	2608.86	0.0583989	-1.82925
2019-10-11.17:02:16	155.656	2601.9	0.0579328	-1.73437
2019-10-11.17:02:17	157.399	2595.45	0.0583439	-1.46962
2019-10-11.17:02:18	158.856	2589.95	0.0585343	-1.06931
2019-10-11.17:02:19	160.161	2585.11	0.0587277	-1.46326
2019-10-11.17:02:20	161.566	2579.51	0.0588625	-1.71605
2019-10-11.17:02:21	162.995	2573.36	0.0587141	-1.86435
2019-10-11.17:02:22	164.391	2566.96	0.0585547	-1.90328
2019-10-11.17:02:23	165.696	2560.61	0.0585466	-1.83597
2019-10-11.17:02:24	166.859	2554.6	0.0584949	-1.67161
2019-10-11.17:02:25	167.842	2549.22	0.0583439	-1.42368
2019-10-11.17:02:26	168.623	2544.65	0.0582991	-1.28905
2019-10-11.17:02:27	169.371	2540.25	0.0584416	-1.40194
2019-10-11.17:02:28	170.106	2535.67	0.0582908	-1.43672
2019-10-11.17:02:29	170.805	2531.08	0.0580217	-1.42097
2019-10-11.17:02:30	171.44	2526.62	0.0579298	-1.35649
2019-10-11.17:02:31	171.99	2522.43	0.0578377	-1.24777
2019-10-11.17:02:32	172.438	2518.63	0.057639	-1.10251
2019-10-11.17:02:33	172.773	2515.33	0.0574608	-0.928076
2019-10-11.17:02:34	172.989	2512.59	0.0573154	-0.731876
2019-10-11.17:02:35	173.082	2510.48	0.0571308	-0.522522
2019-10-11.17:02:36	173.055	2509	0.0569261	-0.308669
2019-10-11.17:02:37	172.917	2508.16	0.0567328	-0.098221
2019-10-11.17:02:38	172.718	2507.79	0.0566837	-0.170041
2019-10-11.17:02:39	172.6	2507.12	0.056577	-0.302883
2019-10-11.17:02:40	172.563	2506.02	0.0563006	-0.445463
2019-10-11.17:02:41	172.607	2504.49	0.0560905	-0.589424
2019-10-11.17:02:42	172.724	2502.54	0.0559638	-0.728116
2019-10-11.17:02:43	172.888	2500.25	0.0556774	-0.64738
2019-10-11.17:02:44	172.931	2498.41	0.0553042	-0.39559
2019-10-11.17:02:45	172.84	2497.33	0.0551896	-0.146926
2019-10-11.17:02:46	172.621	2496.98	0.0550628	0.0946056
2019-10-11.17:02:47	172.289	2497.33	0.0547873	0.318838
2019-10-11.17:02:48	171.93	2498.06	0.0547666	0.156661
2019-10-11.17:02:49	171.704	2498.24	0.0546996	-0.0563653
2019-10-11.17:02:50	171.611	2497.74	0.0543976	-0.286286
2019-10-11.17:02:51	171.65	2496.55	0.0541754	-0.521087
2019-10-11.17:02:52	171.758	2494.84	0.0538605	-0.35832
2019-10-11.17:02:53	171.715	2493.77	0.0534974	-0.0754361
2019-10-11.17:02:54	171.522	2493.56	0.053395	0.205761
2019-10-11.17:02:55	171.192	2494.15	0.0532579	0.472441
2019-10-11.17:02:56	170.833	2495.17	0.0532496	0.249041
2019-10-11.17:02:57	170.639	2495.48	0.0531491	-0.0160635
2019-10-11.17:02:58	170.603	2494.97	0.0528715	-0.295844
2019-10-11.17:02:59	170.72	2493.64	0.0526129	-0.448778
2019-10-11.17:03:00	170.759	2492.38	0.0521576	-0.087122
2019-10-11.17:03:01	170.629	2492.05	0.0519816	0.220273
2019-10-11.17:03:02	170.342	2492.61	0.0519102	0.517251
2019-10-11.17:03:03	169.99	2493.77	0.0519338	0.331436
2019-10-11.17:03:04	169.81	2494.23	0.0518551	0.0414081
2019-10-11.17:03:05	169.801	2493.79	0.0515746	-0.263485
2019-10-11.17:03:06	169.949	2492.48	0.0512579	-0.343726
2019-10-11.17:03:07	169.986	2491.42	0.050821	0.0122418
2019-10-11.17:03:08	169.85	2491.32	0.0506958	0.331983
2019-10-11.17:03:09	169.55	2492.13	0.0506196	0.626298
2019-10-11.17:03:10	169.254	2493.26	0.0507228	0.291965
2019-10-11.17:03:11	169.146	2493.51	0.0505793	-0.0178361
2019-10-11.17:03:12	169.215	2492.83	0.0502894	-0.335564
2019-10-11.17:03:13	169.382	2491.44	0.0498689	-0.156081
2019-10-11.17:03:14	169.375	2490.77	0.0495444	0.165282
2019-10-11.17:03:15	169.194	2491.06	0.0495005	0.488568
2019-10-11.17:03:16	168.869	2492.21	0.0495181	0.52289
2019-10-11.17:03:17	168.675	2493.04	0.0495507	0.19076
2019-10-11.17:03:18	168.661	2492.92	0.0493064	-0.130727
2019-10-11.17:03:19	168.824	2491.86	0.0490315	-0.383015
2019-10-11.17:03:20	168.943	2490.68	0.0485484	0.0062685
2019-10-11.17:03:21	168.876	2490.45	0.0483776	0.332962
2019-10-11.17:03:22	168.637	2491.18	0.0483375	0.654038
2019-10-11.17:03:23	168.352	2492.41	0.0484533	0.378086
2019-10-11.17:03:24	168.256	2492.83	0.0483594	0.0638414
2019-10-11.17:03:25	168.338	2492.29	0.0480686	-0.259827
2019-10-11.17:03:26	168.545	2490.96	0.0476753	-0.15731
2019-10-11.17:03:27	168.59	2490.22	0.0473315	0.168328
2019-10-11.17:03:28	168.458	2490.43	0.0472837	0.494247
2019-10-11.17:03:29	168.167	2491.56	0.0472851	0.612019
2019-10-11.17:03:30	167.979	2492.51	0.0473702	0.258058
2019-10-11.17:03:31	167.973	2492.52	0.0471575	-0.0639599
2019-10-11.17:03:32	168.144	2491.59	0.0468976	-0.366902
2019-10-11.17:03:33	168.314	2490.34	0.0464266	-0.0046983
2019-10-11.17:03:34	168.295	2490.02	0.0462271	0.317883
2019-10-11.17:03:35	168.102	2490.64	0.0462039	0.639633
2019-10-11.17:03:36	167.823	2491.92	0.046304	0.449977
2019-10-11.17:03:37	167.721	2492.49	0.0462632	0.138633
2019-10-11.17:03:38	167.797	2492.12	0.0459874	-0.18287
2019-10-11.17:03:39	168.024	2490.88	0.0456533	-0.215662
2019-10-11.17:03:40	168.124	2489.97	0.0452664	0.126665
2019-10-11.17:03:41	168.045	2490.01	0.0451885	0.450024
2019-10-11.17:03:42	167.797	2490.99	0.0451416	0.715235
2019-10-11.17:03:43	167.582	2492.13	0.0452895	0.34678
2019-10-11.17:03:44	167.552	2492.36	0.0451455	0.0300217
2019-10-11.17:03:45	167.601	2492.03	-3.24585	2.64676
2019-10-11.17:03:46	165.508	2501.85	-3.27027	8.38791
2019-10-11.17:03:47	161.511	2524.92	-1.92259	13.0052
2019-10-11.17:03:48	155.548	2558.48	-1.55052	16.9927
2019-10-11.17:03:49	148.023	2599.89	-1.60729	20.4137
2019-10-11.17:03:50	139.33	2646.04	-1.15216	23.0806
2019-10-11.17:03:51	129.901	2693.76	-0.526688	24.8434
2019-10-11.17:03:52	120.271	2740.09	-0.389149	25.5542
2019-10-11.17:03:53	111.099	2782.47	-0.651775	25.0236
2019-10-11.17:03:54	103.04	2818.84	-0.812301	23.1235
2019-10-11.17:03:55	96.7787	2847.69	-0.627324	19.7952
2019-10-11.17:03:56	93.0066	2868.05	-0.264071	15.1475
2019-10-11.17:03:57	92.1678	2879.49	-0.0412387	9.70391
2019-10-11.17:03:58	94.3924	2881.97	-0.137905	4.02157
2019-10-11.17:03:59	99.4738	2875.61	-0.437674	-1.29868
2019-10-11.17:04:00	106.811	2860.97	-0.571841	-5.53469
2019-10-11.17:04:01	115.609	2839.32	-0.279139	-8.34504
2019-10-11.17:04:02	125.039	2812.48	0.173744	-9.67359
2019-10-11.17:04:03	134.284	2782.9	0.251837	-9.59473
2019-10-11.17:04:04	142.716	2753.47	-0.0384635	-8.35039
2019-10-11.17:04:05	149.817	2727.12	-0.130068	-6.19423
2019-10-11.17:04:06	155.181	2706.6	0.104222	-3.32819
2019-10-11.17:04:07	158.544	2694.21	0.182693	0.0465061
2019-10-11.17:04:08	159.834	2691.53	0.0133936	3.69951
[State]	StraightAndLevel
2019-10-11.17:04:09	159.081	2699.16	-0.0181998	7.42297
2019-10-11.17:04:10	156.377	2716.74	0.10907	11.0443
2019-10-11.17:04:11	151.939	2743.08	0.110351	14.393
2019-10-11.17:04:12	146.089	2776.31	0.0009236	17.2946
2019-10-11.17:04:13	139.187	2814.13	-0.0156737	19.597
2019-10-11.17:04:14	131.606	2854.05	0.0546587	21.153
2019-10-11.17:04:15	123.805	2893.64	0.0622464	21.8278
2019-10-11.17:04:16	116.305	2930.7	-0.0277918	21.5033
2019-10-11.17:04:17	109.649	2963.39	-0.123635	20.1
2019-10-11.17:04:18	104.372	2990.28	-0.150704	17.613
2019-10-11.17:04:19	100.975	3010.38	-0.124504	14.1494
2019-10-11.17:04:20	99.8303	3023.1	-0.108964	9.97937
2019-10-11.17:04:21	101.091	3028.23	-0.138561	5.53347
2019-10-11.17:04:22	104.627	3025.92	-0.177358	1.32518
2019-10-11.17:04:23	110.048	3016.74	-0.151669	-2.18565
2019-10-11.17:04:24	116.799	3001.7	-0.0426168	-4.70367
2019-10-11.17:04:25	124.228	2982.29	0.0647994	-6.09204
2019-10-11.17:04:26	131.712	2960.41	0.0764487	-6.37484
2019-10-11.17:04:27	138.706	2938.3	0.0266552	-5.67119
2019-10-11.17:04:28	144.736	2918.27	0.0272472	-4.15078
2019-10-11.17:04:29	149.446	2902.5	0.0802718	-1.98514
2019-10-11.17:04:30	152.602	2892.84	0.0914627	0.652072
2019-10-11.17:04:31	154.083	2890.62	0.0536233	3.57884
2019-10-11.17:04:32	153.873	2896.47	0.0441233	6.62053
2019-10-11.17:04:33	152.042	2910.3	0.0676292	9.61531
2019-10-11.17:04:34	148.75	2931.35	0.0657044	12.409
2019-10-11.17:04:35	144.232	2958.31	0.0360468	14.8562
2019-10-11.17:04:36	138.779	2989.46	0.021512	16.824
2019-10-11.17:04:37	132.71	3022.88	0.0259416	18.1818
2019-10-11.17:04:38	126.408	3056.61	0.0163448	18.8207
2019-10-11.17:04:39	120.295	3088.81	-0.0182522	18.6557
2019-10-11.17:04:40	114.811	3117.88	-0.0581297	17.6375
2019-10-11.17:04:41	110.377	3142.53	-0.0845211	15.7792
2019-10-11.17:04:42	107.374	3161.83	-0.0982308	13.1745
2019-10-11.17:04:43	106.091	3175.17	-0.11007	10.0175
2019-10-11.17:04:44	106.664	3182.29	-0.121404	6.60211
2019-10-11.17:04:45	109.037	3183.27	-0.118119	3.27873
2019-10-11.17:04:46	112.969	3178.54	-0.085825	0.383845
2019-10-11.17:04:47	118.071	3168.88	-0.0323984	-1.82659
2019-10-11.17:04:48	123.868	3155.46	0.011799	-3.20557
2019-10-11.17:04:49	129.871	3139.76	0.0264176	-3.72117
2019-10-11.17:04:50	135.627	3123.51	0.0268026	-3.42311
2019-10-11.17:04:51	140.737	3108.53	0.0392351	-2.41295
2019-10-11.17:04:52	144.867	3096.56	0.057848	-0.826574
2019-10-11.17:04:53	147.8	3089.12	0.0602153	1.19735
2019-10-11.17:04:54	149.404	3087.33	0.0503692	3.51135
2019-10-11.17:04:55	149.63	3091.83	0.048227	5.96963
2019-10-11.17:04:56	148.513	3102.71	0.0526041	8.43067
2019-10-11.17:04:57	146.161	3119.53	0.0483375	10.76
2019-10-11.17:04:58	142.75	3141.39	0.0356979	12.8307
2019-10-11.17:04:59	138.51	3167.05	0.0260769	14.5265
2019-10-11.17:05:00	133.699	3195.04	0.0197247	15.7355
2019-10-11.17:05:01	128.632	3223.78	0.0068541	16.3682
2019-10-11.17:05:02	123.651	3251.77	-0.0144431	16.3585
2019-10-11.17:05:03	119.109	3277.63	-0.0374719	15.6724
2019-10-11.17:05:04	115.347	3300.23	-0.0568298	14.322
2019-10-11.17:05:05	112.665	3318.67	-0.0726005	12.3822
2019-10-11.17:05:06	111.295	3332.38	-0.0856595	9.99364
2019-10-11.17:05:07	111.36	3341.04	-0.0926555	7.36125
2019-10-11.17:05:08	112.853	3344.66	-0.0868969	4.73183
2019-10-11.17:05:09	115.629	3343.52	-0.0654552	2.35393
2019-10-11.17:05:10	119.423	3338.22	-0.0351062	0.436767
2019-10-11.17:05:11	123.891	3329.64	-0.0083994	-0.878353
2019-10-11.17:05:12	128.659	3318.92	0.0079969	-1.53077
2019-10-11.17:05:13	133.357	3307.41	0.0189505	-1.52605
2019-10-11.17:05:14	137.653	3296.54	0.0313407	-0.918968
2019-10-11.17:05:15	141.257	3287.71	0.0425606	0.199124
2019-10-11.17:05:16	143.952	3282.15	0.04538	1.71701
2019-10-11.17:05:17	145.605	3280.85	0.0427867	3.51852
2019-10-11.17:05:18	146.15	3284.42	0.0423737	5.48248
2019-10-11.17:05:19	145.591	3293.05	0.0432179	7.48885
2019-10-11.17:05:20	143.996	3306.55	0.03955	9.42142
2019-10-11.17:05:21	141.492	3324.33	0.0316513	11.1704
2019-10-11.17:05:22	138.255	3345.49	0.0240872	12.635
2019-10-11.17:05:23	134.489	3368.93	0.0166967	13.7195
2019-10-11.17:05:24	130.447	3393.42	0.0053175	14.3487
2019-10-11.17:05:25	126.405	3417.74	-0.0101375	14.4683
2019-10-11.17:05:26	122.646	3440.72	-0.0263106	14.0507
2019-10-11.17:05:27	119.446	3461.37	-0.0408953	13.1047
2019-10-11.17:05:28	117.05	3478.88	-0.0538275	11.6824
2019-10-11.17:05:29	115.65	3492.69	-0.0646233	9.88533
2019-10-11.17:05:30	115.36	3502.46	-0.0702874	7.86051
2019-10-11.17:05:31	116.201	3508.1	-0.067037	5.78445
2019-10-11.17:05:32	118.09	3509.8	-0.054127	3.84269
2019-10-11.17:05:33	120.852	3507.97	-0.0354884	2.2028
2019-10-11.17:05:34	124.243	3503.29	-0.0171258	0.989208
2019-10-11.17:05:35	127.982	3496.61	-0.0023153	0.27422
2019-10-11.17:05:36	131.776	3488.98	0.009966	0.0787664
2019-10-11.17:05:37	135.35	3481.51	0.0212923	0.380607
2019-10-11.17:05:38	138.459	3475.33	0.0303283	1.1249
2019-10-11.17:05:39	140.902	3471.46	0.0347116	2.2301
2019-10-11.17:05:40	142.542	3470.74	0.0350051	3.60434
2019-10-11.17:05:41	143.304	3473.74	0.0349487	5.15033
2019-10-11.17:05:42	143.168	3480.74	0.0351296	6.76809
2019-10-11.17:05:43	142.17	3491.69	0.032875	8.35913
2019-10-11.17:05:44	140.397	3506.22	0.0274917	9.82938
2019-10-11.17:05:45	137.979	3523.73	0.0211046	11.0918
2019-10-11.17:05:46	135.074	3543.41	0.0141699	12.064
2019-10-11.17:05:47	131.883	3564.3	0.0050067	12.6821
2019-10-11.17:05:48	128.624	3585.42	-0.006433	12.8989
2019-10-11.17:05:49	125.526	3605.82	-0.0186034	12.6898
2019-10-11.17:05:50	122.811	3624.63	-0.0301559	12.0579
2019-10-11.17:05:51	120.681	3641.14	-0.0405528	11.0389
2019-10-11.17:05:52	119.298	3654.81	-0.0490297	9.70385
2019-10-11.17:05:53	118.768	3665.29	-0.0538013	8.1568
2019-10-11.17:05:54	119.13	3672.44	-0.0528646	6.52647
2019-10-11.17:05:55	120.343	3676.33	-0.0457176	4.95173
2019-10-11.17:05:56	122.299	3677.24	-0.0341596	3.56382
2019-10-11.17:05:57	124.827	3675.67	-0.0211592	2.4702
2019-10-11.17:05:58	127.72	3672.25	-0.0088335	1.74393
2019-10-11.17:05:59	130.75	3667.77	0.0023062	1.42031
2019-10-11.17:06:00	133.693	3663.13	0.0122051	1.49929
2019-10-11.17:06:01	136.343	3659.2	0.0201283	1.95131
2019-10-11.17:06:02	138.528	3656.83	0.025273	2.7243
2019-10-11.17:06:03	140.11	3656.74	0.0277094	3.74753
2019-10-11.17:06:04	141.004	3659.47	0.0282155	4.94389
2019-10-11.17:06:05	141.178	3665.3	0.0279229	6.23231
2019-10-11.17:06:06	140.642	3674.31	0.0265741	7.53067
2019-10-11.17:06:07	139.45	3686.31	0.0233511	8.75931
2019-10-11.17:06:08	137.693	3700.9	0.0184143	9.84309
2019-10-11.17:06:09	135.492	3717.48	0.0120633	10.7116
2019-10-11.17:06:10	133.002	3735.34	0.0045018	11.3093
2019-10-11.17:06:11	130.396	3753.72	-0.0039177	11.594
2019-10-11.17:06:12	127.857	3771.82	-0.0129702	11.5421
2019-10-11.17:06:13	125.564	3788.93	-0.022283	11.1511
2019-10-11.17:06:14	123.684	3804.41	-0.0310199	10.4436
2019-10-11.17:06:15	122.356	3817.76	-0.0379708	9.46827
2019-10-11.17:06:16	121.677	3828.63	-0.0419631	8.29875
2019-10-11.17:06:17	121.696	3836.85	-0.0422537	7.02827
2019-10-11.17:06:18	122.404	3842.4	-0.0387256	5.76065
2019-10-11.17:06:19	123.736	3845.45	-0.0319171	4.59866
2019-10-11.17:06:20	125.578	3846.33	-0.0229153	3.63239
2019-10-11.17:06:21	127.779	3845.53	-0.0130707	2.93013
2019-10-11.17:06:22	130.167	3843.64	-0.0035862	2.53342
2019-10-11.17:06:23	132.563	3841.33	0.004777	2.45629
2019-10-11.17:06:24	134.796	3839.33	0.0116673	2.6877
2019-10-11.17:06:25	136.717	3838.31	0.0169112	3.19588
2019-10-11.17:06:26	138.202	3838.89	0.0204021	3.9332
2019-10-11.17:06:27	139.165	3841.54	0.0221075	4.83989
2019-10-11.17:06:28	139.555	3846.6	0.0220391	5.85043
2019-10-11.17:06:29	139.366	3854.18	0.0208458	6.89805
2019-10-11.17:06:30	138.628	3864.22	0.018831	7.91612
2019-10-11.17:06:31	137.399	3876.47	0.0155451	8.83986
2019-10-11.17:06:32	135.77	3890.53	0.0104146	9.61003
2019-10-11.17:06:33	133.858	3905.87	0.0040892	10.1774
2019-10-11.17:06:34	131.798	3921.9	-0.0025124	10.504
2019-10-11.17:06:35	129.734	3937.98	-0.0093158	10.5661
2019-10-11.17:06:36	127.812	3953.51	-0.0165764	10.357
2019-10-11.17:06:37	126.17	3967.95	-0.0238163	9.88881
2019-10-11.17:06:38	124.925	3980.85	-0.0298063	9.19362
2019-10-11.17:06:39	124.169	3991.86	-0.0334674	8.32279
2019-10-11.17:06:40	123.953	4000.78	-0.0344642	7.34359
2019-10-11.17:06:41	124.288	4007.54	-0.0329548	6.33341
2019-10-11.17:06:42	125.143	4012.22	-0.029116	5.37209
2019-10-11.17:06:43	126.443	4015.04	-0.0231735	4.53358
2019-10-11.17:06:44	128.083	4016.33	-0.0157934	3.87873
2019-10-11.17:06:45	129.934	4016.54	-0.0080967	3.45014
2019-10-11.17:06:46	131.858	4016.19	-0.0010768	3.26986
2019-10-11.17:06:47	133.715	4015.83	0.0048905	3.33972
2019-10-11.17:06:48	135.377	4016.03	0.0098199	3.64342
2019-10-11.17:06:49	136.736	4017.29	0.0135823	4.14984
2019-10-11.17:06:50	137.708	4020.05	0.0158778	4.81657
2019-10-11.17:06:51	138.239	4024.62	0.0166513	5.59353
[State]	Descent
2019-10-11.17:06:52	138.305	4031.17	0.0161789	6.42634
2019-10-11.17:06:53	137.915	4039.71	0.0146819	7.25938
2019-10-11.17:06:54	137.104	4050.13	0.0121164	8.0386
2019-10-11.17:06:55	135.938	4062.14	0.0084299	8.71403
2019-10-11.17:06:56	134.502	4075.38	0.003809	9.24223
2019-10-11.17:06:57	132.898	4089.39	-0.0014367	9.58866
2019-10-11.17:06:58	131.242	4103.69	-0.0070787	9.72986
2019-10-11.17:06:59	129.648	4117.78	-0.0129134	9.65549
2019-10-11.17:07:00	128.231	4131.2	-0.0185624	9.36988
2019-10-11.17:07:01	127.092	4143.54	-0.023445	8.89281
2019-10-11.17:07:02	126.311	4154.49	-0.0269669	8.2591
2019-10-11.17:07:03	125.942	4163.82	-0.0287116	7.51661
2019-10-11.17:07:04	126.01	4171.44	-0.0284886	6.7225
2019-10-11.17:07:05	126.503	4177.34	-0.0263093	5.93816
2019-10-11.17:07:06	127.379	4181.66	-0.0224032	5.22327
2019-10-11.17:07:07	128.566	4184.61	-0.0172474	4.63023
2019-10-11.17:07:08	129.971	4186.53	-0.0114899	4.19953
2019-10-11.17:07:09	131.489	4187.81	-0.0057556	3.95698
2019-10-11.17:07:10	133.009	4188.87	-0.0004912	3.91273
2019-10-11.17:07:11	134.424	4190.16	0.0040263	4.06188
2019-10-11.17:07:12	135.64	4192.11	0.0075941	4.38629
2019-10-11.17:07:13	136.579	4195.1	0.0100597	4.85705
2019-10-11.17:07:14	137.185	4199.41	0.0113747	5.43725
2019-10-11.17:07:15	137.427	4205.25	0.0115972	6.08478
2019-10-11.17:07:16	137.297	4212.67	0.010808	6.75498
2019-10-11.17:07:17	136.815	4221.64	0.0090566	7.40321
2019-10-11.17:07:18	136.021	4232	0.0064004	7.98712
2019-10-11.17:07:19	134.976	4243.5	0.0029585	8.46888
2019-10-11.17:07:20	133.757	4255.8	-0.0010969	8.81719
2019-10-11.17:07:21	132.45	4268.53	-0.0055733	9.00918
2019-10-11.17:07:22	131.149	4281.3	-0.0102451	9.03204
2019-10-11.17:07:23	129.945	4293.72	-0.0148131	8.8843
2019-10-11.17:07:24	128.925	4305.44	-0.0189029	8.57653
2019-10-11.17:07:25	128.159	4316.17	-0.0221211	8.1312
2019-10-11.17:07:26	127.702	4325.69	-0.0241297	7.58147
2019-10-11.17:07:27	127.583	4333.86	-0.0247024	6.96888
2019-10-11.17:07:28	127.807	4340.66	-0.0237625	6.3399
2019-10-11.17:07:29	128.354	4346.12	-0.0214108	5.74184
2019-10-11.17:07:30	129.178	4350.39	-0.0179268	5.21858
2019-10-11.17:07:31	130.214	4353.7	-0.0137169	4.80678
2019-10-11.17:07:32	131.385	4356.33	-0.0092218	4.53306
2019-10-11.17:07:33	132.605	4358.6	-0.0048337	4.4124
2019-10-11.17:07:34	133.787	4360.88	-0.0008629	4.44785
2019-10-11.17:07:35	134.851	4363.51	0.002457	4.63117
2019-10-11.17:07:36	135.726	4366.81	0.0049658	4.9444
2019-10-11.17:07:37	136.359	4371.04	0.0065802	5.36173
2019-10-11.17:07:38	136.714	4376.42	0.0072848	5.85173
2019-10-11.17:07:39	136.773	4383.03	0.0071031	6.37953
2019-10-11.17:07:40	136.542	4390.89	0.0060762	6.909
2019-10-11.17:07:41	136.042	4399.94	0.0042651	7.40484
2019-10-11.17:07:42	135.315	4410.01	0.0017625	7.8345
2019-10-11.17:07:43	134.415	4420.87	-0.0013066	8.16996
2019-10-11.17:07:44	133.408	4432.23	-0.0047886	8.38941
2019-10-11.17:07:45	132.366	4443.81	-0.008497	8.4786
2019-10-11.17:07:46	131.363	4455.27	-0.0122028	8.432
2019-10-11.17:07:47	130.471	4466.33	-0.015637	8.25343
2019-10-11.17:07:48	129.751	4476.72	-0.0185148	7.95616
2019-10-11.17:07:49	129.254	4486.24	-0.0205722	7.56225
2019-10-11.17:07:50	129.015	4494.74	-0.0216046	7.10112
2019-10-11.17:07:51	129.046	4502.14	-0.0215018	6.60725
2019-10-11.17:07:52	129.343	4508.45	-0.020275	6.11738
2019-10-11.17:07:53	129.88	4513.74	-0.0180635	5.66736
2019-10-11.17:07:54	130.616	4518.15	-0.0151128	5.28908
2019-10-11.17:07:55	131.494	4521.89	-0.0117264	5.00802
2019-10-11.17:07:56	132.45	4525.2	-0.0082147	4.84139
2019-10-11.17:07:57	133.416	4528.35	-0.004857	4.7973
2019-10-11.17:07:58	134.325	4531.63	-0.0018832	4.87473
2019-10-11.17:07:59	135.115	4535.29	0.0005345	5.0642
2019-10-11.17:08:00	135.738	4539.59	0.0022839	5.34901
2019-10-11.17:08:01	136.154	4544.7	0.003308	5.7068
2019-10-11.17:08:02	136.342	4550.75	0.0035925	6.11126
2019-10-11.17:08:03	136.296	4557.8	0.0031537	6.53396
2019-10-11.17:08:04	136.024	4565.83	0.0020336	6.94606
2019-10-11.17:08:05	135.55	4574.74	0.0003001	7.32006
2019-10-11.17:08:06	134.914	4584.39	-0.0019524	7.63133
2019-10-11.17:08:07	134.161	4594.59	-0.0046043	7.85955
2019-10-11.17:08:08	133.347	4605.09	-0.0075094	7.99
2019-10-11.17:08:09	132.53	4615.65	-0.0104927	8.0145
2019-10-11.17:08:10	131.769	4626.04	-0.0133538	7.93209
2019-10-11.17:08:11	131.116	4636.01	-0.015879	7.74931
2019-10-11.17:08:12	130.619	4645.38	-0.0178617	7.47985
2019-10-11.17:08:13	130.31	4654	-0.019127	7.14377
2019-10-11.17:08:14	130.21	4661.78	-0.0195579	6.76597
2019-10-11.17:08:15	130.324	4668.68	-0.0191163	6.3743
2019-10-11.17:08:16	130.641	4674.73	-0.0178535	5.99729
2019-10-11.17:08:17	131.135	4680.01	-0.0159052	5.66181
2019-10-11.17:08:18	131.77	4684.65	-0.0134682	5.39093
2019-10-11.17:08:19	132.498	4688.82	-0.0107701	5.20221
2019-10-11.17:08:20	133.267	4692.74	-0.0080384	5.1066
2019-10-11.17:08:21	134.024	4696.62	-0.0054788	5.10792
2019-10-11.17:08:22	134.717	4700.68	-0.0032602	5.20301
2019-10-11.17:08:23	135.3	4705.13	-0.0015087	5.38237
2019-10-11.17:08:24	135.738	4710.14	-0.000306	5.63113
2019-10-11.17:08:25	136.006	4715.84	0.0003054	5.93032
2019-10-11.17:08:26	136.088	4722.3	0.0003163	6.25831
2019-10-11.17:08:27	135.986	4729.55	-0.0002547	6.59217
2019-10-11.17:08:28	135.712	4737.55	-0.001364	6.9092
2019-10-11.17:08:29	135.288	4746.22	-0.0029442	7.18821
2019-10-11.17:08:30	134.748	4755.41	-0.0049054	7.41082
2019-10-11.17:08:31	134.132	4764.97	-0.0071359	7.56257
2019-10-11.17:08:32	133.485	4774.71	-0.0095024	7.63382
2019-10-11.17:08:33	132.854	4784.42	-0.0118532	7.62043
2019-10-11.17:08:34	132.282	4793.92	-0.0140253	7.52409
2019-10-11.17:08:35	131.811	4803.04	-0.015856	7.35231
2019-10-11.17:08:36	131.474	4811.63	-0.0171997	7.11795
2019-10-11.17:08:37	131.292	4819.6	-0.0179444	6.83834
2019-10-11.17:08:38	131.277	4826.88	-0.0180287	6.53396
2019-10-11.17:08:39	131.429	4833.47	-0.0174524	6.22691
2019-10-11.17:08:40	131.735	4839.4	-0.0162783	5.93908
2019-10-11.17:08:41	132.172	4844.75	-0.0146241	5.6905
2019-10-11.17:08:42	132.707	4849.63	-0.0126446	5.49779
2019-10-11.17:08:43	133.301	4854.21	-0.0105122	5.37301
2019-10-11.17:08:44	133.914	4858.64	-0.0083969	5.32296
2019-10-11.17:08:45	134.502	4863.1	-0.0064515	5.34889
2019-10-11.17:08:46	135.028	4867.77	-0.0048014	5.44673
2019-10-11.17:08:47	135.457	4872.79	-0.0035401	5.60759
2019-10-11.17:08:48	135.764	4878.28	-0.0027286	5.81865
2019-10-11.17:08:49	135.931	4884.35	-0.0023973	6.06413
2019-10-11.17:08:50	135.951	4891.03	-0.0025496	6.32644
2019-10-11.17:08:51	135.827	4898.32	-0.0031645	6.58734
2019-10-11.17:08:52	135.572	4906.2	-0.0041988	6.82911
2019-10-11.17:08:53	135.207	4914.56	-0.0055891	7.03558
2019-10-11.17:08:54	134.76	4923.3	-0.0072527	7.19319
2019-10-11.17:08:55	134.264	4932.29	-0.0090893	7.29178
2019-10-11.17:08:56	133.757	4941.36	-0.010984	7.32526
2019-10-11.17:08:57	133.273	4950.37	-0.0128115	7.29202
2019-10-11.17:08:58	132.849	4959.16	-0.0144439	7.19506
2019-10-11.17:08:59	132.512	4967.61	-0.0157609	7.04183
2019-10-11.17:09:00	132.287	4975.62	-0.0166618	6.84373
2019-10-11.17:09:01	132.189	4983.11	-0.0170771	6.61526
2019-10-11.17:09:02	132.223	4990.05	-0.0169782	6.37296
2019-10-11.17:09:03	132.386	4996.44	-0.0163822	6.1341
2019-10-11.17:09:04	132.665	5002.33	-0.0153502	5.9154
2019-10-11.17:09:05	133.039	5007.79	-0.0139796	5.73175
2019-10-11.17:09:06	133.482	5012.91	-0.0123917	5.5951
2019-10-11.17:09:07	133.962	5017.83	-0.0107177	5.51373
2019-10-11.17:09:08	134.446	5022.67	-0.0090859	5.49171
2019-10-11.17:09:09	134.902	5027.59	-0.0076109	5.52887
2019-10-11.17:09:10	135.301	5032.69	-0.006387	5.62092
2019-10-11.17:09:11	135.616	5038.11	-0.0054843	5.75995
2019-10-11.17:09:12	135.831	5043.93	-0.0049481	5.93516
2019-10-11.17:09:13	135.932	5050.21	-0.0047993	6.13361
2019-10-11.17:09:14	135.918	5056.98	-0.0050367	6.34116
2019-10-11.17:09:15	135.793	5064.22	-0.0056383	6.54343
2019-10-11.17:09:16	135.568	5071.91	-0.0065634	6.72669
2019-10-11.17:09:17	135.262	5079.96	-0.007754	6.8787
2019-10-11.17:09:18	134.899	5088.28	-0.009137	6.98951
2019-10-11.17:09:19	134.506	5096.75	-0.010626	7.05206
2019-10-11.17:09:20	134.112	5105.26	-0.0121252	7.06262
2019-10-11.17:09:21	133.745	5113.69	-0.0135346	7.02108
2019-10-11.17:09:22	133.431	5121.92	-0.014756	6.93091
2019-10-11.17:09:23	133.193	5129.85	-0.0157018	6.79894
2019-10-11.17:09:24	133.046	5137.41	-0.0163033	6.63489
2019-10-11.17:09:25	133.001	5144.55	-0.0165182	6.45063
2019-10-11.17:09:26	133.059	5151.26	-0.0163363	6.25932
2019-10-11.17:09:27	133.217	5157.54	-0.0157808	6.07438
2019-10-11.17:09:28	133.462	5163.43	-0.0149058	5.90853
2019-10-11.17:09:29	133.777	5169	-0.0137903	5.77282
2019-10-11.17:09:30	134.139	5174.33	-0.0125289	5.67588
2019-10-11.17:09:31	134.524	5179.52	-0.011222	5.62336
2019-10-11.17:09:32	134.905	5184.69	-0.009967	5.61765
