DateTime	AltitudeTape:altitude	AirspeedTape:airspeed	HeadingIndicator:heading	AttitudeIndicator:roll
[State]	Standing
2019-10-11.17:10:51	0.474726	1654.61	-0.0010306	0.0033878
[State]	Taxiing
2019-10-11.17:10:52	0.0853854	1654.75	-0.0245335	0.477567
2019-10-11.17:10:53	0.0535163	1654.78	-0.0370837	-0.0699337
2019-10-11.17:10:54	1.36374	1654.79	-0.0897221	-0.0973998
2019-10-11.17:10:55	4.63345	1654.79	-0.16695	0.135519
2019-10-11.17:10:56	8.47311	1654.79	-0.187747	0.240839
2019-10-11.17:10:57	12.389	1654.79	-0.234575	0.290906
2019-10-11.17:10:58	16.2332	1654.79	-0.4139	0.331684
2019-10-11.17:10:59	20.0128	1654.79	-0.792596	0.468966
2019-10-11.17:11:00	23.7334	1654.79	-1.17266	0.564563
2019-10-11.17:11:01	27.3797	1654.8	-1.49447	0.616828
2019-10-11.17:11:02	30.9559	1654.8	-1.70837	0.635842
2019-10-11.17:11:03	34.4348	1654.8	-1.86766	0.665765
2019-10-11.17:11:04	37.7809	1654.8	-2.01423	0.704558
2019-10-11.17:11:05	41.001	1654.81	-2.11545	0.740645
2019-10-11.17:11:06	44.1171	1654.81	-2.16248	0.777494
2019-10-11.17:11:07	47.1587	1654.81	-2.16396	0.82481
2019-10-11.17:11:08	50.1562	1654.82	-2.10866	0.882634
2019-10-11.17:11:09	53.1344	1654.82	-2.00766	0.945272
2019-10-11.17:11:10	56.1104	1654.83	-1.8771	1.00687
2019-10-11.17:11:11	59.096	1654.83	-1.72444	1.06865
2019-10-11.17:11:12	62.0998	1654.84	-1.55393	1.13146
2019-10-11.17:11:13	65.1278	1654.84	-1.36819	1.19566
2019-10-11.17:11:14	68.1849	1654.85	-1.16905	1.2612
2019-10-11.17:11:15	71.2742	1654.85	-0.958062	1.32793
2019-10-11.17:11:16	74.398	1654.86	-0.736575	1.39564
2019-10-11.17:11:17	77.5573	1654.87	-0.505914	1.46405
[State]	TakeOff
2019-10-11.17:11:18	80.7522	1654.88	-0.267458	1.53288
2019-10-11.17:11:19	84.0027	1654.89	-0.156491	1.59361
2019-10-11.17:11:20	87.3331	1654.9	-0.0623919	2.20471
2019-10-11.17:11:21	90.5386	1655.08	0.0557722	8.7382
2019-10-11.17:11:22	91.1693	1659.87	3.68779	12.7745
2019-10-11.17:11:23	90.2924	1668.3	9.74587	11.4898
2019-10-11.17:11:24	89.4393	1675.17	16.3539	11.7901
2019-10-11.17:11:25	88.6146	1680.6	23.9048	12.7718
2019-10-11.17:11:26	87.8952	1684.94	30.7348	12.9617
2019-10-11.17:11:27	87.3477	1688.08	30.3798	12.5543
2019-10-11.17:11:28	86.9962	1690.8	30.3772	11.7013
2019-10-11.17:11:29	86.7789	1693.23	30.3673	11.4434
2019-10-11.17:11:30	86.6016	1695.52	30.3537	11.7013
2019-10-11.17:11:31	86.4069	1697.73	30.3456	12.1767
2019-10-11.17:11:32	86.1884	1699.88	30.3461	12.4807
2019-10-11.17:11:33	85.9769	1701.95	30.3512	12.4813
2019-10-11.17:11:34	85.802	1703.94	30.3549	12.2853
2019-10-11.17:11:35	85.6715	1705.83	30.3544	12.0962
2019-10-11.17:11:36	85.5716	1707.63	30.3505	12.0453
2019-10-11.17:11:37	85.4675	1709.39	27.6025	12.163
2019-10-11.17:11:38	85.0856	1711.99	21.0422	12.624
2019-10-11.17:11:39	84.1352	1716.68	14.5634	13.003
2019-10-11.17:11:40	82.9941	1722.68	7.76976	12.7872
2019-10-11.17:11:41	81.806	1728.78	0.434897	13.3458
2019-10-11.17:11:42	80.7018	1734.64	-1.25948	13.3548
2019-10-11.17:11:43	80.0432	1739.75	2.06352	12.3679
2019-10-11.17:11:44	79.8976	1743.42	4.93465	11.9787
2019-10-11.17:11:45	79.8209	1746.08	4.87886	12.6335
2019-10-11.17:11:46	79.7008	1748.82	1.81327	12.3705
2019-10-11.17:11:47	79.6918	1751.76	-2.17955	12.4179
2019-10-11.17:11:48	79.5298	1754.9	-3.97672	12.9251
[State]	Climb
2019-10-11.17:11:49	79.2399	1758.23	-2.11008	12.8665
2019-10-11.17:11:50	79.1317	1761.54	2.04879	12.4001
2019-10-11.17:11:51	79.1097	1764.39	5.27198	12.4603
2019-10-11.17:11:52	79.1091	1766.66	4.93295	12.6573
2019-10-11.17:11:53	79.1253	1768.91	1.15688	12.3869
2019-10-11.17:11:54	79.2232	1771.48	-3.29274	12.5906
2019-10-11.17:11:55	79.052	1774.38	-4.8345	13.3335
2019-10-11.17:11:56	78.7079	1777.63	-2.15787	13.2201
2019-10-11.17:11:57	78.5467	1780.97	2.67544	12.7736
2019-10-11.17:11:58	78.438	1783.82	6.23393	13.0264
2019-10-11.17:11:59	78.4019	1786	5.44058	12.8281
2019-10-11.17:12:00	78.5393	1787.9	0.741247	12.3056
2019-10-11.17:12:01	78.8015	1790.01	-4.37409	12.5626
2019-10-11.17:12:02	78.7368	1792.41	-5.75141	13.4443
2019-10-11.17:12:03	78.4873	1795.24	-2.21156	13.156
2019-10-11.17:12:04	78.4306	1798.24	2.65514	12.7054
2019-10-11.17:12:05	78.3562	1800.84	6.63253	13.1257
2019-10-11.17:12:06	78.3166	1802.8	6.583	13.1858
2019-10-11.17:12:07	78.4303	1804.59	1.04294	12.3482
2019-10-11.17:12:08	78.7045	1806.62	-5.02691	12.6691
2019-10-11.17:12:09	78.6005	1808.94	-6.72985	13.7814
2019-10-11.17:12:10	78.2916	1811.7	-2.74893	13.3322
2019-10-11.17:12:11	78.242	1814.64	1.98309	12.6711
2019-10-11.17:12:12	78.2007	1817.13	5.64601	13.019
2019-10-11.17:12:13	78.2158	1818.92	8.94296	13.3807
2019-10-11.17:12:14	78.2953	1820.43	2.77694	12.7665
2019-10-11.17:12:15	78.4958	1822.49	-4.05543	12.8747
2019-10-11.17:12:16	78.277	1825.01	-7.45178	14.4246
2019-10-11.17:12:17	77.7178	1828.08	-4.05891	14.2439
2019-10-11.17:12:18	77.4258	1831.42	0.791362	13.2469
2019-10-11.17:12:19	77.2973	1834.24	4.21437	13.2742
2019-10-11.17:12:20	77.264	1836.18	7.93758	13.4493
2019-10-11.17:12:21	77.4968	1837.23	6.19793	13.3565
2019-10-11.17:12:22	77.8273	1838.57	-1.27454	12.5787
2019-10-11.17:12:23	77.9289	1840.51	-7.35094	14.048
2019-10-11.17:12:24	77.467	1843.08	-6.27354	14.9348
2019-10-11.17:12:25	77.0137	1846.27	-1.04609	13.5693
2019-10-11.17:12:26	76.9977	1849.11	2.62983	12.9938
2019-10-11.17:12:27	77.0509	1851.01	5.88654	13.1279
2019-10-11.17:12:28	77.3393	1851.95	10.1378	13.4297
2019-10-11.17:12:29	77.6511	1852.72	3.09359	13.0018
2019-10-11.17:12:30	77.886	1854.47	-3.40448	13.4504
2019-10-11.17:12:31	77.4924	1857.09	-8.33574	15.2995
2019-10-11.17:12:32	76.8231	1860.3	-4.19636	14.4492
2019-10-11.17:12:33	76.6923	1863.35	0.429338	12.9156
2019-10-11.17:12:34	76.8889	1865.41	3.65679	12.6041
2019-10-11.17:12:35	77.235	1866.35	7.25548	12.9427
2019-10-11.17:12:36	77.6235	1866.76	8.15069	13.6507
2019-10-11.17:12:37	77.8735	1867.94	0.637056	12.9838
2019-10-11.17:12:38	77.8025	1870.24	-5.43602	14.4198
2019-10-11.17:12:39	77.1755	1873.32	-7.39491	15.2826
2019-10-11.17:12:40	76.6474	1876.58	-2.22199	13.7644
2019-10-11.17:12:41	76.7214	1879.28	1.70521	12.6849
2019-10-11.17:12:42	76.9765	1880.88	4.85322	12.5979
2019-10-11.17:12:43	77.3788	1881.48	8.97995	13.2993
2019-10-11.17:12:44	77.7173	1881.98	5.17026	13.3346
2019-10-11.17:12:45	77.9472	1883.58	-1.70518	13.2844
2019-10-11.17:12:46	77.6097	1886.23	-7.68939	14.956
2019-10-11.17:12:47	76.9421	1889.4	-5.73989	14.8925
2019-10-11.17:12:48	76.6418	1892.55	-0.576973	13.1917
2019-10-11.17:12:49	76.8216	1894.85	2.84845	12.6014
2019-10-11.17:12:50	77.1358	1896.03	6.17377	12.7131
2019-10-11.17:12:51	77.5558	1896.43	9.8926	13.5896
2019-10-11.17:12:52	77.8363	1897.25	2.42897	12.9961
2019-10-11.17:12:53	77.9355	1899.25	-3.88725	13.9072
2019-10-11.17:12:54	77.4039	1902.17	-8.14226	15.265
2019-10-11.17:12:55	76.7816	1905.4	-3.60471	14.2285
2019-10-11.17:12:56	76.7282	1908.31	0.814406	12.805
2019-10-11.17:12:57	76.9498	1910.2	3.98813	12.5797
2019-10-11.17:12:58	77.3225	1911	7.7181	13.0062
2019-10-11.17:12:59	77.7099	1911.37	7.27208	13.5569
2019-10-11.17:13:00	77.9689	1912.63	-0.0774117	13.0008
2019-10-11.17:13:01	77.822	1915.02	-6.09209	14.5723
2019-10-11.17:13:02	77.1797	1918.11	-7.10925	15.1712
2019-10-11.17:13:03	76.7155	1921.32	-1.71213	13.5424
2019-10-11.17:13:04	76.835	1923.89	2.05017	12.6164
2019-10-11.17:13:05	77.1066	1925.35	5.2308	12.5858
2019-10-11.17:13:06	77.5182	1925.86	9.54909	13.3612
2019-10-11.17:13:07	77.84	1926.43	4.29305	13.1753
2019-10-11.17:13:08	78.0452	1928.13	-2.39223	13.4122
2019-10-11.17:13:09	77.6408	1930.87	-8.37309	15.0383
2019-10-11.17:13:10	76.9789	1934.05	-5.06442	14.6641
2019-10-11.17:13:11	76.7629	1937.12	-0.11675	13.0122
2019-10-11.17:13:12	76.9569	1939.29	3.21476	12.5577
2019-10-11.17:13:13	77.2899	1940.33	6.65415	12.7577
2019-10-11.17:13:14	77.7049	1940.69	9.18865	13.5976
2019-10-11.17:13:15	77.9729	1941.65	1.56319	12.9152
2019-10-11.17:13:16	78.0034	1943.76	-4.62501	14.1047
2019-10-11.17:13:17	77.4259	1946.74	-7.66363	15.251
2019-10-11.17:13:18	76.8454	1949.96	-2.93961	13.9489
2019-10-11.17:13:19	76.8614	1952.76	1.24957	12.6844
2019-10-11.17:13:20	77.0985	1954.49	4.40855	12.5416
2019-10-11.17:13:21	77.4868	1955.18	8.32875	13.097
2019-10-11.17:13:22	77.8517	1955.58	6.20683	13.4078
2019-10-11.17:13:23	78.1038	1957	-0.913313	13.0643
2019-10-11.17:13:24	77.8597	1959.51	-6.89512	14.7255
2019-10-11.17:13:25	77.2013	1962.63	-6.47371	14.9946
2019-10-11.17:13:26	76.8175	1965.79	-1.11813	13.2963
2019-10-11.17:13:27	76.9752	1968.22	2.47476	12.5502
2019-10-11.17:13:28	77.2674	1969.52	5.72936	12.5901
2019-10-11.17:13:29	77.6848	1969.95	10.1078	13.4404
2019-10-11.17:13:30	77.9821	1970.64	3.25291	13.0069
2019-10-11.17:13:31	78.1383	1972.49	-3.2232	13.614
2019-10-11.17:13:32	77.6614	1975.32	-8.54364	15.1246
2019-10-11.17:13:33	77.016	1978.51	-4.25731	14.3701
2019-10-11.17:13:34	76.8951	1981.49	0.412959	12.8279
2019-10-11.17:13:35	77.1045	1983.48	3.65965	12.5162
2019-10-11.17:13:36	77.4594	1984.38	7.2635	12.8405
2019-10-11.17:13:37	77.8597	1984.72	8.10065	13.5473
2019-10-11.17:13:38	78.12	1985.84	0.581037	12.8858
2019-10-11.17:13:39	78.0525	1988.1	-5.49238	14.3326
2019-10-11.17:13:40	77.4328	1991.14	-7.4058	15.1688
2019-10-11.17:13:41	76.9173	1994.34	-2.20025	13.641
2019-10-11.17:13:42	77.001	1997	1.74164	12.5781
2019-10-11.17:13:43	77.2574	1998.56	4.91581	12.51
2019-10-11.17:13:44	77.6598	1999.12	9.08055	13.2089
2019-10-11.17:13:45	77.9964	1999.6	4.9706	13.2059
2019-10-11.17:13:46	78.2251	2001.19	-1.8754	13.2083
2019-10-11.17:13:47	77.8767	2003.83	-7.86763	14.8795
2019-10-11.17:13:48	77.2121	2006.98	-5.56784	14.7362
2019-10-11.17:13:49	76.9348	2010.08	-0.458905	13.0482
2019-10-11.17:13:50	77.1189	2012.33	2.97163	12.4998
2019-10-11.17:13:51	77.4351	2013.45	6.35042	12.6436
2019-10-11.17:13:52	77.8501	2013.82	9.65027	13.5151
2019-10-11.17:13:53	78.1224	2014.68	2.06489	12.8742
2019-10-11.17:13:54	78.1979	2016.7	-4.20694	13.896
2019-10-11.17:13:55	77.648	2019.62	-7.86771	15.1829
2019-10-11.17:13:56	77.0415	2022.83	-3.3318	14.0223
2019-10-11.17:13:57	77.0186	2025.68	1.01424	12.6686
2019-10-11.17:13:58	77.2454	2027.48	4.20518	12.4879
2019-10-11.17:13:59	77.6218	2028.21	8.03676	12.9814
2019-10-11.17:14:00	77.9932	2028.58	6.69714	13.4148
2019-10-11.17:14:01	78.2477	2029.91	-0.545353	12.9535
2019-10-11.17:14:02	78.0495	2032.34	-6.5416	14.5865
2019-10-11.17:14:03	77.3963	2035.43	-6.77699	15.0067
2019-10-11.17:14:04	76.9747	2038.6	-1.38119	13.3317
2019-10-11.17:14:05	77.1161	2041.07	2.30727	12.5097
2019-10-11.17:14:06	77.3968	2042.42	5.54583	12.5255
2019-10-11.17:14:07	77.808	2042.87	9.97625	13.355
2019-10-11.17:14:08	78.1099	2043.49	3.61073	13.0049
2019-10-11.17:14:09	78.285	2045.28	-2.94449	13.4729
2019-10-11.17:14:10	77.8331	2048.05	-8.59588	15.0411
2019-10-11.17:14:11	77.179	2051.22	-4.53963	14.4121
2019-10-11.17:14:12	77.0256	2054.22	0.240683	12.829
2019-10-11.17:14:13	77.2283	2056.25	3.53083	12.4756
2019-10-11.17:14:14	77.5731	2057.18	7.09109	12.766
2019-10-11.17:14:15	77.9739	2057.51	8.40472	13.5226
2019-10-11.17:14:16	78.2325	2058.57	0.827619	12.8365
2019-10-11.17:14:17	78.1934	2060.77	-5.27608	14.2224
2019-10-11.17:14:18	77.5826	2063.77	-7.4785	15.1486
2019-10-11.17:14:19	77.0478	2066.96	-2.3929	13.6695
2019-10-11.17:14:20	77.1144	2069.64	1.62642	12.556
2019-10-11.17:14:21	77.3639	2071.22	4.80731	12.4747
2019-10-11.17:14:22	77.7598	2071.79	8.91924	13.148
2019-10-11.17:14:23	78.0983	2072.24	5.22193	13.2121
2019-10-11.17:14:24	78.3316	2073.77	-1.68603	13.1303
2019-10-11.17:14:25	78.0041	2076.36	-7.67193	14.812
2019-10-11.17:14:26	77.3387	2079.48	-5.75155	14.7521
2019-10-11.17:14:27	77.0387	2082.58	-0.585549	13.0542
[State]	Cruise
2019-10-11.17:14:28	77.2186	2084.84	2.88698	12.4703
2019-10-11.17:14:29	77.5287	2085.97	6.24784	12.5972
2019-10-11.17:14:30	77.9425	2086.34	9.78699	13.4742
2019-10-11.17:14:31	78.2163	2087.14	2.24345	12.8551
2019-10-11.17:14:32	78.3065	2089.11	-4.06075	13.8122
2019-10-11.17:14:33	77.7679	2091.99	-7.96705	15.1452
2019-10-11.17:14:34	77.1539	2095.17	-3.47759	14.0381
2019-10-11.17:14:35	77.1175	2098.02	0.928547	12.6533
2019-10-11.17:14:36	77.3412	2099.83	4.13491	12.4592
2019-10-11.17:14:37	77.7132	2100.56	7.9372	12.9302
2019-10-11.17:14:38	78.0871	2100.9	6.87572	13.4055
2019-10-11.17:14:39	78.3422	2102.19	-0.409962	12.9056
2019-10-11.17:14:40	78.1611	2104.57	-6.41268	14.5233
2019-10-11.17:14:41	77.5116	2107.62	-6.88931	14.9978
2019-10-11.17:14:42	77.078	2110.77	-1.4817	13.3321
2019-10-11.17:14:43	77.214	2113.25	2.24536	12.4831
2019-10-11.17:14:44	77.4907	2114.6	5.48097	12.4922
2019-10-11.17:14:45	77.8997	2115.04	9.90263	13.3108
2019-10-11.17:14:46	78.2037	2115.62	3.73448	12.9919
2019-10-11.17:14:47	78.3855	2117.36	-2.84982	13.4108
2019-10-11.17:14:48	77.9436	2120.1	-8.59224	14.9963
2019-10-11.17:14:49	77.2883	2123.24	-4.64006	14.4096
2019-10-11.17:14:50	77.125	2126.22	0.181693	12.813
2019-10-11.17:14:51	77.3262	2128.26	3.49163	12.4472
2019-10-11.17:14:52	77.6675	2129.17	7.04052	12.7263
2019-10-11.17:14:53	78.0685	2129.48	8.49858	13.4972
2019-10-11.17:14:54	78.3271	2130.51	0.903866	12.8043
2019-10-11.17:14:55	78.2972	2132.67	-5.21005	14.1695
2019-10-11.17:14:56	77.6907	2135.64	-7.50072	15.1232
2019-10-11.17:14:57	77.1513	2138.81	-2.45186	13.6576
2019-10-11.17:14:58	77.2138	2141.47	1.59666	12.5296
2019-10-11.17:14:59	77.4614	2143.04	4.784	12.4477
2019-10-11.17:15:00	77.8552	2143.6	8.88394	13.1119
2019-10-11.17:15:01	78.1941	2144.02	5.27606	13.1921
2019-10-11.17:15:02	78.4289	2145.53	-1.64787	13.09
2019-10-11.17:15:03	78.107	2148.09	-7.63205	14.7741
2019-10-11.17:15:04	77.495	2151.19	-3.82871	14.6232
2019-10-11.17:15:05	77.5771	2154.19	1.4238	13.0197
2019-10-11.17:15:06	78.5146	2155.85	3.17482	12.7285
2019-10-11.17:15:07	79.8388	2156.31	-7.48463	11.8598
2019-10-11.17:15:08	81.7703	2156.27	-16.4611	12.406
2019-10-11.17:15:09	83.5245	2155.9	-24.5119	14.8693
2019-10-11.17:15:10	85.0472	2155.1	-29.2207	15.5958
2019-10-11.17:15:11	86.6222	2154.21	-29.3803	12.4808
2019-10-11.17:15:12	88.4511	2153.56	-29.3994	9.30534
2019-10-11.17:15:13	89.9446	2153.37	-29.3817	8.61435
2019-10-11.17:15:14	90.9059	2154.43	-29.3414	10.4303
2019-10-11.17:15:15	91.601	2157.14	-29.3078	11.951
2019-10-11.17:15:16	92.0636	2160.65	-29.3147	13.1441
2019-10-11.17:15:17	92.3699	2164.61	-29.3411	12.9227
2019-10-11.17:15:18	92.7413	2168.65	-29.3598	11.9908
2019-10-11.17:15:19	93.2233	2172.65	-29.3609	11.1755
2019-10-11.17:15:20	93.7208	2176.65	-29.3521	11.1125
2019-10-11.17:15:21	94.1156	2180.9	-29.341	11.5195
2019-10-11.17:15:22	94.3842	2185.45	-27.1053	11.981
2019-10-11.17:15:23	94.5008	2190.69	-22.3279	11.8717
2019-10-11.17:15:24	94.4692	2196.74	-17.507	11.7221
2019-10-11.17:15:25	94.2275	2203.47	-12.4061	11.9288
2019-10-11.17:15:26	93.8526	2210.76	-6.78435	12.3225
2019-10-11.17:15:27	93.4094	2218.38	-0.603288	12.7012
2019-10-11.17:15:28	92.9468	2226.07	2.4935	12.9924
2019-10-11.17:15:29	92.5516	2233.74	0.372917	12.85
2019-10-11.17:15:30	92.3044	2241.25	-1.48332	12.7559
2019-10-11.17:15:31	92.0975	2248.46	-1.35117	12.5922
2019-10-11.17:15:32	92.093	2255.27	0.538388	12.1614
2019-10-11.17:15:33	92.2366	2261.51	2.29221	11.8725
2019-10-11.17:15:34	92.4674	2267.19	2.16046	11.6737
2019-10-11.17:15:35	92.7854	2272.67	0.224752	11.6807
2019-10-11.17:15:36	93.1269	2278.32	-1.65777	11.7983
2019-10-11.17:15:37	93.2878	2284.31	-1.66085	12.0653
2019-10-11.17:15:38	93.3578	2290.71	0.19563	12.1581
2019-10-11.17:15:39	93.2926	2297.39	2.06476	12.393
2019-10-11.17:15:40	93.0556	2304.29	2.10352	12.6434
2019-10-11.17:15:41	92.7848	2311.41	0.268958	12.7165
2019-10-11.17:15:42	92.5715	2318.69	-1.664	12.8054
2019-10-11.17:15:43	92.2906	2326	-1.81042	12.8859
2019-10-11.17:15:44	92.0868	2333.23	-0.0319679	12.6563
2019-10-11.17:15:45	91.9861	2340.12	1.95507	12.4581
2019-10-11.17:15:46	91.9349	2346.56	2.23698	12.3047
2019-10-11.17:15:47	92.0299	2352.63	0.5287	12.0215
2019-10-11.17:15:48	92.3185	2358.46	-1.55074	11.8516
2019-10-11.17:15:49	92.5902	2364.16	-1.97956	11.867
2019-10-11.17:15:50	92.8704	2369.89	-0.328653	11.7362
2019-10-11.17:15:51	93.1556	2375.64	1.80104	11.6741
2019-10-11.17:15:52	93.4175	2381.25	2.32379	11.3046
2019-10-11.17:15:53	93.8596	2386.44	0.686063	10.8867
2019-10-11.17:15:54	94.5721	2391.26	-1.5276	10.4403
2019-10-11.17:15:55	95.3623	2395.71	-2.12623	10.1919
2019-10-11.17:15:56	96.2884	2399.88	-0.520491	9.65149
2019-10-11.17:15:57	97.3879	2403.67	1.66035	9.34566
2019-10-11.17:15:58	98.4303	2407.27	2.18994	9.16164
2019-10-11.17:15:59	99.5523	2410.78	0.522937	8.74463
2019-10-11.17:16:00	100.862	2414.18	-1.59216	8.40472
2019-10-11.17:16:01	102.152	2417.48	-1.89618	8.15618
2019-10-11.17:16:02	103.56	2420.66	-0.124801	7.67199
2019-10-11.17:16:03	105.035	2423.64	1.71232	7.47904
2019-10-11.17:16:04	106.421	2426.61	1.56662	7.26949
2019-10-11.17:16:05	107.913	2429.5	-0.325174	6.95451
2019-10-11.17:16:06	109.475	2432.22	-1.69908	6.78924
2019-10-11.17:16:07	111.004	2434.84	-0.970122	6.4924
2019-10-11.17:16:08	112.657	2437.23	0.846254	6.23802
2019-10-11.17:16:09	114.204	2439.56	1.46626	6.12317
2019-10-11.17:16:10	115.765	2441.94	0.205633	5.86082
2019-10-11.17:16:11	117.403	2444.28	-1.19724	5.66387
2019-10-11.17:16:12	118.972	2446.59	-0.929489	5.44017
2019-10-11.17:16:13	120.624	2448.8	0.484623	5.19787
2019-10-11.17:16:14	122.188	2450.94	1.04946	5.07588
2019-10-11.17:16:15	123.751	2453.08	0.0920425	4.86092
2019-10-11.17:16:16	125.364	2455.16	-0.900211	4.69513
2019-10-11.17:16:17	126.925	2457.19	-0.541309	4.48968
2019-10-11.17:16:18	128.533	2459.11	0.477367	4.32612
2019-10-11.17:16:19	130.053	2460.99	0.601211	4.18481
2019-10-11.17:16:20	131.605	2462.83	-0.227731	4.01571
2019-10-11.17:16:21	133.149	2464.59	-0.64045	3.88177
2019-10-11.17:16:22	134.689	2466.29	-0.0848692	3.70548
2019-10-11.17:16:23	136.204	2467.91	0.433411	3.5948
2019-10-11.17:16:24	137.675	2469.5	0.116607	3.45867
2019-10-11.17:16:25	139.167	2471.02	-0.397817	3.33202
2019-10-11.17:16:26	140.613	2472.49	-0.259576	3.2
2019-10-11.17:16:27	142.051	2473.87	0.185519	3.09397
2019-10-11.17:16:28	143.428	2475.22	0.152626	2.98511
2019-10-11.17:16:29	144.808	2476.51	-0.214681	2.87573
2019-10-11.17:16:30	146.153	2477.75	-0.238997	2.77592
2019-10-11.17:16:31	147.484	2478.92	0.0479851	2.68197
2019-10-11.17:16:32	148.763	2480.05	0.0900331	2.59268
2019-10-11.17:16:33	150.03	2481.14	-0.136109	2.50308
2019-10-11.17:16:34	151.271	2482.17	-0.180245	2.42171
2019-10-11.17:16:35	152.489	2483.15	-0.0074043	2.3438
2019-10-11.17:16:36	153.66	2484.1	0.0245581	2.27007
2019-10-11.17:16:37	154.81	2485	-0.111906	2.19714
2019-10-11.17:16:38	155.929	2485.86	-0.132671	2.12986
2019-10-11.17:16:39	157.02	2486.68	-0.0293759	2.06728
2019-10-11.17:16:40	158.069	2487.47	-0.023806	2.00659
2019-10-11.17:16:41	159.096	2488.22	-0.104672	1.94703
2019-10-11.17:16:42	160.094	2488.93	-0.101387	1.89092
2019-10-11.17:16:43	161.062	2489.62	-0.043042	1.83975
2019-10-11.17:16:44	161.59	2491.6	0.0351612	5.04633
2019-10-11.17:16:45	159.961	2503.34	0.194397	8.96367
2019-10-11.17:16:46	156.329	2525.47	0.091025	12.7597
2019-10-11.17:16:47	150.989	2556.37	-0.0328384	16.1846
2019-10-11.17:16:48	144.272	2593.75	0.038043	19.0773
2019-10-11.17:16:49	136.555	2635	0.120311	21.294
2019-10-11.17:16:50	128.272	2677.44	0.0488199	22.6655
2019-10-11.17:16:51	119.954	2718.52	-0.0775573	23.0448
2019-10-11.17:16:52	112.155	2756.03	-0.113176	22.3094
2019-10-11.17:16:53	105.449	2788.18	-0.0649235	20.3919
2019-10-11.17:16:54	100.424	2813.65	-0.0409348	17.3065
2019-10-11.17:16:55	97.6095	2831.58	-0.111656	13.2139
2019-10-11.17:16:56	97.3527	2841.51	-0.241208	8.4776
2019-10-11.17:16:57	99.7039	2843.36	-0.314759	3.64327
2019-10-11.17:16:58	104.402	2837.46	-0.236285	-0.714929
2019-10-11.17:16:59	110.934	2824.55	-0.0415618	-4.14291
2019-10-11.17:17:00	118.618	2805.88	0.10011	-6.37116
2019-10-11.17:17:01	126.743	2783.21	0.0710585	-7.34804
2019-10-11.17:17:02	134.669	2758.76	-0.0229719	-7.17303
2019-10-11.17:17:03	141.836	2735.02	-9.19e-05	-6.00872
2019-10-11.17:17:04	147.768	2714.46	0.100462	-4.04487
2019-10-11.17:17:05	152.15	2699.36	0.105413	-1.46717
2019-10-11.17:17:06	154.796	2691.55	0.0345192	1.52452
2019-10-11.17:17:07	155.625	2692.17	0.0327766	4.74018
2019-10-11.17:17:08	154.651	2701.59	0.0811885	8.00634
2019-10-11.17:17:09	151.996	2719.4	0.0713019	11.1542
2019-10-11.17:17:10	147.877	2744.48	0.0243408	14.0199
2019-10-11.17:17:11	142.569	2775.16	0.0192027	16.457
[State]	StraightAndLevel
2019-10-11.17:17:12	136.39	2809.48	0.0414375	18.3311
2019-10-11.17:17:13	129.702	2845.29	0.0294265	19.505
2019-10-11.17:17:14	122.942	2880.52	-0.0194859	19.8683
2019-10-11.17:17:15	116.571	2913.29	-0.0611746	19.3357
2019-10-11.17:17:16	111.058	2942.03	-0.0755072	17.8704
2019-10-11.17:17:17	106.851	2965.54	-0.0828502	15.5114
2019-10-11.17:17:18	104.345	2982.98	-0.108482	12.3945
2019-10-11.17:17:19	103.801	2993.88	-0.148598	8.78005
2019-10-11.17:17:20	105.289	2998.12	-0.169379	5.03423
2019-10-11.17:17:21	108.654	2995.93	-0.138339	1.56047
2019-10-11.17:17:22	113.548	2987.91	-0.0634562	-1.29484
2019-10-11.17:17:23	119.486	2975.07	0.0035919	-3.29876
2019-10-11.17:17:24	125.929	2958.81	0.0207572	-4.35466
2019-10-11.17:17:25	132.359	2940.87	0.0089811	-4.48379
2019-10-11.17:17:26	138.307	2923.18	0.0203836	-3.77652
2019-10-11.17:17:27	143.368	2907.71	0.0550592	-2.36842
2019-10-11.17:17:28	147.244	2896.27	0.0653351	-0.410377
2019-10-11.17:17:29	149.749	2890.36	0.04642	1.94062
2019-10-11.17:17:30	150.785	2890.97	0.0396091	4.52696
2019-10-11.17:17:31	150.342	2898.52	0.0521956	7.19528
2019-10-11.17:17:32	148.497	2912.84	0.0526131	9.79817
2019-10-11.17:17:33	145.405	2933.2	0.0349454	12.196
2019-10-11.17:17:34	141.281	2958.4	0.0228819	14.2592
2019-10-11.17:17:35	136.388	2986.96	0.0223383	15.8677
2019-10-11.17:17:36	131.025	3017.21	0.0145289	16.9078
2019-10-11.17:17:37	125.549	3047.45	-0.0091703	17.2927
2019-10-11.17:17:38	120.335	3076.13	-0.0369803	16.9607
2019-10-11.17:17:39	115.763	3101.87	-0.0575694	15.8901
2019-10-11.17:17:40	112.19	3123.59	-0.0728218	14.1188
2019-10-11.17:17:41	109.918	3140.51	-0.0896355	11.7565
2019-10-11.17:17:42	109.157	3152.13	-0.106963	8.99023
2019-10-11.17:17:43	109.98	3158.3	-0.11322	6.07539
2019-10-11.17:17:44	112.308	3159.15	-0.0969923	3.29779
2019-10-11.17:17:45	115.911	3155.14	-0.0610953	0.920954
2019-10-11.17:17:46	120.446	3147.05	-0.0239788	-0.856577
2019-10-11.17:17:47	125.51	3135.98	-0.0022031	-1.92486
2019-10-11.17:17:48	130.691	3123.28	0.0071148	-2.26126
2019-10-11.17:17:49	135.603	3110.45	0.018983	-1.90658
2019-10-11.17:17:50	139.908	3099.06	0.0360135	-0.945025
2019-10-11.17:17:51	143.326	3090.59	0.044602	0.505799
2019-10-11.17:17:52	145.677	3086.24	0.0406497	2.32347
2019-10-11.17:17:53	146.855	3086.9	0.0373136	4.37802
2019-10-11.17:17:54	146.828	3093.02	0.0403354	6.53986
2019-10-11.17:17:55	145.636	3104.59	0.0402799	8.68264
2019-10-11.17:17:56	143.389	3121.16	0.0320986	10.6853
2019-10-11.17:17:57	140.25	3141.9	0.0227114	12.4352
2019-10-11.17:17:58	136.428	3165.7	0.0167016	13.8277
2019-10-11.17:17:59	132.164	3191.28	0.0082524	14.7675
2019-10-11.17:18:00	127.748	3217.27	-0.0070778	15.1835
2019-10-11.17:18:01	123.484	3242.38	-0.0257862	15.0277
2019-10-11.17:18:02	119.678	3265.45	-0.0427656	14.2851
2019-10-11.17:18:03	116.619	3285.5	-0.0571529	12.9847
2019-10-11.17:18:04	114.549	3301.81	-0.0703923	11.2085
2019-10-11.17:18:05	113.641	3313.9	-0.081034	9.0942
2019-10-11.17:18:06	113.972	3321.56	-0.0839089	6.82319
2019-10-11.17:18:07	115.507	3324.84	-0.0746295	4.60221
2019-10-11.17:18:08	118.101	3324.06	-0.0548288	2.63176
2019-10-11.17:18:09	121.514	3319.81	-0.0320927	1.07736
2019-10-11.17:18:10	125.449	3312.93	-0.013641	0.0450636
2019-10-11.17:18:11	129.586	3304.47	-0.0002625	-0.419531
2019-10-11.17:18:12	133.611	3295.61	0.0118491	-0.323902
2019-10-11.17:18:13	137.242	3287.58	0.0235936	0.28383
2019-10-11.17:18:14	140.238	3281.57	0.0312369	1.32523
2019-10-11.17:18:15	142.417	3278.61	0.0324611	2.70128
2019-10-11.17:18:16	143.671	3279.44	0.0315051	4.30957
2019-10-11.17:18:17	143.953	3284.54	0.032112	6.04256
2019-10-11.17:18:18	143.277	3294	0.0317026	7.79326
2019-10-11.17:18:19	141.712	3307.58	0.0271731	9.45821
2019-10-11.17:18:20	139.38	3324.72	0.0202643	10.9404
2019-10-11.17:18:21	136.441	3344.61	0.0136026	12.1489
2019-10-11.17:18:22	133.087	3366.27	0.0055261	13.0036
2019-10-11.17:18:23	129.55	3388.64	-0.0057249	13.4443
2019-10-11.17:18:24	126.075	3410.64	-0.0190728	13.4308
2019-10-11.17:18:25	122.908	3431.31	-0.0323114	12.9498
2019-10-11.17:18:26	120.283	3449.79	-0.0443487	12.0217
2019-10-11.17:18:27	118.4	3465.41	-0.0548741	10.7051
2019-10-11.17:18:28	117.408	3477.71	-0.062624	9.09804
2019-10-11.17:18:29	117.384	3486.45	-0.0650439	7.33283
2019-10-11.17:18:30	118.322	3491.6	-0.0601243	5.56184
2019-10-11.17:18:31	120.133	3493.37	-0.0485624	3.93812
2019-10-11.17:18:32	122.655	3492.19	-0.0337866	2.59468
2019-10-11.17:18:33	125.672	3488.69	-0.0194503	1.62902
2019-10-11.17:18:34	128.941	3483.67	-0.0069562	1.09609
2019-10-11.17:18:35	132.212	3478.05	0.0041686	1.00933
2019-10-11.17:18:36	135.248	3472.81	0.0138691	1.34671
2019-10-11.17:18:37	137.847	3468.89	0.0208481	2.0588
2019-10-11.17:18:38	139.842	3467.16	0.0244118	3.07501
2019-10-11.17:18:39	141.118	3468.28	0.0252512	4.31198
2019-10-11.17:18:40	141.619	3472.7	0.0252232	5.68371
2019-10-11.17:18:41	141.338	3480.58	0.0246061	7.10126
2019-10-11.17:18:42	140.315	3491.83	0.0220825	8.47726
2019-10-11.17:18:43	138.635	3506.09	0.0173421	9.72887
2019-10-11.17:18:44	136.416	3522.8	0.0112383	10.7769
2019-10-11.17:18:45	133.811	3541.21	0.0038525	11.5541
2019-10-11.17:18:46	131.002	3560.5	-0.0047538	12.008
2019-10-11.17:18:47	128.184	3579.82	-0.0144072	12.1031
2019-10-11.17:18:48	125.556	3598.33	-0.0246552	11.8256
2019-10-11.17:18:49	123.309	3615.33	-0.0346742	11.1875
2019-10-11.17:18:50	121.608	3630.19	-0.0433306	10.2295
2019-10-11.17:18:51	120.581	3642.5	-0.0493488	9.02136
2019-10-11.17:18:52	120.306	3651.97	-0.0515744	7.6585
2019-10-11.17:18:53	120.797	3658.53	-0.0493512	6.25323
2019-10-11.17:18:54	122.006	3662.29	-0.0428947	4.92229
2019-10-11.17:18:55	123.827	3663.54	-0.0333785	3.77288
2019-10-11.17:18:56	126.106	3662.74	-0.0225159	2.89068
2019-10-11.17:18:57	128.659	3660.5	-0.0118371	2.33237
2019-10-11.17:18:58	131.291	3657.53	-0.0022322	2.12337
2019-10-11.17:18:59	133.809	3654.59	0.0059034	2.25992
2019-10-11.17:19:00	136.04	3652.46	0.0122804	2.71366
2019-10-11.17:19:01	137.839	3651.84	0.0166624	3.43724
2019-10-11.17:19:02	139.097	3653.32	0.0190711	4.36923
2019-10-11.17:19:03	139.743	3657.32	0.0195551	5.43897
2019-10-11.17:19:04	139.757	3664.04	0.0186974	6.57472
2019-10-11.17:19:05	139.156	3673.5	0.0169598	7.70364
2019-10-11.17:19:06	137.996	3685.49	0.0140362	8.75515
2019-10-11.17:19:07	136.36	3699.62	0.0092542	9.66147
2019-10-11.17:19:08	134.368	3715.35	0.0028505	10.3654
2019-10-11.17:19:09	132.16	3732.05	-0.0041421	10.8203
2019-10-11.17:19:10	129.891	3749.05	-0.0113749	10.9941
2019-10-11.17:19:11	127.722	3765.66	-0.0191537	10.8714
2019-10-11.17:19:12	125.805	3781.27	-0.0272747	10.4573
2019-10-11.17:19:13	124.282	3795.35	-0.0345768	9.77826
2019-10-11.17:19:14	123.263	3807.48	-0.0396968	8.88318
2019-10-11.17:19:15	122.821	3817.4	-0.0419182	7.84061
2019-10-11.17:19:16	122.987	3824.98	-0.0412077	6.73341
2019-10-11.17:19:17	123.739	3830.26	-0.0377474	5.65055
2019-10-11.17:19:18	125.011	3833.41	-0.0317791	4.67761
2019-10-11.17:19:19	126.697	3834.76	-0.0239282	3.88776
2019-10-11.17:19:20	128.662	3834.77	-0.0153621	3.335
2019-10-11.17:19:21	130.755	3833.96	-0.0073085	3.05064
2019-10-11.17:19:22	132.822	3832.96	-0.000404	3.04292
2019-10-11.17:19:23	134.717	3832.36	0.0053052	3.29918
2019-10-11.17:19:24	136.314	3832.76	0.0097864	3.78933
2019-10-11.17:19:25	137.513	3834.66	0.012761	4.46992
2019-10-11.17:19:26	138.244	3838.44	0.0140712	5.2882
2019-10-11.17:19:27	138.471	3844.35	0.0139461	6.18581
2019-10-11.17:19:28	138.193	3852.45	0.0126901	7.10228
2019-10-11.17:19:29	137.441	3862.65	0.0103338	7.97797
2019-10-11.17:19:30	136.277	3874.71	0.0067731	8.75682
2019-10-11.17:19:31	134.786	3888.23	0.002114	9.38898
2019-10-11.17:19:32	133.076	3902.76	-0.003339	9.8333
2019-10-11.17:19:33	131.269	3917.75	-0.0093237	10.0598
2019-10-11.17:19:34	129.491	3932.66	-0.0156466	10.052
2019-10-11.17:19:35	127.87	3946.99	-0.021972	9.80907
2019-10-11.17:19:36	126.521	3960.26	-0.0277102	9.34684
2019-10-11.17:19:37	125.541	3972.09	-0.0321656	8.69841
2019-10-11.17:19:38	124.999	3982.23	-0.034771	7.91242
2019-10-11.17:19:39	124.933	3990.51	-0.0352041	7.04962
2019-10-11.17:19:40	125.342	3996.91	-0.0333922	6.17748
2019-10-11.17:19:41	126.188	4001.53	-0.0295245	5.36368
2019-10-11.17:19:42	127.401	4004.59	-0.0240841	4.66936
2019-10-11.17:19:43	128.884	4006.4	-0.0177858	4.14354
2019-10-11.17:19:44	130.523	4007.39	-0.0113722	3.81929
2019-10-11.17:19:45	132.197	4008	-0.0054037	3.71221
2019-10-11.17:19:46	133.786	4008.73	-0.0002193	3.8208
2019-10-11.17:19:47	135.183	4010.06	0.0039584	4.12837
2019-10-11.17:19:48	136.296	4012.42	0.0069582	4.60571
2019-10-11.17:19:49	137.058	4016.16	0.008706	5.21415
2019-10-11.17:19:50	137.428	4021.52	0.0092527	5.90868
2019-10-11.17:19:51	137.39	4028.61	0.008697	6.64093
2019-10-11.17:19:52	136.959	4037.42	0.0071012	7.36186
2019-10-11.17:19:53	136.172	4047.81	0.0045124	8.02433
2019-10-11.17:19:54	135.091	4059.52	0.0010318	8.58546
2019-10-11.17:19:55	133.795	4072.21	-0.0031754	9.00884
2019-10-11.17:19:56	132.378	4085.47	-0.0079165	9.2666
2019-10-11.17:19:57	130.94	4098.88	-0.0129703	9.34135
2019-10-11.17:19:58	129.584	4112.01	-0.0180392	9.22775
[State]	Descent
2019-10-11.17:19:59	128.405	4124.46	-0.0227275	8.9336
2019-10-11.17:20:00	127.488	4135.9	-0.0265876	8.48002
2019-10-11.17:20:01	126.897	4146.06	-0.0292046	7.90066
2019-10-11.17:20:02	126.673	4154.79	-0.0302704	7.23939
2019-10-11.17:20:03	126.827	4162	-0.0296397	6.54684
2019-10-11.17:20:04	127.345	4167.74	-0.027371	5.87582
2019-10-11.17:20:05	128.181	4172.14	-0.0237397	5.27649
2019-10-11.17:20:06	129.27	4175.41	-0.0191904	4.79181
2019-10-11.17:20:07	130.527	4177.86	-0.0142301	4.45403
2019-10-11.17:20:08	131.86	4179.84	-0.0093199	4.28265
2019-10-11.17:20:09	133.173	4181.73	-0.004823	4.28374
2019-10-11.17:20:10	134.373	4183.92	-0.001008	4.45065
2019-10-11.17:20:11	135.383	4186.76	0.0019387	4.76556
2019-10-11.17:20:12	136.138	4190.58	0.0039163	5.20163
2019-10-11.17:20:13	136.594	4195.61	0.004903	5.72536
2019-10-11.17:20:14	136.729	4201.97	0.0049258	6.29906
2019-10-11.17:20:15	136.541	4209.72	0.0040281	6.88325
2019-10-11.17:20:16	136.052	4218.79	0.002268	7.43884
2019-10-11.17:20:17	135.302	4229.02	-0.000267	7.92933
2019-10-11.17:20:18	134.349	4240.18	-0.003454	8.32272
2019-10-11.17:20:19	133.261	4251.96	-0.00714	8.59332
2019-10-11.17:20:20	132.118	4264.03	-0.0111379	8.72341
2019-10-11.17:20:21	131	4276.05	-0.0152129	8.70453
2019-10-11.17:20:22	129.988	4287.7	-0.0190775	8.5384
2019-10-11.17:20:23	129.152	4298.66	-0.0224128	8.23725
2019-10-11.17:20:24	128.551	4308.71	-0.0249083	7.82339
2019-10-11.17:20:25	128.228	4317.66	-0.0263077	7.32776
2019-10-11.17:20:26	128.201	4325.43	-0.0264536	6.78771
2019-10-11.17:20:27	128.471	4331.99	-0.0253234	6.24383
2019-10-11.17:20:28	129.012	4337.41	-0.0230466	5.73647
2019-10-11.17:20:29	129.782	4341.84	-0.0198849	5.30222
2019-10-11.17:20:30	130.722	4345.49	-0.0161791	4.97088
2019-10-11.17:20:31	131.761	4348.61	-0.0122842	4.76331
2019-10-11.17:20:32	132.824	4351.5	-0.0085209	4.69026
2019-10-11.17:20:33	133.838	4354.47	-0.0051524	4.75223
2019-10-11.17:20:34	134.732	4357.81	-0.0023762	4.94021
2019-10-11.17:20:35	135.45	4361.81	-0.0003217	5.23693
2019-10-11.17:20:36	135.948	4366.67	0.000945	5.61863
2019-10-11.17:20:37	136.198	4372.54	0.0014072	6.05692
2019-10-11.17:20:38	136.189	4379.51	0.0010806	6.52077
2019-10-11.17:20:39	135.929	4387.55	6.2e-06	6.97844
2019-10-11.17:20:40	135.443	4396.6	-0.0017492	7.39929
2019-10-11.17:20:41	134.769	4406.48	-0.0040914	7.75559
2019-10-11.17:20:42	133.957	4417	-0.0068992	8.024
2019-10-11.17:20:43	133.068	4427.91	-0.0100229	8.18708
2019-10-11.17:20:44	132.165	4438.92	-0.0132803	8.23438
2019-10-11.17:20:45	131.312	4449.77	-0.0164568	8.16333
2019-10-11.17:20:46	130.57	4460.21	-0.0193156	7.9796
2019-10-11.17:20:47	129.991	4470.02	-0.0216199	7.69696
2019-10-11.17:20:48	129.615	4479.03	-0.023161	7.33648
2019-10-11.17:20:49	129.467	4487.13	-0.0237894	6.92503
2019-10-11.17:20:50	129.555	4494.26	-0.0234423	6.4932
2019-10-11.17:20:51	129.871	4500.45	-0.0221596	6.07277
2019-10-11.17:20:52	130.387	4505.78	-0.0200821	5.6941
2019-10-11.17:20:53	131.065	4510.38	-0.0174267	5.38359
2019-10-11.17:20:54	131.854	4514.45	-0.0144493	5.16173
2019-10-11.17:20:55	132.697	4518.19	-0.0114083	5.0417
2019-10-11.17:20:56	133.534	4521.87	-0.0085367	5.02876
2019-10-11.17:20:57	134.307	4525.71	-0.0060262	5.12035
2019-10-11.17:20:58	134.966	4529.94	-0.0040195	5.30675
2019-10-11.17:20:59	135.47	4534.77	-0.0026088	5.57218
2019-10-11.17:21:00	135.788	4540.34	-0.001842	5.89617
2019-10-11.17:21:01	135.904	4546.75	-0.0017307	6.2551
2019-10-11.17:21:02	135.815	4554.02	-0.002257	6.62382
2019-10-11.17:21:03	135.534	4562.13	-0.0033773	6.97716
2019-10-11.17:21:04	135.085	4570.99	-0.005023	7.29146
2019-10-11.17:21:05	134.503	4580.44	-0.0071018	7.54599
2019-10-11.17:21:06	133.83	4590.33	-0.0094974	7.72412
2019-10-11.17:21:07	133.118	4600.43	-0.0120696	7.81442
2019-10-11.17:21:08	132.416	4610.53	-0.0146554	7.81143
2019-10-11.17:21:09	131.775	4620.42	-0.0170755	7.71612
2019-10-11.17:21:10	131.239	4629.9	-0.0191471	7.53596
2019-10-11.17:21:11	130.847	4638.83	-0.020701	7.28445
2019-10-11.17:21:12	130.625	4647.08	-0.0216032	6.98028
2019-10-11.17:21:13	130.587	4654.58	-0.0217737	6.64591
2019-10-11.17:21:14	130.734	4661.31	-0.0212021	6.30578
2019-10-11.17:21:15	131.054	4667.31	-0.0199511	5.98441
2019-10-11.17:21:16	131.521	4672.67	-0.0181482	5.7044
2019-10-11.17:21:17	132.1	4677.5	-0.0159663	5.4847
2019-10-11.17:21:18	132.75	4681.97	-0.0135993	5.33926
2019-10-11.17:21:19	133.423	4686.27	-0.0112387	5.27617
2019-10-11.17:21:20	134.075	4690.58	-0.0090564	5.29734
2019-10-11.17:21:21	134.661	4695.1	-0.0071934	5.39874
2019-10-11.17:21:22	135.144	4699.99	-0.0057538	5.57093
2019-10-11.17:21:23	135.492	4705.4	-0.0048055	5.8
2019-10-11.17:21:24	135.688	4711.43	-0.0043823	6.06872
2019-10-11.17:21:25	135.723	4718.14	-0.0044891	6.35776
2019-10-11.17:21:26	135.597	4725.53	-0.0051045	6.64697
2019-10-11.17:21:27	135.325	4733.56	-0.0061842	6.91665
2019-10-11.17:21:28	134.93	4742.14	-0.0076615	7.14876
2019-10-11.17:21:29	134.441	4751.15	-0.0094496	7.32801
2019-10-11.17:21:30	133.896	4760.43	-0.0114419	7.44276
2019-10-11.17:21:31	133.334	4769.83	-0.0135143	7.48584
2019-10-11.17:21:32	132.795	4779.16	-0.0155298	7.45499
2019-10-11.17:21:33	132.319	4788.27	-0.017346	7.35309
2019-10-11.17:21:34	131.938	4797.01	-0.0188264	7.188
2019-10-11.17:21:35	131.679	4805.27	-0.0198542	6.97203
2019-10-11.17:21:36	131.559	4812.96	-0.0203464	6.72109
2019-10-11.17:21:37	131.586	4820.05	-0.0202655	6.45345
2019-10-11.17:21:38	131.756	4826.54	-0.0196262	6.18838
2019-10-11.17:21:39	132.055	4832.47	-0.0184942	5.94457
2019-10-11.17:21:40	132.462	4837.91	-0.0169776	5.73876
2019-10-11.17:21:41	132.946	4842.98	-0.0152124	5.58451
2019-10-11.17:21:42	133.474	4847.82	-0.0133461	5.49122
2019-10-11.17:21:43	134.008	4852.57	-0.0115226	5.46369
2019-10-11.17:21:44	134.513	4857.38	-0.0098701	5.5019
2019-10-11.17:21:45	134.955	4862.4	-0.0084931	5.60127
2019-10-11.17:21:46	135.306	4867.77	-0.0074691	5.75318
2019-10-11.17:21:47	135.546	4873.57	-0.0068477	5.94575
2019-10-11.17:21:48	135.662	4879.88	-0.0066518	6.16471
2019-10-11.17:21:49	135.65	4886.72	-0.0068803	6.39444
2019-10-11.17:21:50	135.514	4894.1	-0.0075102	6.61898
2019-10-11.17:21:51	135.268	4901.97	-0.008498	6.82307
2019-10-11.17:21:52	134.931	4910.24	-0.0097818	6.99306
2019-10-11.17:21:53	134.531	4918.81	-0.011283	7.1178
2019-10-11.17:21:54	134.095	4927.56	-0.0129081	7.18929
2019-10-11.17:21:55	133.658	4936.35	-0.0145523	7.20322
2019-10-11.17:21:56	133.249	4945.05	-0.0161046	7.15928
2019-10-11.17:21:57	132.898	4953.54	-0.0174554	7.06115
2019-10-11.17:21:58	132.63	4961.7	-0.0185053	6.9163
2019-10-11.17:21:59	132.464	4969.45	-0.0191751	6.73544
2019-10-11.17:22:00	132.41	4976.74	-0.0194154	6.53173
2019-10-11.17:22:01	132.471	4983.55	-0.0192124	6.31981
2019-10-11.17:22:02	132.642	4989.89	-0.0185911	6.11466
2019-10-11.17:22:03	132.91	4995.8	-0.0176117	5.93048
2019-10-11.17:22:04	133.256	5001.36	-0.0163631	5.77964
2019-10-11.17:22:05	133.654	5006.65	-0.0149515	5.67181
2019-10-11.17:22:06	134.079	5011.79	-0.0134898	5.61331
2019-10-11.17:22:07	134.499	5016.9	-0.0120869	5.60681
2019-10-11.17:22:08	134.889	5022.09	-0.0108392	5.65126
2019-10-11.17:22:09	135.222	5027.48	-0.0098252	5.74216
2019-10-11.17:22:10	135.479	5033.16	-0.0091027	5.87192
2019-10-11.17:22:11	135.644	5039.21	-0.0087075	6.03061
2019-10-11.17:22:12	135.709	5045.67	-0.0086546	6.20657
2019-10-11.17:22:13	135.674	5052.55	-0.0089389	6.38733
2019-10-11.17:22:14	135.543	5059.84	-0.0095366	6.56035
2019-10-11.17:22:15	135.33	5067.5	-0.0104075	6.7139
2019-10-11.17:22:16	135.051	5075.46	-0.011496	6.83773
2019-10-11.17:22:17	134.728	5083.63	-0.0127334	6.92375
2019-10-11.17:22:18	134.385	5091.91	-0.0140406	6.96652
2019-10-11.17:22:19	134.048	5100.19	-0.0153318	6.96363
2019-10-11.17:22:20	133.74	5108.37	-0.0165195	6.9158
2019-10-11.17:22:21	133.484	5116.36	-0.0175207	6.82689
2019-10-11.17:22:22	133.298	5124.07	-0.018264	6.70355
2019-10-11.17:22:23	133.194	5131.44	-0.0186965	6.5548
2019-10-11.17:22:24	133.18	5138.44	-0.0187895	6.39134
2019-10-11.17:22:25	133.256	5145.06	-0.0185421	6.22475
2019-10-11.17:22:26	133.416	5151.31	-0.0179813	6.06661
2019-10-11.17:22:27	133.649	5157.23	-0.0171594	5.92767
2019-10-11.17:22:28	133.937	5162.9	-0.0161476	5.81707
2019-10-11.17:22:29	134.263	5168.37	-0.0150292	5.7417
2019-10-11.17:22:30	134.602	5173.75	-0.0138906	5.70581
2019-10-11.17:22:31	134.932	5179.13	-0.0128147	5.71075
