DateTime	AltitudeTape:altitude	AirspeedTape:airspeed	HeadingIndicator:heading	AttitudeIndicator:roll
[State]	Standing
2019-10-14.12:31:53	0.474726	1654.61	-0.0010306	0.0033878
[State]	Taxiing
2019-10-14.12:31:54	0.204895	1654.64	-0.0041994	0.0965602
2019-10-14.12:31:55	0.0715001	1654.77	-0.0294292	0.294305
2019-10-14.12:31:56	0.240449	1654.79	-0.0468263	-0.198354
2019-10-14.12:31:57	2.53354	1654.79	-0.147671	0.0152544
2019-10-14.12:31:58	6.14408	1654.79	-0.181359	0.193909
2019-10-14.12:31:59	10.04	1654.79	-0.20184	0.2647
2019-10-14.12:32:00	13.94	1654.79	-0.301465	0.313881
2019-10-14.12:32:01	17.7513	1654.79	-0.574894	0.395674
2019-10-14.12:32:02	21.5089	1654.79	-0.946949	0.510722
2019-10-14.12:32:03	25.2011	1654.79	-1.31394	0.592143
2019-10-14.12:32:04	28.818	1654.8	-1.59442	0.626702
2019-10-14.12:32:05	32.3635	1654.8	-1.76279	0.639021
2019-10-14.12:32:06	35.7893	1654.8	-1.92943	0.680723
2019-10-14.12:32:07	39.0831	1654.81	-2.06132	0.719349
2019-10-14.12:32:08	42.2584	1654.81	-2.13987	0.754411
2019-10-14.12:32:09	45.3409	1654.81	-2.16891	0.795504
2019-10-14.12:32:10	48.3614	1654.82	-2.1508	0.845228
2019-10-14.12:32:11	51.3487	1654.82	-2.07266	0.907794
2019-10-14.12:32:12	54.3243	1654.82	-1.95848	0.969958
2019-10-14.12:32:13	57.3029	1654.83	-1.8184	1.0315
2019-10-14.12:32:14	60.2949	1654.83	-1.65821	1.09361
2019-10-14.12:32:15	63.3078	1654.84	-1.48135	1.15697
2019-10-14.12:32:16	66.347	1654.84	-1.29005	1.22172
2019-10-14.12:32:17	69.4166	1654.85	-1.086	1.28776
2019-10-14.12:32:18	72.5195	1654.86	-0.870653	1.35491
2019-10-14.12:32:19	75.6575	1654.86	-0.645336	1.42293
2019-10-14.12:32:20	78.831	1654.87	-0.411386	1.49155
2019-10-14.12:32:21	82.0421	1654.88	-0.193906	1.55761
2019-10-14.12:32:22	85.329	1654.89	-0.130812	1.62151
2019-10-14.12:32:23	88.6701	1654.92	-0.0142092	3.26451
2019-10-14.12:32:24	91.2578	1655.95	0.0317856	12.3515
2019-10-14.12:32:25	91.0478	1663.22	0.0374017	11.8309
[State]	TakeOff
2019-10-14.12:32:26	90.5977	1671.19	0.0588258	11.5238
2019-10-14.12:32:27	90.2936	1678.19	0.0759301	11.1362
2019-10-14.12:32:28	90.0887	1684.57	0.0763176	11.4945
2019-10-14.12:32:29	89.8117	1691.04	0.0647541	11.5236
2019-10-14.12:32:30	89.5787	1697.43	0.0531468	11.4281
2019-10-14.12:32:31	89.359	1703.63	0.0489868	11.4944
2019-10-14.12:32:32	89.1098	1709.77	0.0528215	11.5277
2019-10-14.12:32:33	88.8767	1715.85	0.0591012	11.5645
2019-10-14.12:32:34	88.6705	1721.87	0.0623107	11.5875
2019-10-14.12:32:35	88.4939	1727.84	0.0608024	11.6011
2019-10-14.12:32:36	88.3314	1733.74	0.0567554	11.6135
2019-10-14.12:32:37	88.1705	1739.58	0.0534647	11.6294
2019-10-14.12:32:38	88.007	1745.37	0.052701	11.6492
2019-10-14.12:32:39	87.8454	1751.1	0.0539513	11.6696
2019-10-14.12:32:40	87.6934	1756.78	0.0554687	11.6872
[State]	Climb
2019-10-14.12:32:41	87.5557	1762.42	0.0558615	11.7002
2019-10-14.12:32:42	87.4354	1768	0.0549459	11.7092
2019-10-14.12:32:43	87.3291	1773.53	0.0534852	11.7196
2019-10-14.12:32:44	87.2326	1779	0.0524101	11.7294
2019-10-14.12:32:45	87.1445	1784.42	0.0521154	11.7392
2019-10-14.12:32:46	87.0655	1789.8	0.0523578	11.7479
2019-10-14.12:32:47	86.9967	1795.14	0.0526116	11.7547
2019-10-14.12:32:48	86.9383	1800.44	0.0525117	11.7594
2019-10-14.12:32:49	86.8888	1805.71	0.0520522	11.7626
2019-10-14.12:32:50	86.8463	1810.95	0.0514812	11.765
2019-10-14.12:32:51	86.8094	1816.16	0.0510556	11.767
2019-10-14.12:32:52	86.7774	1821.35	0.0508641	11.7686
2019-10-14.12:32:53	86.7502	1826.51	0.0508168	11.7696
2019-10-14.12:32:54	86.728	1831.66	0.0507591	11.7697
2019-10-14.12:32:55	86.7104	1836.79	0.0505949	11.769
2019-10-14.12:32:56	86.6969	1841.9	0.0503335	11.7678
2019-10-14.12:32:57	86.6868	1846.99	0.0500513	11.7661
2019-10-14.12:32:58	86.6794	1852.08	0.0498198	11.7642
2019-10-14.12:32:59	86.6744	1857.15	0.0496586	11.762
2019-10-14.12:33:00	86.6719	1862.21	0.0495372	11.7595
2019-10-14.12:33:01	86.6716	1867.27	0.0494104	11.7566
2019-10-14.12:33:02	86.6734	1872.31	0.0492526	11.7535
2019-10-14.12:33:03	86.677	1877.35	0.0490693	11.75
2019-10-14.12:33:04	86.6822	1882.38	0.0488836	11.7464
2019-10-14.12:33:05	86.6887	1887.41	0.0487154	11.7426
2019-10-14.12:33:06	86.6964	1892.43	0.0485686	11.7387
2019-10-14.12:33:07	86.7052	1897.44	0.0484328	11.7348
2019-10-14.12:33:08	86.7148	1902.45	0.0482938	11.7315
2019-10-14.12:33:09	86.7249	1907.46	0.048144	11.7289
2019-10-14.12:33:10	86.7349	1912.46	0.047986	11.7273
2019-10-14.12:33:11	86.7442	1917.47	0.0478272	11.7265
2019-10-14.12:33:12	86.7526	1922.47	0.0476734	11.7264
2019-10-14.12:33:13	86.7599	1927.48	0.0475253	11.7266
2019-10-14.12:33:14	86.7661	1932.49	0.0473795	11.7267
2019-10-14.12:33:15	86.7715	1937.5	0.0472323	11.7263
2019-10-14.12:33:16	86.7765	1942.5	0.0470822	11.7252
2019-10-14.12:33:17	86.7816	1947.51	0.0469303	11.7232
2019-10-14.12:33:18	86.7871	1952.51	0.0467792	11.7204
2019-10-14.12:33:19	86.7936	1957.51	0.0466308	11.7169
2019-10-14.12:33:20	86.801	1962.51	0.0464851	11.7131
2019-10-14.12:33:21	86.8095	1967.5	0.046341	11.7094
2019-10-14.12:33:22	86.8188	1972.48	0.0461972	11.7061
2019-10-14.12:33:23	86.8285	1977.46	0.0460531	11.7034
2019-10-14.12:33:24	86.8383	1982.44	0.0459087	11.7016
2019-10-14.12:33:25	86.8475	1987.42	0.0457645	11.7006
2019-10-14.12:33:26	86.856	1992.4	0.0456208	11.7002
2019-10-14.12:33:27	86.8634	1997.38	0.0454775	11.7002
2019-10-14.12:33:28	86.8699	2002.37	0.0453343	11.7002
2019-10-14.12:33:29	86.8756	2007.35	0.0451909	11.6998
2019-10-14.12:33:30	86.8809	2012.33	0.0450476	11.6987
2019-10-14.12:33:31	86.8861	2017.31	0.0449047	11.6969
2019-10-14.12:33:32	86.8917	2022.29	0.0447625	11.6943
2019-10-14.12:33:33	86.898	2027.26	0.0446215	11.6911
2019-10-14.12:33:34	86.9053	2032.23	0.0444816	11.6876
2019-10-14.12:33:35	86.9135	2037.2	0.0443426	11.684
2019-10-14.12:33:36	86.9224	2042.16	0.0442044	11.6808
2019-10-14.12:33:37	86.9318	2047.12	0.0440668	11.6781
2019-10-14.12:33:38	86.9413	2052.07	0.0439296	11.6761
2019-10-14.12:33:39	86.9505	2057.03	0.0437925	11.6749
2019-10-14.12:33:40	86.9589	2061.98	0.0436555	11.6743
2019-10-14.12:33:41	86.9666	2066.94	0.0435186	11.6741
2019-10-14.12:33:42	86.9733	2071.89	0.0433816	11.6739
2019-10-14.12:33:43	86.9793	2076.85	0.0432446	11.6734
2019-10-14.12:33:44	86.9848	2081.81	0.043108	11.6724
2019-10-14.12:33:45	86.9902	2086.76	0.0429717	11.6708
2019-10-14.12:33:46	86.9958	2091.71	0.0428362	11.6684
2019-10-14.12:33:47	87.0021	2096.66	0.0427015	11.6655
2019-10-14.12:33:48	87.0091	2101.61	0.0425677	11.6622
2019-10-14.12:33:49	87.0171	2106.55	0.0424348	11.6588
2019-10-14.12:33:50	87.0257	2111.48	0.0423027	11.6556
2019-10-14.12:33:51	87.0348	2116.42	0.0421712	11.6529
2019-10-14.12:33:52	87.0441	2121.35	0.0420402	11.6508
2019-10-14.12:33:53	87.0531	2126.28	0.0419094	11.6494
2019-10-14.12:33:54	87.0616	2131.21	0.0417787	11.6486
2019-10-14.12:33:55	87.0693	2136.14	0.041648	11.6481
2019-10-14.12:33:56	87.0762	2141.07	0.0415173	11.6478
2019-10-14.12:33:57	87.0824	2146	0.0413867	11.6473
2019-10-14.12:33:58	87.0882	2150.93	0.0412563	11.6463
2019-10-14.12:33:59	87.0937	2155.86	0.0411263	11.6448
2019-10-14.12:34:00	87.0995	2160.78	0.0409969	11.6426
2019-10-14.12:34:01	87.1057	2165.71	0.0408682	11.6399
2019-10-14.12:34:02	87.1126	2170.63	0.0407404	11.6368
2019-10-14.12:34:03	87.1202	2175.54	0.0406134	11.6336
2019-10-14.12:34:04	87.1286	2180.46	0.0404871	11.6305
2019-10-14.12:34:05	87.1374	2185.37	0.0403615	11.6278
2019-10-14.12:34:06	87.1464	2190.27	0.0402364	11.6257
2019-10-14.12:34:07	87.1553	2195.18	0.0401115	11.6241
2019-10-14.12:34:08	87.1638	2200.08	0.0399867	11.6231
2019-10-14.12:34:09	87.1716	2204.99	0.039862	11.6224
2019-10-14.12:34:10	87.1787	2209.89	0.0397374	11.6219
2019-10-14.12:34:11	87.1852	2214.8	0.0396127	11.6213
2019-10-14.12:34:12	87.1911	2219.7	0.0394883	11.6204
2019-10-14.12:34:13	87.1968	2224.6	0.0393643	11.619
2019-10-14.12:34:14	87.2027	2229.5	0.0392407	11.617
2019-10-14.12:34:15	87.2088	2234.4	0.0391178	11.6145
2019-10-14.12:34:16	87.2156	2239.3	0.0389957	11.6116
2019-10-14.12:34:17	87.2231	2244.19	0.0388743	11.6086
2019-10-14.12:34:18	87.2311	2249.08	0.0387537	11.6056
2019-10-14.12:34:19	87.2397	2253.96	0.0386337	11.6029
2019-10-14.12:34:20	87.2485	2258.85	0.0385141	11.6006
2019-10-14.12:34:21	87.2572	2263.73	0.0383949	11.5989
2019-10-14.12:34:22	87.2657	2268.61	0.0382758	11.5977
2019-10-14.12:34:23	87.2736	2273.49	0.0381568	11.5969
2019-10-14.12:34:24	87.2808	2278.36	0.0380379	11.5963
2019-10-14.12:34:25	87.2874	2283.24	0.037919	11.5956
2019-10-14.12:34:26	87.2936	2288.12	0.0378003	11.5947
2019-10-14.12:34:27	87.2995	2293	0.0376819	11.5933
2019-10-14.12:34:28	87.3054	2297.88	0.0375639	11.5915
2019-10-14.12:34:29	87.3116	2302.75	0.0374466	11.5892
2019-10-14.12:34:30	87.3182	2307.62	0.0373299	11.5865
2019-10-14.12:34:31	87.3255	2312.49	0.0372139	11.5836
2019-10-14.12:34:32	87.3333	2317.35	0.0370986	11.5807
2019-10-14.12:34:33	87.3416	2322.21	0.036984	11.578
2019-10-14.12:34:34	87.3502	2327.07	0.0368697	11.5758
2019-10-14.12:34:35	87.3588	2331.93	0.0367559	11.5739
2019-10-14.12:34:36	87.3672	2336.78	0.0366422	11.5726
2019-10-14.12:34:37	87.3751	2341.64	0.0365287	11.5716
2019-10-14.12:34:38	87.3825	2346.49	0.0364152	11.5708
2019-10-14.12:34:39	87.3893	2351.34	0.0363018	11.5701
2019-10-14.12:34:40	87.3956	2356.2	0.0361885	11.5691
2019-10-14.12:34:41	87.4017	2361.05	0.0360755	11.5679
2019-10-14.12:34:42	87.4077	2365.9	0.0359629	11.5661
2019-10-14.12:34:43	87.4138	2370.75	0.0358508	11.564
2019-10-14.12:34:44	87.4204	2375.59	0.0357394	11.5615
2019-10-14.12:34:45	87.4275	2380.44	0.0356285	11.5588
2019-10-14.12:34:46	87.4351	2385.28	0.0355184	11.556
2019-10-14.12:34:47	87.4432	2390.11	0.0354088	11.5533
2019-10-14.12:34:48	87.4516	2394.95	0.0352997	11.551
2019-10-14.12:34:49	87.46	2399.78	0.0351909	11.5491
2019-10-14.12:34:50	87.4683	2404.61	0.0350824	11.5476
2019-10-14.12:34:51	87.4762	2409.44	0.034974	11.5465
2019-10-14.12:34:52	87.4837	2414.27	0.0348657	11.5456
2019-10-14.12:34:53	87.4907	2419.1	0.0347575	11.5447
2019-10-14.12:34:54	87.4972	2423.92	0.0346495	11.5438
2019-10-14.12:34:55	87.5034	2428.75	0.0345417	11.5425
2019-10-14.12:34:56	87.5095	2433.58	0.0344342	11.5409
2019-10-14.12:34:57	87.5157	2438.4	0.0343271	11.5389
2019-10-14.12:34:58	87.5222	2443.22	0.0342207	11.5366
2019-10-14.12:34:59	87.5291	2448.04	0.0341148	11.534
2019-10-14.12:35:00	87.5366	2452.85	0.0340095	11.5313
2019-10-14.12:35:01	87.5444	2457.67	0.0339048	11.5288
2019-10-14.12:35:02	87.5526	2462.48	0.0338005	11.5264
2019-10-14.12:35:03	87.5609	2467.28	0.0336967	11.5244
2019-10-14.12:35:04	87.5691	2472.09	0.033593	11.5228
2019-10-14.12:35:05	87.577	2476.89	0.0334896	11.5216
2019-10-14.12:35:06	87.5845	2481.7	0.0333863	11.5205
2019-10-14.12:35:07	87.5916	2486.5	0.033283	11.5196
2019-10-14.12:35:08	87.5983	2491.3	0.0331799	11.5186
2019-10-14.12:35:09	87.6046	2496.11	0.033077	11.5174
2019-10-14.12:35:10	87.6108	2500.91	0.0329744	11.5159
2019-10-14.12:35:11	87.6171	2505.71	0.0328722	11.514
2019-10-14.12:35:12	87.6235	2510.5	0.0327705	11.5118
2019-10-14.12:35:13	87.6304	2515.3	0.0326693	11.5094
2019-10-14.12:35:14	87.6376	2520.09	0.0325687	11.5068
2019-10-14.12:35:15	87.6453	2524.88	0.0324687	11.5043
2019-10-14.12:35:16	87.6532	2529.66	0.0323691	11.502
2019-10-14.12:35:17	87.6614	2534.44	0.0322698	11.4999
2019-10-14.12:35:18	87.6695	2539.22	0.0321709	11.4982
2019-10-14.12:35:19	87.6774	2544	0.0320721	11.4968
2019-10-14.12:35:20	87.685	2548.78	0.0319735	11.4957
2019-10-14.12:35:21	87.6922	2553.56	0.031875	11.4946
2019-10-14.12:35:22	87.6989	2558.34	0.0317766	11.4936
2019-10-14.12:35:23	87.7054	2563.12	0.0316784	11.4924
2019-10-14.12:35:24	87.7117	2567.89	0.0315805	11.491
2019-10-14.12:35:25	87.718	2572.67	0.0314829	11.4892
2019-10-14.12:35:26	87.7288	2577.44	0.0315324	11.4144
2019-10-14.12:35:27	87.8384	2582.06	0.0324204	10.9828
2019-10-14.12:35:28	88.1087	2586.27	0.0329593	10.7017
2019-10-14.12:35:29	88.5034	2590.16	0.0333063	10.3833
2019-10-14.12:35:30	89.014	2593.75	0.0335653	10.0857
2019-10-14.12:35:31	89.6212	2597.11	0.0340017	9.7951
2019-10-14.12:35:32	90.3116	2600.27	0.0347422	9.51318
2019-10-14.12:35:33	91.0737	2603.27	0.0357223	9.23677
2019-10-14.12:35:34	91.8998	2606.16	0.0367674	8.96445
2019-10-14.12:35:35	92.784	2608.95	0.0377365	8.69496
2019-10-14.12:35:36	93.7183	2611.66	0.0385957	8.42964
2019-10-14.12:35:37	94.6948	2614.32	0.0394235	8.16374
2019-10-14.12:35:38	95.7124	2616.94	0.0403013	7.89733
2019-10-14.12:35:39	96.7701	2619.52	0.0412373	7.63214
2019-10-14.12:35:40	97.8671	2622.07	0.0421868	7.36764
2019-10-14.12:35:41	98.9978	2624.58	0.0431074	7.10656
2019-10-14.12:35:42	100.164	2627	0.0438739	6.87782
2019-10-14.12:35:43	101.354	2629.29	0.0445339	6.65885
2019-10-14.12:35:44	102.566	2631.47	0.0451649	6.46178
2019-10-14.12:35:45	103.786	2633.55	0.0458426	6.27374
2019-10-14.12:35:46	105.014	2635.59	0.0465545	6.08645
2019-10-14.12:35:47	106.246	2637.63	0.0473028	5.88835
2019-10-14.12:35:48	107.483	2639.67	0.0479793	5.69679
2019-10-14.12:35:49	108.725	2641.7	0.0485678	5.50529
2019-10-14.12:35:50	109.974	2643.71	0.0491013	5.3168
2019-10-14.12:35:51	111.222	2645.71	0.0496205	5.13446
2019-10-14.12:35:52	112.467	2647.68	0.0501412	4.9539
2019-10-14.12:35:53	113.705	2649.63	0.0506342	4.77966
2019-10-14.12:35:54	114.935	2651.54	0.051082	4.60813
2019-10-14.12:35:55	116.158	2653.42	0.0514848	4.4413
2019-10-14.12:35:56	117.374	2655.25	0.0518612	4.27862
2019-10-14.12:35:57	118.585	2657.05	0.0522224	4.12037
2019-10-14.12:35:58	119.789	2658.79	0.0525653	3.96662
2019-10-14.12:35:59	120.987	2660.49	0.0528824	3.81735
2019-10-14.12:36:00	122.176	2662.15	0.0531718	3.67354
2019-10-14.12:36:01	123.353	2663.75	0.0534394	3.53451
2019-10-14.12:36:02	124.517	2665.31	0.0536898	3.40037
2019-10-14.12:36:03	125.668	2666.82	0.0539223	3.27061
2019-10-14.12:36:04	126.805	2668.28	0.0541342	3.14546
2019-10-14.12:36:05	127.93	2669.69	0.0543266	3.02478
2019-10-14.12:36:06	129.04	2671.06	0.0545026	2.90887
2019-10-14.12:36:07	129.569	2673.5	0.0496212	6.88117
2019-10-14.12:36:08	128.133	2683.53	0.0517266	6.931
2019-10-14.12:36:09	127.212	2693.5	0.0555694	6.73564
2019-10-14.12:36:10	126.112	2703.49	0.0538299	7.72826
2019-10-14.12:36:11	124.682	2714.9	0.0502667	8.34299
2019-10-14.12:36:12	123.049	2727.16	0.0495008	8.62712
2019-10-14.12:36:13	121.481	2739.38	0.0510712	8.48145
2019-10-14.12:36:14	120.143	2750.85	0.0516271	8.14043
2019-10-14.12:36:15	119.134	2761.18	0.0504949	7.61489
2019-10-14.12:36:16	118.304	2770.58	0.0475032	8.08406
2019-10-14.12:36:17	117.309	2780.36	0.0463486	8.33451
2019-10-14.12:36:18	116.271	2790.36	0.0470653	8.44676
2019-10-14.12:36:19	115.287	2800.23	0.0477667	8.38913
2019-10-14.12:36:20	114.448	2809.66	0.0472966	8.17487
2019-10-14.12:36:21	113.715	2818.62	0.0452988	8.42147
2019-10-14.12:36:22	112.931	2827.65	0.0440963	8.49888
2019-10-14.12:36:23	112.185	2836.58	0.0441976	8.45887
2019-10-14.12:36:24	111.491	2845.3	0.0442296	8.60107
2019-10-14.12:36:25	110.803	2853.97	0.0438512	8.62346
2019-10-14.12:36:26	110.139	2862.52	0.042888	8.72459
2019-10-14.12:36:27	109.485	2871.01	0.0420606	8.7827
2019-10-14.12:36:28	108.837	2879.41	0.0415601	8.85763
2019-10-14.12:36:29	108.202	2887.72	0.0412626	8.9294
2019-10-14.12:36:30	107.577	2895.95	0.0408731	8.99629
2019-10-14.12:36:31	106.965	2904.1	0.0402778	9.06651
2019-10-14.12:36:32	106.366	2912.16	0.0396096	9.13266
2019-10-14.12:36:33	105.778	2920.14	0.0390146	9.19977
2019-10-14.12:36:34	105.202	2928.03	0.0385303	9.26499
2019-10-14.12:36:35	104.638	2935.84	0.0380766	9.32984
2019-10-14.12:36:36	104.084	2943.57	0.0375752	9.39383
2019-10-14.12:36:37	103.54	2951.22	0.0370301	9.4498
2019-10-14.12:36:38	103.01	2958.83	0.0365102	9.49871
2019-10-14.12:36:39	102.492	2966.38	0.0360196	9.5475
2019-10-14.12:36:40	101.988	2973.87	0.0355454	9.59617
2019-10-14.12:36:41	101.496	2981.32	0.0350725	9.64249
2019-10-14.12:36:42	101.017	2988.71	0.0345881	9.68872
2019-10-14.12:36:43	100.551	2996.06	0.0341024	9.73326
2019-10-14.12:36:44	100.098	3003.35	0.033625	9.77708
2019-10-14.12:36:45	99.6577	3010.59	0.0331606	9.82022
2019-10-14.12:36:46	99.2296	3017.78	0.0327075	9.862
2019-10-14.12:36:47	98.8144	3024.92	0.0322604	9.90472
2019-10-14.12:36:48	98.4119	3031.97	0.0317651	9.95862
2019-10-14.12:36:49	98.0206	3038.94	0.0312668	10.0077
2019-10-14.12:36:50	97.641	3045.83	0.0307852	10.0573
2019-10-14.12:36:51	97.271	3052.63	0.0303362	10.1022
2019-10-14.12:36:52	96.9297	3059.33	0.0300876	10.0509
2019-10-14.12:36:53	96.6678	3065.8	0.0300046	9.90734
2019-10-14.12:36:54	96.5216	3071.93	0.0299628	9.69644
2019-10-14.12:36:55	96.511	3077.66	0.0298935	9.44706
2019-10-14.12:36:56	96.6367	3082.97	0.0298138	9.19386
2019-10-14.12:36:57	96.8804	3087.91	0.029781	8.9717
2019-10-14.12:36:58	97.2081	3092.56	0.0298262	8.81041
2019-10-14.12:36:59	97.5752	3097.07	0.0299261	8.73052
2019-10-14.12:37:00	97.9359	3101.58	0.0300993	8.69137
2019-10-14.12:37:01	98.3776	3106.03	0.0311304	8.2384
2019-10-14.12:37:02	98.9659	3110.07	0.0317283	7.99935
2019-10-14.12:37:03	99.6439	3113.83	0.0321225	7.69052
2019-10-14.12:37:04	100.42	3117.26	0.0322744	7.44873
2019-10-14.12:37:05	101.269	3120.44	0.0326299	7.18322
2019-10-14.12:37:06	102.182	3123.36	0.0331985	6.95476
2019-10-14.12:37:07	103.149	3126.08	0.0339152	6.73142
2019-10-14.12:37:08	104.155	3128.63	0.0345719	6.53081
2019-10-14.12:37:09	105.194	3131.04	0.0351102	6.33387
2019-10-14.12:37:10	106.257	3133.37	0.0356413	6.12983
2019-10-14.12:37:11	107.341	3135.65	0.036204	5.93528
2019-10-14.12:37:12	108.442	3137.88	0.0368017	5.74191
2019-10-14.12:37:13	109.56	3140.06	0.0373814	5.55328
2019-10-14.12:37:14	110.694	3142.19	0.0379116	5.36751
2019-10-14.12:37:15	111.839	3144.27	0.0383941	5.18826
2019-10-14.12:37:16	112.986	3146.31	0.0388603	5.01231
2019-10-14.12:37:17	114.134	3148.31	0.0393204	4.84255
2019-10-14.12:37:18	115.279	3150.26	0.039767	4.67619
[State]	Cruise
2019-10-14.12:37:19	116.42	3152.16	0.0401826	4.51463
2019-10-14.12:37:20	117.559	3154.02	0.0405649	4.35711
2019-10-14.12:37:21	118.694	3155.82	0.0409232	4.20405
2019-10-14.12:37:22	119.825	3157.58	0.041267	4.05533
2019-10-14.12:37:23	120.952	3159.29	0.0415963	3.91092
2019-10-14.12:37:24	122.075	3160.95	0.0419059	3.77083
2019-10-14.12:37:25	123.19	3162.56	0.0421924	3.63614
2019-10-14.12:37:26	124.293	3164.12	0.0424602	3.50553
2019-10-14.12:37:27	125.386	3165.63	0.042712	3.37959
2019-10-14.12:37:28	126.467	3167.1	0.0429481	3.25773
2019-10-14.12:37:29	127.535	3168.52	0.0431668	3.14006
2019-10-14.12:37:30	128.592	3169.89	0.0433688	3.02651
2019-10-14.12:37:31	129.636	3171.21	0.0435561	2.91693
2019-10-14.12:37:32	130.668	3172.49	0.0437302	2.81124
2019-10-14.12:37:33	131.686	3173.73	0.0438912	2.70935
2019-10-14.12:37:34	132.691	3174.92	0.0440389	2.61112
2019-10-14.12:37:35	133.682	3176.07	0.0441742	2.51648
2019-10-14.12:37:36	134.658	3177.18	0.0442977	2.42559
2019-10-14.12:37:37	135.617	3178.25	0.0444096	2.33846
2019-10-14.12:37:38	136.557	3179.28	0.0445105	2.25476
2019-10-14.12:37:39	137.478	3180.28	0.0446002	2.17417
2019-10-14.12:37:40	138.381	3181.24	0.0446789	2.09673
2019-10-14.12:37:41	139.263	3182.16	0.0447523	2.02181
2019-10-14.12:37:42	140.124	3183.04	0.0448133	1.95049
2019-10-14.12:37:43	140.964	3183.9	0.0448636	1.88195
2019-10-14.12:37:44	141.783	3184.71	0.0449041	1.81618
2019-10-14.12:37:45	142.582	3185.5	0.0449362	1.75324
2019-10-14.12:37:46	143.36	3186.25	0.0449641	1.66907
2019-10-14.12:37:47	144.731	3185.06	0.0469208	-1.58057
2019-10-14.12:37:48	147.02	3178.61	0.0461082	-0.606774
2019-10-14.12:37:49	148.729	3173.9	0.0446603	-1.17843
2019-10-14.12:37:50	150.861	3167.57	0.0459055	-2.08255
2019-10-14.12:37:51	152.957	3160.24	0.0465125	-1.29062
2019-10-14.12:37:52	154.529	3154.8	0.0455512	-0.859487
2019-10-14.12:37:53	156.103	3149.63	0.0462541	-1.59945
2019-10-14.12:37:54	157.868	3143.07	0.0471779	-2.03424
2019-10-14.12:37:55	159.619	3135.88	0.0465686	-1.76073
2019-10-14.12:37:56	161.074	3129.6	0.0458595	-1.34263
2019-10-14.12:37:57	162.188	3124.66	0.0463651	-1.08762
2019-10-14.12:37:58	163.331	3119.78	0.0472548	-1.60562
2019-10-14.12:37:59	164.608	3113.83	0.0470593	-1.93558
2019-10-14.12:38:00	165.97	3107.08	0.0465341	-2.11196
2019-10-14.12:38:01	167.228	3100.3	0.0464463	-1.84762
2019-10-14.12:38:02	168.259	3094.33	0.0465536	-1.52996
2019-10-14.12:38:03	169.036	3089.41	0.0464294	-1.15528
2019-10-14.12:38:04	169.74	3085	0.046703	-1.56964
2019-10-14.12:38:05	170.591	3079.65	0.0468464	-1.87484
2019-10-14.12:38:06	171.542	3073.48	0.046574	-2.12278
2019-10-14.12:38:07	172.53	3066.76	0.0463146	-2.07154
2019-10-14.12:38:08	173.362	3060.45	0.0461972	-1.84079
2019-10-14.12:38:09	174.006	3054.93	0.0461519	-1.5539
2019-10-14.12:38:10	174.443	3050.35	0.0460454	-1.27068
2019-10-14.12:38:11	174.865	3046.03	0.0462689	-1.64582
2019-10-14.12:38:12	175.421	3040.83	0.0462595	-1.91983
2019-10-14.12:38:13	176.082	3034.86	0.0459781	-2.15615
2019-10-14.12:38:14	176.806	3028.3	0.0457919	-2.14703
2019-10-14.12:38:15	177.408	3022.03	0.0456085	-1.92935
2019-10-14.12:38:16	177.849	3016.5	0.0455013	-1.67772
2019-10-14.12:38:17	178.12	3011.8	0.0454053	-1.39877
2019-10-14.12:38:18	178.294	3007.69	0.0454856	-1.59748
2019-10-14.12:38:19	178.595	3002.91	0.0455229	-1.85346
2019-10-14.12:38:20	179.011	2997.36	0.045274	-2.09247
2019-10-14.12:38:21	179.526	2991.11	0.0451096	-2.2917
2019-10-14.12:38:22	180.019	2984.66	0.0448845	-2.06606
2019-10-14.12:38:23	180.366	2978.86	0.0446901	-1.84093
2019-10-14.12:38:24	180.564	2973.81	0.0446209	-1.5941
2019-10-14.12:38:25	180.613	2969.55	0.0445196	-1.42514
2019-10-14.12:38:26	180.695	2965.31	0.0446161	-1.72608
2019-10-14.12:38:27	180.905	2960.3	0.0445066	-1.96758
2019-10-14.12:38:28	181.23	2954.55	0.0442639	-2.19367
2019-10-14.12:38:29	181.644	2948.15	0.0441125	-2.24148
2019-10-14.12:38:30	181.97	2941.94	0.0438436	-2.01423
2019-10-14.12:38:31	182.159	2936.45	0.0437063	-1.78475
2019-10-14.12:38:32	182.208	2931.7	0.0436371	-1.5444
2019-10-14.12:38:33	182.145	2927.64	0.0435812	-1.57173
2019-10-14.12:38:34	182.181	2923.21	0.0436187	-1.8155
2019-10-14.12:38:35	182.34	2918.03	0.0434354	-2.04923
2019-10-14.12:38:36	182.614	2912.12	0.043231	-2.27061
2019-10-14.12:38:37	182.95	2905.67	0.0430394	-2.18219
2019-10-14.12:38:38	183.166	2899.69	0.042773	-1.96549
2019-10-14.12:38:39	183.249	2894.43	0.0426891	-1.73391
2019-10-14.12:38:40	183.199	2889.92	0.0425906	-1.49806
2019-10-14.12:38:41	183.089	2885.91	0.0425812	-1.66499
2019-10-14.12:38:42	183.106	2881.28	0.0425698	-1.89663
2019-10-14.12:38:43	183.248	2875.91	0.0423466	-2.1278
2019-10-14.12:38:44	183.504	2869.81	0.042189	-2.34651
2019-10-14.12:38:45	183.773	2863.4	0.0419338	-2.13053
2019-10-14.12:38:46	183.905	2857.66	0.0417084	-1.90521
2019-10-14.12:38:47	183.905	2852.66	0.0416571	-1.67107
2019-10-14.12:38:48	183.777	2848.4	0.0415283	-1.47508
2019-10-14.12:38:49	183.671	2844.27	0.0415804	-1.75432
2019-10-14.12:38:50	183.699	2839.39	0.0414931	-1.98978
2019-10-14.12:38:51	183.852	2833.77	0.0412628	-2.22109
2019-10-14.12:38:52	184.114	2827.43	0.0411062	-2.30469
2019-10-14.12:38:53	184.302	2821.24	0.0408121	-2.05369
2019-10-14.12:38:54	184.356	2815.8	0.040675	-1.81915
2019-10-14.12:38:55	184.278	2811.11	0.0406161	-1.58212
2019-10-14.12:38:56	184.104	2807.09	0.0405616	-1.6337
2019-10-14.12:38:57	184.041	2802.63	0.0405812	-1.87269
2019-10-14.12:38:58	184.11	2797.4	0.0403966	-2.1113
2019-10-14.12:38:59	184.302	2791.42	0.0402109	-2.34294
2019-10-14.12:39:00	184.538	2784.98	0.0399723	-2.16957
2019-10-14.12:39:01	184.639	2779.18	0.0397288	-1.93618
2019-10-14.12:39:02	184.605	2774.15	0.0396787	-1.69463
2019-10-14.12:39:03	184.442	2769.89	0.0395691	-1.4995
2019-10-14.12:39:04	184.306	2765.74	0.0396258	-1.78731
2019-10-14.12:39:05	184.312	2760.8	0.0395347	-2.03172
2019-10-14.12:39:06	184.449	2755.09	0.0393129	-2.27311
2019-10-14.12:39:07	184.688	2748.67	0.0391191	-2.26225
2019-10-14.12:39:08	184.822	2742.62	0.0388356	-2.01555
2019-10-14.12:39:09	184.817	2737.36	0.0387453	-1.76817
2019-10-14.12:39:10	184.679	2732.9	0.0386697	-1.52192
2019-10-14.12:39:11	184.504	2728.85	0.038695	-1.74408
2019-10-14.12:39:12	184.473	2724.08	0.0386605	-1.99293
2019-10-14.12:39:13	184.58	2718.5	0.0384414	-2.24288
2019-10-14.12:39:14	184.808	2712.16	0.0382559	-2.32316
2019-10-14.12:39:15	184.955	2705.99	0.0379584	-2.04913
2019-10-14.12:39:16	184.957	2700.65	0.0378448	-1.79402
2019-10-14.12:39:17	184.821	2696.12	0.0377878	-1.5397
2019-10-14.12:39:18	184.638	2692.08	0.0378169	-1.748
2019-10-14.12:39:19	184.602	2687.31	0.0377912	-2.00468
2019-10-14.12:39:20	184.708	2681.7	0.0375748	-2.26328
2019-10-14.12:39:21	184.936	2675.32	0.0373673	-2.30262
2019-10-14.12:39:22	185.065	2669.21	0.0370743	-2.02742
2019-10-14.12:39:23	185.046	2663.96	0.0369837	-1.76259
2019-10-14.12:39:24	184.885	2659.56	0.0369206	-1.51058
2019-10-14.12:39:25	184.721	2655.44	0.0369976	-1.80832
2019-10-14.12:39:26	184.708	2650.47	-0.63616	-2.08091
2019-10-14.12:39:27	184.28	2645.15	-9.58312	-2.4381
2019-10-14.12:39:28	183.16	2639.61	-18.2475	-2.54006
2019-10-14.12:39:29	182.063	2632.91	-26.8202	-2.35382
2019-10-14.12:39:30	180.957	2626.17	-30.0899	-2.32096
2019-10-14.12:39:31	180.059	2619.04	-30.0924	-2.6195
2019-10-14.12:39:32	179.209	2611.92	-30.093	-2.40851
2019-10-14.12:39:33	178.299	2605.23	-30.0912	-2.18158
2019-10-14.12:39:34	177.396	2598.82	-30.0919	-2.18354
2019-10-14.12:39:35	176.575	2592.45	-30.092	-2.24075
2019-10-14.12:39:36	175.834	2585.9	-30.0907	-2.27783
2019-10-14.12:39:37	175.187	2579.03	-30.0897	-2.40248
2019-10-14.12:39:38	174.67	2571.7	-30.0889	-2.52482
2019-10-14.12:39:39	174.157	2564.32	-30.0893	-2.37082
2019-10-14.12:39:40	173.618	2557.26	-30.0891	-2.2751
2019-10-14.12:39:41	173.08	2550.4	-30.0889	-2.23188
2019-10-14.12:39:42	172.568	2543.6	-30.0886	-2.23333
2019-10-14.12:39:43	172.103	2536.75	-30.0881	-2.26702
2019-10-14.12:39:44	171.699	2529.73	-30.0874	-2.33568
2019-10-14.12:39:45	171.369	2522.46	-30.0866	-2.43682
2019-10-14.12:39:46	171.115	2514.87	-30.0859	-2.45471
2019-10-14.12:39:47	170.845	2507.34	-30.086	-2.37665
[State]	Descent
2019-10-14.12:39:48	170.562	2500.01	-30.0858	-2.32114
2019-10-14.12:39:49	170.278	2492.8	-30.0855	-2.28657
2019-10-14.12:39:50	170.005	2485.66	-30.0852	-2.27792
2019-10-14.12:39:51	169.757	2478.51	-30.0848	-2.28992
2019-10-14.12:39:52	169.541	2471.29	-30.0843	-2.31854
2019-10-14.12:39:53	169.361	2463.97	-28.501	-2.34919
2019-10-14.12:39:54	169.142	2457.15	-22.4881	-2.22183
2019-10-14.12:39:55	168.717	2452.18	-18.0248	-2.29747
2019-10-14.12:39:56	168.584	2446.66	-15.408	-2.75489
2019-10-14.12:39:57	168.615	2439.8	-12.6933	-2.86078
2019-10-14.12:39:58	168.578	2433.29	-9.86826	-2.58225
2019-10-14.12:39:59	168.337	2428.01	-8.04951	-2.09063
2019-10-14.12:40:00	168.01	2423.57	-6.97638	-2.45383
2019-10-14.12:40:01	167.924	2418.03	-5.69579	-2.88444
2019-10-14.12:40:02	168.094	2411.32	-4.4338	-3.01683
2019-10-14.12:40:03	168.125	2404.9	-3.64183	-2.56305
2019-10-14.12:40:04	167.908	2399.73	-3.09538	-2.11934
2019-10-14.12:40:05	167.615	2395.33	-2.50033	-2.46573
2019-10-14.12:40:06	167.589	2389.9	-2.00311	-2.87798
2019-10-14.12:40:07	167.776	2383.28	-1.67992	-3.07469
2019-10-14.12:40:08	167.847	2376.75	-1.3436	-2.63714
2019-10-14.12:40:09	167.717	2371.32	-1.03946	-2.26456
2019-10-14.12:40:10	167.439	2366.87	-0.866049	-2.29799
2019-10-14.12:40:11	167.32	2361.96	-0.768701	-2.64315
2019-10-14.12:40:12	167.386	2356.05	-0.600155	-2.98291
2019-10-14.12:40:13	167.607	2349.24	-0.437178	-2.97397
2019-10-14.12:40:14	167.684	2342.82	-0.337596	-2.64655
2019-10-14.12:40:15	167.582	2337.34	-0.2892	-2.32557
2019-10-14.12:40:16	167.322	2332.77	-0.224522	-2.1922
2019-10-14.12:40:17	167.165	2328.1	-0.18685	-2.52678
2019-10-14.12:40:18	167.176	2322.55	-0.154501	-2.82142
2019-10-14.12:40:19	167.343	2316.16	-0.107848	-3.11091
2019-10-14.12:40:20	167.549	2309.29	-0.0563653	-2.87451
2019-10-14.12:40:21	167.595	2303.1	-0.0221527	-2.60934
2019-10-14.12:40:22	167.492	2297.71	-0.0229828	-2.33729
2019-10-14.12:40:23	167.252	2293.09	-0.0117714	-2.16679
2019-10-14.12:40:24	167.076	2288.51	-0.0102057	-2.45977
2019-10-14.12:40:25	167.047	2283.19	-0.0060732	-2.70997
2019-10-14.12:40:26	167.155	2277.15	0.0134595	-2.95876
2019-10-14.12:40:27	167.384	2270.41	0.0246571	-3.09354
2019-10-14.12:40:28	167.546	2263.68	0.046237	-2.8326
2019-10-14.12:40:29	167.576	2257.62	0.0541865	-2.60299
2019-10-14.12:40:30	167.479	2252.23	0.0448762	-2.37154
2019-10-14.12:40:31	167.266	2247.5	0.0478338	-2.15036
2019-10-14.12:40:32	167.017	2243.18	0.0487118	-2.22004
2019-10-14.12:40:33	166.824	2238.68	0.0401331	-2.29175
2019-10-14.12:40:34	166.687	2233.95	0.0461684	-2.37624
2019-10-14.12:40:35	166.608	2228.96	0.0544906	-2.46888
2019-10-14.12:40:36	166.546	2223.81	0.0591161	-2.22327
2019-10-14.12:40:37	166.284	2219.55	0.081925	-1.82319
2019-10-14.12:40:38	165.835	2216.42	0.0757108	-1.44654
2019-10-14.12:40:39	165.225	2214.31	0.0596666	-1.10445
2019-10-14.12:40:40	164.495	2213.07	0.0638851	-0.967295
2019-10-14.12:40:41	163.849	2211.86	0.0511931	-1.13392
2019-10-14.12:40:42	163.337	2210.14	0.0443957	-1.32335
2019-10-14.12:40:43	162.973	2207.81	0.0553423	-1.54785
2019-10-14.12:40:44	162.738	2204.86	0.0645727	-1.46996
2019-10-14.12:40:45	162.359	2202.44	0.0921665	-1.08763
2019-10-14.12:40:46	161.824	2201	0.085727	-0.756361
2019-10-14.12:40:47	161.158	2200.41	0.0637509	-0.467246
2019-10-14.12:40:48	160.405	2200.51	0.0671437	-0.365493
2019-10-14.12:40:49	159.75	2200.53	0.0599663	-0.564612
2019-10-14.12:40:50	159.248	2199.96	0.051543	-0.78771
2019-10-14.12:40:51	158.911	2198.7	0.0578636	-1.04677
2019-10-14.12:40:52	158.738	2196.7	0.06557	-1.14798
2019-10-14.12:40:53	158.482	2194.85	0.0958937	-0.763545
2019-10-14.12:40:54	158.074	2193.87	0.0983644	-0.459399
2019-10-14.12:40:55	157.54	2193.67	0.0719799	-0.188512
2019-10-14.12:40:56	156.907	2194.12	0.0692245	0.0348654
2019-10-14.12:40:57	156.287	2194.84	0.0738417	-0.137712
2019-10-14.12:40:58	155.815	2195.05	0.0591205	-0.343135
2019-10-14.12:40:59	155.495	2194.63	0.0570821	-0.586167
2019-10-14.12:41:00	155.336	2193.5	0.068471	-0.853288
2019-10-14.12:41:01	155.3	2191.73	0.077756	-0.766752
2019-10-14.12:41:02	155.133	2190.39	0.103821	-0.468654
2019-10-14.12:41:03	154.83	2189.82	0.0972099	-0.19494
2019-10-14.12:41:04	154.407	2189.93	0.0751103	0.0524257
2019-10-14.12:41:05	153.89	2190.63	0.0778832	0.261319
2019-10-14.12:41:06	153.375	2191.6	0.604731	0.0968698
2019-10-14.12:41:07	153.803	2190.22	8.84988	-2.45925
2019-10-14.12:41:08	155.311	2183.74	16.8101	-0.24805
2019-10-14.12:41:09	156.714	2178.57	24.7175	-0.706867
2019-10-14.12:41:10	159.197	2170.05	30.0554	-0.25152
2019-10-14.12:41:11	161.273	2162.85	30.0534	0.15754
2019-10-14.12:41:12	163.397	2156.13	30.05	-0.693742
2019-10-14.12:41:13	165.687	2147.84	30.0466	-0.908163
2019-10-14.12:41:14	167.789	2139.45	30.0483	-0.469985
2019-10-14.12:41:15	169.535	2132.39	30.0513	0.0089341
2019-10-14.12:41:16	171.051	2126.43	30.05	-0.351937
2019-10-14.12:41:17	172.673	2119.66	30.0486	-0.613535
2019-10-14.12:41:18	174.314	2112.27	30.0479	-0.753213
2019-10-14.12:41:19	175.908	2104.63	30.0478	-0.77621
2019-10-14.12:41:20	177.391	2097.13	30.048	-0.673645
2019-10-14.12:41:21	178.706	2090.12	30.0486	-0.457103
2019-10-14.12:41:22	179.806	2083.94	30.0497	-0.150505
2019-10-14.12:41:23	180.79	2078.34	30.0489	-0.413164
2019-10-14.12:41:24	181.857	2072.13	30.0481	-0.60666
2019-10-14.12:41:25	182.946	2065.44	30.0473	-0.708541
2019-10-14.12:41:26	184.014	2058.53	30.047	-0.743134
2019-10-14.12:41:27	185.026	2051.64	30.047	-0.706906
2019-10-14.12:41:28	185.945	2044.99	30.0472	-0.594859
2019-10-14.12:41:29	186.739	2038.81	30.0476	-0.423081
2019-10-14.12:41:30	187.388	2033.26	30.048	-0.294363
2019-10-14.12:41:31	188.043	2027.77	30.0472	-0.514948
2019-10-14.12:41:32	188.754	2021.77	30.0464	-0.64425
2019-10-14.12:41:33	189.472	2015.59	25.5082	-0.669862
2019-10-14.12:41:34	190.102	2010.45	21.0051	-0.839699
2019-10-14.12:41:35	190.847	2004.83	17.9519	-1.09077
2019-10-14.12:41:36	191.618	1998.51	15.1169	-1.17781
2019-10-14.12:41:37	192.386	1992.24	12.5165	-1.13308
2019-10-14.12:41:38	193.039	1986.52	10.6031	-0.882632
2019-10-14.12:41:39	193.484	1981.72	8.9677	-0.786062
2019-10-14.12:41:40	194.015	1976.66	7.49076	-1.17518
2019-10-14.12:41:41	194.701	1970.55	6.3897	-1.45161
2019-10-14.12:41:42	195.459	1963.63	5.44971	-1.48031
2019-10-14.12:41:43	196.104	1957.05	4.53476	-1.21674
2019-10-14.12:41:44	196.572	1951.43	3.81451	-0.917228
2019-10-14.12:41:45	196.86	1946.81	3.24182	-0.939346
2019-10-14.12:41:46	197.266	1941.61	2.70399	-1.29361
2019-10-14.12:41:47	197.83	1935.26	2.30168	-1.61284
2019-10-14.12:41:48	198.421	1928.39	1.96718	-1.31234
2019-10-14.12:41:49	198.788	1922.63	1.63322	-0.947533
2019-10-14.12:41:50	198.971	1918.03	1.35348	-1.02154
2019-10-14.12:41:51	199.304	1912.63	1.13193	-1.43356
2019-10-14.12:41:52	199.827	1905.87	0.963529	-1.51751
2019-10-14.12:41:53	200.196	1899.63	0.826585	-1.04923
2019-10-14.12:41:54	200.315	1894.9	0.664865	-0.985726
2019-10-14.12:41:55	200.577	1889.52	0.512673	-1.51734
2019-10-14.12:41:56	201.035	1882.66	0.463963	-1.35278
2019-10-14.12:41:57	201.23	1877.07	0.412082	-0.79508
2019-10-14.12:41:58	201.333	1872.31	0.254994	-1.40671
2019-10-14.12:41:59	201.735	1865.61	0.211262	-1.42872
2019-10-14.12:42:00	201.883	1859.99	0.263465	-0.738692
2019-10-14.12:42:01	202.004	1854.97	0.0908299	-1.63214
2019-10-14.12:42:02	202.346	1848.2	0.0859123	-1.05233
2019-10-14.12:42:03	202.344	1843.49	0.154347	-1.37561
2019-10-14.12:42:04	202.699	1836.84	-0.0306588	-1.23757
2019-10-14.12:42:05	202.687	1831.92	0.0732723	-1.33433
2019-10-14.12:42:06	203.034	1825.32	-0.0030527	-1.08472
2019-10-14.12:42:07	203.023	1820.49	-0.0097535	-1.75542
2019-10-14.12:42:08	203.267	1814.01	-0.0120016	-0.481212
2019-10-14.12:42:09	203.492	1808.19	-0.0528501	-1.24238
2019-10-14.12:42:10	203.514	1803.01	-0.0627958	-2.52344
2019-10-14.12:42:11	203.519	1797.56	-0.0351837	-3.1348
2019-10-14.12:42:12	203.476	1792.18	-0.0262329	-4.15158
2019-10-14.12:42:13	203.25	1787.07	-0.0625735	-6.19289
2019-10-14.12:42:14	202.604	1781.43	-0.141491	-5.54384
2019-10-14.12:42:15	200.883	1776.92	-0.114742	-0.380333
2019-10-14.12:42:16	198.481	1773.94	-0.0897834	3.75051
2019-10-14.12:42:17	196.025	1771.56	-0.0704094	6.39247
2019-10-14.12:42:18	193.708	1769.44	-0.013234	7.91573
2019-10-14.12:42:19	191.571	1767.45	0.0241457	8.63335
2019-10-14.12:42:20	189.617	1765.56	0.0362753	8.75724
2019-10-14.12:42:21	187.833	1763.74	0.0550372	8.37023
2019-10-14.12:42:22	186.198	1762.03	0.071018	7.47346
2019-10-14.12:42:23	184.68	1760.45	0.0747893	6.01257
2019-10-14.12:42:24	183.247	1759.04	0.0835629	3.9518
2019-10-14.12:42:25	181.845	1757.85	0.105565	1.33995
2019-10-14.12:42:26	180.413	1756.88	0.13724	-1.66352
2019-10-14.12:42:27	178.935	1756.12	0.1853	-4.80348
[State]	Landing
2019-10-14.12:42:28	177.441	1755.51	0.257224	-7.64398
2019-10-14.12:42:29	175.996	1754.91	0.345187	-9.667
2019-10-14.12:42:30	174.652	1754.18	0.436552	-10.4322
2019-10-14.12:42:31	173.43	1753.19	0.516952	-9.66309
2019-10-14.12:42:32	172.372	1751.85	0.567509	-7.27162
2019-10-14.12:42:33	171.474	1750.07	0.573596	-3.4629
2019-10-14.12:42:34	170.7	1747.85	0.530788	1.13953
2019-10-14.12:42:35	169.998	1745.34	0.440835	6.00326
2019-10-14.12:42:36	169.484	1742.89	0.320978	10.0914
2019-10-14.12:42:37	169.268	1740.94	0.198361	11.7689
2019-10-14.12:42:38	169.129	1739.83	0.104347	9.83421
2019-10-14.12:42:39	168.812	1739.7	0.0721404	4.343
2019-10-14.12:42:40	168.02	1740.35	0.121544	-2.38531
2019-10-14.12:42:41	166.873	1741.24	0.246346	-7.58642
2019-10-14.12:42:42	165.817	1741.65	0.395564	-9.17582
2019-10-14.12:42:43	165.028	1741.15	0.497991	-6.80013
2019-10-14.12:42:44	164.526	1739.64	0.505768	-1.38077
2019-10-14.12:42:45	164.177	1737.34	0.419516	4.99686
2019-10-14.12:42:46	164.042	1734.95	0.273349	10.1144
2019-10-14.12:42:47	164.255	1733.39	0.125387	11.2686
2019-10-14.12:42:48	164.396	1733.21	0.0388684	6.8383
2019-10-14.12:42:49	164.001	1734.3	0.0638761	-0.817026
2019-10-14.12:42:50	163.039	1735.82	0.198911	-6.8604
2019-10-14.12:42:51	162.175	1736.64	0.362598	-7.93272
2019-10-14.12:42:52	161.697	1736.15	0.445005	-4.01643
2019-10-14.12:42:53	161.527	1734.42	0.403612	2.51675
2019-10-14.12:42:54	161.551	1732.2	0.267486	8.51134
2019-10-14.12:42:55	161.944	1730.65	0.107905	10.6726
2019-10-14.12:42:56	162.324	1730.6	0.0055082	6.76747
2019-10-14.12:42:57	162.135	1731.96	0.0243856	-0.755209
2019-10-14.12:42:58	161.371	1733.71	0.160931	-6.37054
2019-10-14.12:42:59	160.737	1734.59	0.316474	-6.52822
2019-10-14.12:43:00	160.522	1733.98	0.375433	-1.81979
2019-10-14.12:43:01	160.562	1732.2	0.310128	4.6241
2019-10-14.12:43:02	160.857	1730.28	0.164339	9.44898
2019-10-14.12:43:03	161.437	1729.45	0.0219624	9.21121
2019-10-14.12:43:04	161.736	1730.21	-0.0319264	3.25031
2019-10-14.12:43:05	161.313	1732.01	0.0450466	-3.72273
2019-10-14.12:43:06	160.658	1733.54	0.204428	-6.6636
2019-10-14.12:43:07	160.336	1733.75	0.320012	-4.03282
2019-10-14.12:43:08	160.361	1732.53	0.315044	1.88099
2019-10-14.12:43:09	160.587	1730.65	0.202909	7.66478
2019-10-14.12:43:10	161.138	1729.34	0.0543732	9.78832
2019-10-14.12:43:11	161.656	1729.51	-0.0423846	5.95164
2019-10-14.12:43:12	161.563	1731.06	-0.0186105	-1.14329
2019-10-14.12:43:13	160.954	1732.88	0.119168	-6.03447
2019-10-14.12:43:14	160.498	1733.71	0.266618	-5.48104
2019-10-14.12:43:15	160.438	1733.05	0.314062	-0.516393
2019-10-14.12:43:16	160.592	1731.34	0.24261	5.59858
2019-10-14.12:43:17	161.017	1729.69	0.101643	9.53263
2019-10-14.12:43:18	161.623	1729.26	-0.0237606	8.09845
2019-10-14.12:43:19	161.831	1730.35	-0.0515838	1.69396
2019-10-14.12:43:20	161.348	1732.22	0.0471329	-4.6165
2019-10-14.12:43:21	160.765	1733.56	0.207199	-6.37618
2019-10-14.12:43:22	160.549	1733.52	0.304985	-2.94375
2019-10-14.12:43:23	160.617	1732.16	0.282714	3.06367
2019-10-14.12:43:24	160.891	1730.33	0.163371	8.37636
2019-10-14.12:43:25	161.47	1729.27	0.0216098	9.52518
2019-10-14.12:43:26	161.909	1729.71	-0.0567444	4.8565
2019-10-14.12:43:27	161.687	1731.38	-0.0121084	-2.16615
2019-10-14.12:43:28	161.053	1733.11	0.135856	-6.34845
2019-10-14.12:43:29	160.634	1733.75	0.276036	-5.07475
2019-10-14.12:43:30	160.591	1732.91	0.309771	0.20961
2019-10-14.12:43:31	160.743	1731.15	0.228182	6.2522
2019-10-14.12:43:32	161.182	1729.58	0.0857672	9.74415
2019-10-14.12:43:33	161.756	1729.29	-0.0328039	7.70689
