DateTime	AltitudeTape:altitude	AirspeedTape:airspeed	HeadingIndicator:heading	AttitudeIndicator:roll
[State]	Standing
2019-10-11.17:23:55	0.474726	1654.61	-0.0010306	0.0033878
[State]	Taxiing
2019-10-11.17:23:56	0.105824	1654.74	-0.0218118	0.477614
2019-10-11.17:23:57	0.0580021	1654.78	-0.0360724	-0.0208364
2019-10-11.17:23:58	1.11722	1654.79	-0.0772162	-0.115218
2019-10-11.17:23:59	4.26532	1654.79	-0.162729	0.117435
2019-10-11.17:24:00	8.08221	1654.79	-0.185233	0.233924
2019-10-11.17:24:01	11.9985	1654.79	-0.224724	0.285652
2019-10-11.17:24:02	15.8516	1654.79	-0.39437	0.327351
2019-10-11.17:24:03	19.6371	1654.79	-0.757514	0.459768
2019-10-11.17:24:04	23.3644	1654.79	-1.13617	0.556587
2019-10-11.17:24:05	27.0184	1654.8	-1.46735	0.613958
2019-10-11.17:24:06	30.6012	1654.8	-1.69592	0.635962
2019-10-11.17:24:07	34.0928	1654.8	-1.8524	0.662234
2019-10-11.17:24:08	37.4522	1654.8	-2.00145	0.700867
2019-10-11.17:24:09	40.6841	1654.81	-2.10789	0.737184
2019-10-11.17:24:10	43.8093	1654.81	-2.15973	0.773278
2019-10-11.17:24:11	46.857	1654.81	-2.16602	0.819796
2019-10-11.17:24:12	49.8577	1654.82	-2.1169	0.876086
2019-10-11.17:24:13	52.837	1654.82	-2.01925	0.939072
2019-10-11.17:24:14	55.8125	1654.82	-1.89124	1.00072
2019-10-11.17:24:15	58.7967	1654.83	-1.74056	1.06243
2019-10-11.17:24:16	61.7984	1654.83	-1.5717	1.12511
2019-10-11.17:24:17	64.8238	1654.84	-1.38739	1.18917
2019-10-11.17:24:18	67.8778	1654.85	-1.18952	1.25458
2019-10-11.17:24:19	70.9638	1654.85	-0.979655	1.32121
2019-10-11.17:24:20	74.0841	1654.86	-0.759158	1.38883
2019-10-11.17:24:21	77.2398	1654.87	-0.529355	1.45719
2019-10-11.17:24:22	80.4311	1654.88	-0.291613	1.52599
2019-10-11.17:24:23	83.6738	1654.88	-0.162582	1.58698
2019-10-11.17:24:24	86.9981	1654.9	-0.0716218	2.04685
2019-10-11.17:24:25	90.2666	1655.03	0.0482835	7.54912
2019-10-11.17:24:26	91.3259	1659	0.0282476	13.0978
2019-10-11.17:24:27	90.8144	1667.35	0.0476206	11.4892
2019-10-11.17:24:28	90.4123	1674.8	0.0690157	11.3209
2019-10-11.17:24:29	90.2034	1681.39	0.0782686	11.3158
[State]	TakeOff
2019-10-11.17:24:30	89.9499	1687.8	0.0713106	11.5302
2019-10-11.17:24:31	89.689	1694.26	0.0582624	11.4861
2019-10-11.17:24:32	89.4734	1700.55	0.0499617	11.4367
2019-10-11.17:24:33	89.2345	1706.7	0.0501589	11.5234
2019-10-11.17:24:34	88.9904	1712.82	0.0560728	11.5416
2019-10-11.17:24:35	88.7696	1718.87	0.0612983	11.5802
2019-10-11.17:24:36	88.5794	1724.86	0.0620759	11.5938
2019-10-11.17:24:37	88.4118	1730.8	0.0588779	11.6076
2019-10-11.17:24:38	88.2512	1736.67	0.0548498	11.6207
2019-10-11.17:24:39	88.0889	1742.48	0.0527512	11.6391
2019-10-11.17:24:40	87.9255	1748.24	0.0531746	11.6595
2019-10-11.17:24:41	87.7679	1753.95	0.0547876	11.6789
[State]	Climb
2019-10-11.17:24:42	87.6224	1759.61	0.055847	11.6944
2019-10-11.17:24:43	87.4935	1765.22	0.0555345	11.7046
2019-10-11.17:24:44	87.3808	1770.77	0.0542186	11.7144
2019-10-11.17:24:45	87.2798	1776.27	0.052858	11.7245
2019-10-11.17:24:46	87.1875	1781.72	0.0521682	11.7343
2019-10-11.17:24:47	87.1038	1787.12	0.0522015	11.7437
2019-10-11.17:24:48	87.0298	1792.48	0.0525138	11.7515
2019-10-11.17:24:49	86.9663	1797.8	0.0526147	11.7573
2019-10-11.17:24:50	86.9125	1803.08	0.0523146	11.7611
2019-10-11.17:24:51	86.8668	1808.33	0.051762	11.7639
2019-10-11.17:24:52	86.8273	1813.56	0.0512398	11.766
2019-10-11.17:24:53	86.7928	1818.76	0.050933	11.7678
2019-10-11.17:24:54	86.7632	1823.93	0.0508323	11.7692
2019-10-11.17:24:55	86.7385	1829.09	0.0507977	11.7697
2019-10-11.17:24:56	86.7187	1834.22	0.0506921	11.7695
2019-10-11.17:24:57	86.7032	1839.34	0.0504723	11.7685
2019-10-11.17:24:58	86.6915	1844.45	0.0501896	11.767
2019-10-11.17:24:59	86.6827	1849.54	0.0499266	11.7652
2019-10-11.17:25:00	86.6766	1854.62	0.0497315	11.7631
2019-10-11.17:25:01	86.6729	1859.68	0.0495959	11.7608
2019-10-11.17:25:02	86.6715	1864.74	0.0494768	11.7581
2019-10-11.17:25:03	86.6723	1869.79	0.0493357	11.7551
2019-10-11.17:25:04	86.675	1874.83	0.0491629	11.7518
2019-10-11.17:25:05	86.6794	1879.87	0.0489752	11.7482
2019-10-11.17:25:06	86.6853	1884.89	0.0487966	11.7445
2019-10-11.17:25:07	86.6924	1889.92	0.0486397	11.7407
2019-10-11.17:25:08	86.7007	1894.93	0.0485003	11.7367
2019-10-11.17:25:09	86.7099	1899.94	0.0483644	11.7331
2019-10-11.17:25:10	86.7198	1904.95	0.0482203	11.7301
2019-10-11.17:25:11	86.7299	1909.96	0.0480656	11.728
2019-10-11.17:25:12	86.7397	1914.96	0.0479063	11.7268
2019-10-11.17:25:13	86.7486	1919.97	0.0477495	11.7264
2019-10-11.17:25:14	86.7564	1924.98	0.0475987	11.7264
2019-10-11.17:25:15	86.7631	1929.98	0.0474524	11.7266
2019-10-11.17:25:16	86.7689	1934.99	0.0473063	11.7266
2019-10-11.17:25:17	86.774	1940	0.0471576	11.7259
2019-10-11.17:25:18	86.779	1945.01	0.0470063	11.7243
2019-10-11.17:25:19	86.7843	1950.01	0.0468545	11.7219
2019-10-11.17:25:20	86.7902	1955.01	0.0467046	11.7187
2019-10-11.17:25:21	86.7972	1960.01	0.0465576	11.715
2019-10-11.17:25:22	86.8052	1965	0.0464129	11.7112
2019-10-11.17:25:23	86.8141	1969.99	0.0462691	11.7077
2019-10-11.17:25:24	86.8237	1974.97	0.0461252	11.7047
2019-10-11.17:25:25	86.8334	1979.95	0.0459809	11.7024
2019-10-11.17:25:26	86.843	1984.93	0.0458366	11.701
2019-10-11.17:25:27	86.8519	1989.91	0.0456926	11.7004
2019-10-11.17:25:28	86.8598	1994.89	0.0455491	11.7002
2019-10-11.17:25:29	86.8668	1999.88	0.0454059	11.7002
2019-10-11.17:25:30	86.8729	2004.86	0.0452626	11.7
2019-10-11.17:25:31	86.8783	2009.84	0.0451192	11.6993
2019-10-11.17:25:32	86.8835	2014.82	0.0449761	11.6979
2019-10-11.17:25:33	86.8888	2019.8	0.0448335	11.6957
2019-10-11.17:25:34	86.8948	2024.78	0.0446919	11.6928
2019-10-11.17:25:35	86.9016	2029.75	0.0445514	11.6894
2019-10-11.17:25:36	86.9093	2034.71	0.044412	11.6858
2019-10-11.17:25:37	86.9179	2039.68	0.0442734	11.6823
2019-10-11.17:25:38	86.9271	2044.64	0.0441356	11.6794
2019-10-11.17:25:39	86.9366	2049.59	0.0439981	11.677
2019-10-11.17:25:40	86.946	2054.55	0.043861	11.6755
2019-10-11.17:25:41	86.9548	2059.5	0.043724	11.6746
2019-10-11.17:25:42	86.9629	2064.46	0.0435871	11.6742
2019-10-11.17:25:43	86.97	2069.42	0.0434501	11.674
2019-10-11.17:25:44	86.9764	2074.37	0.0433131	11.6737
2019-10-11.17:25:45	86.9821	2079.33	0.0431763	11.673
2019-10-11.17:25:46	86.9874	2084.28	0.0430398	11.6717
2019-10-11.17:25:47	86.9929	2089.24	0.0429039	11.6697
2019-10-11.17:25:48	86.9989	2094.19	0.0427687	11.667
2019-10-11.17:25:49	87.0055	2099.13	0.0426345	11.6638
2019-10-11.17:25:50	87.013	2104.08	0.0425011	11.6605
2019-10-11.17:25:51	87.0213	2109.01	0.0423687	11.6571
2019-10-11.17:25:52	87.0302	2113.95	0.0422369	11.6542
2019-10-11.17:25:53	87.0394	2118.88	0.0421057	11.6518
2019-10-11.17:25:54	87.0486	2123.81	0.0419748	11.65
2019-10-11.17:25:55	87.0574	2128.74	0.0418441	11.6489
2019-10-11.17:25:56	87.0655	2133.67	0.0417134	11.6483
2019-10-11.17:25:57	87.0729	2138.6	0.0415827	11.648
2019-10-11.17:25:58	87.0794	2143.53	0.041452	11.6476
2019-10-11.17:25:59	87.0854	2148.46	0.0413214	11.6469
2019-10-11.17:26:00	87.091	2153.39	0.0411912	11.6456
2019-10-11.17:26:01	87.0966	2158.32	0.0410615	11.6438
2019-10-11.17:26:02	87.1025	2163.25	0.0409324	11.6413
2019-10-11.17:26:03	87.109	2168.17	0.0408042	11.6384
2019-10-11.17:26:04	87.1163	2173.09	0.0406768	11.6352
2019-10-11.17:26:05	87.1243	2178	0.0405502	11.632
2019-10-11.17:26:06	87.133	2182.91	0.0404243	11.6291
2019-10-11.17:26:07	87.1419	2187.82	0.0402989	11.6267
2019-10-11.17:26:08	87.1509	2192.72	0.0401739	11.6248
2019-10-11.17:26:09	87.1596	2197.63	0.0400491	11.6235
2019-10-11.17:26:10	87.1678	2202.53	0.0399244	11.6227
2019-10-11.17:26:11	87.1753	2207.44	0.0397997	11.6222
2019-10-11.17:26:12	87.182	2212.34	0.039675	11.6217
2019-10-11.17:26:13	87.1882	2217.25	0.0395505	11.6209
2019-10-11.17:26:14	87.194	2222.15	0.0394262	11.6198
2019-10-11.17:26:15	87.1997	2227.05	0.0393024	11.6181
2019-10-11.17:26:16	87.2057	2231.95	0.0391792	11.6158
2019-10-11.17:26:17	87.2122	2236.85	0.0390567	11.6131
2019-10-11.17:26:18	87.2192	2241.74	0.0389349	11.6101
2019-10-11.17:26:19	87.227	2246.63	0.0388139	11.607
2019-10-11.17:26:20	87.2354	2251.52	0.0386936	11.6042
2019-10-11.17:26:21	87.2441	2256.4	0.0385738	11.6017
2019-10-11.17:26:22	87.2529	2261.29	0.0384545	11.5997
2019-10-11.17:26:23	87.2615	2266.17	0.0383353	11.5983
2019-10-11.17:26:24	87.2697	2271.05	0.0382163	11.5973
2019-10-11.17:26:25	87.2773	2275.93	0.0380973	11.5966
2019-10-11.17:26:26	87.2842	2280.8	0.0379784	11.596
2019-10-11.17:26:27	87.2906	2285.68	0.0378596	11.5952
2019-10-11.17:26:28	87.2966	2290.56	0.037741	11.5941
2019-10-11.17:26:29	87.3024	2295.44	0.0376228	11.5925
2019-10-11.17:26:30	87.3084	2300.31	0.0375052	11.5904
2019-10-11.17:26:31	87.3148	2305.19	0.0373881	11.5879
2019-10-11.17:26:32	87.3218	2310.05	0.0372718	11.5851
2019-10-11.17:26:33	87.3293	2314.92	0.0371562	11.5821
2019-10-11.17:26:34	87.3374	2319.78	0.0370412	11.5793
2019-10-11.17:26:35	87.3459	2324.64	0.0369268	11.5769
2019-10-11.17:26:36	87.3545	2329.5	0.0368128	11.5748
2019-10-11.17:26:37	87.363	2334.35	0.036699	11.5732
2019-10-11.17:26:38	87.3712	2339.21	0.0365854	11.572
2019-10-11.17:26:39	87.3789	2344.06	0.0364719	11.5712
2019-10-11.17:26:40	87.3859	2348.92	0.0363584	11.5705
2019-10-11.17:26:41	87.3925	2353.77	0.0362451	11.5696
2019-10-11.17:26:42	87.3987	2358.62	0.036132	11.5685
2019-10-11.17:26:43	87.4046	2363.47	0.0360192	11.5671
2019-10-11.17:26:44	87.4107	2368.32	0.0359068	11.5651
2019-10-11.17:26:45	87.4171	2373.17	0.035795	11.5628
2019-10-11.17:26:46	87.4239	2378.02	0.0356839	11.5601
2019-10-11.17:26:47	87.4312	2382.86	0.0355734	11.5574
2019-10-11.17:26:48	87.4391	2387.7	0.0354635	11.5546
2019-10-11.17:26:49	87.4474	2392.53	0.0353542	11.5521
2019-10-11.17:26:50	87.4558	2397.36	0.0352453	11.55
2019-10-11.17:26:51	87.4642	2402.19	0.0351366	11.5483
2019-10-11.17:26:52	87.4723	2407.02	0.0350282	11.547
2019-10-11.17:26:53	87.48	2411.85	0.0349199	11.546
2019-10-11.17:26:54	87.4873	2416.68	0.0348116	11.5451
2019-10-11.17:26:55	87.494	2421.51	0.0347035	11.5443
2019-10-11.17:26:56	87.5003	2426.34	0.0345955	11.5432
2019-10-11.17:26:57	87.5064	2431.16	0.0344879	11.5418
2019-10-11.17:26:58	87.5125	2435.99	0.0343806	11.54
2019-10-11.17:26:59	87.5189	2440.81	0.0342738	11.5378
2019-10-11.17:27:00	87.5256	2445.63	0.0341676	11.5353
2019-10-11.17:27:01	87.5328	2450.45	0.0340621	11.5327
2019-10-11.17:27:02	87.5404	2455.26	0.0339571	11.53
2019-10-11.17:27:03	87.5485	2460.07	0.0338526	11.5276
2019-10-11.17:27:04	87.5567	2464.88	0.0337486	11.5254
2019-10-11.17:27:05	87.565	2469.69	0.0336448	11.5236
2019-10-11.17:27:06	87.5731	2474.49	0.0335413	11.5221
2019-10-11.17:27:07	87.5808	2479.3	0.0334379	11.521
2019-10-11.17:27:08	87.5881	2484.1	0.0333346	11.52
2019-10-11.17:27:09	87.595	2488.9	0.0332314	11.5191
2019-10-11.17:27:10	87.6015	2493.71	0.0331284	11.518
2019-10-11.17:27:11	87.6077	2498.51	0.0330257	11.5167
2019-10-11.17:27:12	87.6139	2503.31	0.0329233	11.515
2019-10-11.17:27:13	87.6203	2508.1	0.0328213	11.513
2019-10-11.17:27:14	87.6269	2512.9	0.0327198	11.5106
2019-10-11.17:27:15	87.6339	2517.69	0.032619	11.5081
2019-10-11.17:27:16	87.6414	2522.48	0.0325186	11.5056
2019-10-11.17:27:17	87.6492	2527.27	0.0324188	11.5031
2019-10-11.17:27:18	87.6573	2532.05	0.0323194	11.5009
2019-10-11.17:27:19	87.6654	2536.83	0.0322203	11.499
2019-10-11.17:27:20	87.6735	2541.62	0.0321215	11.4975
2019-10-11.17:27:21	87.6812	2546.39	0.0320228	11.4962
2019-10-11.17:27:22	87.6886	2551.17	0.0319243	11.4951
2019-10-11.17:27:23	87.6956	2555.95	0.0318258	11.4941
2019-10-11.17:27:24	87.7022	2560.73	0.0317275	11.493
2019-10-11.17:27:25	87.7086	2565.51	0.0316294	11.4917
2019-10-11.17:27:26	87.7148	2570.28	0.0315316	11.4901
2019-10-11.17:27:27	87.7212	2575.05	0.0314343	11.4882
2019-10-11.17:27:28	87.7616	2579.79	0.0319636	11.1944
2019-10-11.17:27:29	87.9569	2584.21	0.0327339	10.838
[State]	Cruise
2019-10-11.17:27:30	88.2908	2588.25	0.0331498	10.5439
2019-10-11.17:27:31	88.7456	2591.99	0.033432	10.2319
2019-10-11.17:27:32	89.3064	2595.46	0.0337476	9.93989
2019-10-11.17:27:33	89.9568	2598.71	0.0343343	9.653
2019-10-11.17:27:34	90.6842	2601.79	0.0352122	9.37452
2019-10-11.17:27:35	91.4791	2604.73	0.0362479	9.10012
2019-10-11.17:27:36	92.3349	2607.57	0.037266	8.82944
2019-10-11.17:27:37	93.2455	2610.32	0.0381785	8.56149
2019-10-11.17:27:38	94.2014	2613	0.039006	8.29748
2019-10-11.17:27:39	95.1985	2615.64	0.0398546	8.03004
2019-10-11.17:27:40	96.2362	2618.23	0.0407636	7.76486
2019-10-11.17:27:41	97.314	2620.8	0.0417148	7.49949
2019-10-11.17:27:42	98.4284	2623.33	0.0426456	7.23718
2019-10-11.17:27:43	99.5769	2625.81	0.0435218	6.98348
2019-10-11.17:27:44	100.756	2628.16	0.044205	6.77125
2019-10-11.17:27:45	101.958	2630.39	0.044853	6.554
2019-10-11.17:27:46	103.175	2632.52	0.0454943	6.3694
2019-10-11.17:27:47	104.4	2634.57	0.0461874	6.18165
2019-10-11.17:27:48	105.63	2636.61	0.0469337	5.98612
2019-10-11.17:27:49	106.864	2638.65	0.0476519	5.793
2019-10-11.17:27:50	108.103	2640.68	0.048284	5.60041
2019-10-11.17:27:51	109.349	2642.71	0.0488378	5.41086
2019-10-11.17:27:52	110.599	2644.71	0.0493609	5.225
2019-10-11.17:27:53	111.845	2646.7	0.0498819	5.0437
2019-10-11.17:27:54	113.087	2648.66	0.0503926	4.86634
2019-10-11.17:27:55	114.321	2650.59	0.0508645	4.69326
2019-10-11.17:27:56	115.547	2652.48	0.0512878	4.52429
2019-10-11.17:27:57	116.767	2654.34	0.0516754	4.35935
2019-10-11.17:27:58	117.98	2656.15	0.0520436	4.19896
2019-10-11.17:27:59	119.187	2657.92	0.0523966	4.04293
2019-10-11.17:28:00	120.388	2659.65	0.0527273	3.89142
2019-10-11.17:28:01	121.583	2661.33	0.0530306	3.74452
2019-10-11.17:28:02	122.766	2662.95	0.0533077	3.60362
2019-10-11.17:28:03	123.937	2664.54	0.0535667	3.46685
2019-10-11.17:28:04	125.094	2666.07	0.0538085	3.33488
2019-10-11.17:28:05	126.238	2667.56	0.0540308	3.20751
2019-10-11.17:28:06	127.369	2668.99	0.0542326	3.08456
2019-10-11.17:28:07	128.487	2670.38	0.0544165	2.96605
2019-10-11.17:28:08	129.577	2671.59	-4.65651	0.918949
2019-10-11.17:28:09	131.817	2667.49	-13.1341	-1.87727
2019-10-11.17:28:10	133.673	2660.19	-21.2993	-0.0254482
2019-10-11.17:28:11	135.283	2653.87	-29.6408	-1.08594
2019-10-11.17:28:12	137.526	2645.09	-30.0796	-2.38657
2019-10-11.17:28:13	139.582	2635.73	-30.0896	-1.72649
2019-10-11.17:28:14	141.049	2628.39	-30.0871	-1.14348
2019-10-11.17:28:15	142.475	2621.41	-30.0796	-1.33926
2019-10-11.17:28:16	143.9	2613.84	-30.0797	-1.58666
2019-10-11.17:28:17	145.312	2606.07	-30.0814	-1.78992
2019-10-11.17:28:18	146.616	2598.41	-30.0809	-1.6369
2019-10-11.17:28:19	147.685	2591.27	-30.0802	-1.24887
2019-10-11.17:28:20	148.535	2584.91	-30.0795	-1.32381
2019-10-11.17:28:21	149.435	2578.36	-30.0787	-1.51518
2019-10-11.17:28:22	150.328	2571.55	-30.0779	-1.57139
2019-10-11.17:28:23	151.153	2564.74	-30.0774	-1.50776
2019-10-11.17:28:24	151.866	2558.17	-30.0775	-1.37738
2019-10-11.17:28:25	152.456	2552.01	-30.0774	-1.36295
2019-10-11.17:28:26	153.052	2545.86	-30.0762	-1.44546
2019-10-11.17:28:27	153.627	2539.58	-30.0756	-1.45492
2019-10-11.17:28:28	154.156	2533.35	-30.0755	-1.41925
2019-10-11.17:28:29	154.614	2527.31	-30.0756	-1.32876
2019-10-11.17:28:30	154.979	2521.59	-29.1523	-1.17688
2019-10-11.17:28:31	155.149	2516.86	-22.4245	-0.789708
2019-10-11.17:28:32	155.016	2514.41	-17.5142	-1.05217
2019-10-11.17:28:33	155.114	2511.67	-14.6569	-1.13191
2019-10-11.17:28:34	155.21	2508.55	-12.1251	-1.08078
2019-10-11.17:28:35	155.289	2505.61	-9.33664	-1.07302
2019-10-11.17:28:36	155.31	2503.12	-7.24719	-0.884498
2019-10-11.17:28:37	155.19	2501.33	-6.11748	-0.533931
2019-10-11.17:28:38	154.872	2500.42	-5.07456	-0.17083
2019-10-11.17:28:39	154.446	2500.31	-3.85137	-0.219434
2019-10-11.17:28:40	154.168	2499.93	-3.00578	-0.442797
2019-10-11.17:28:41	154.021	2498.95	-2.59962	-0.642194
2019-10-11.17:28:42	153.972	2497.41	-2.16884	-0.840694
2019-10-11.17:28:43	154.045	2495.33	-1.60386	-0.964973
2019-10-11.17:28:44	154.069	2493.31	-1.18548	-0.638053
2019-10-11.17:28:45	153.936	2492.05	-1.0241	-0.353366
2019-10-11.17:28:46	153.652	2491.52	-0.871322	-0.0745488
2019-10-11.17:28:47	153.249	2491.69	-0.616537	0.169516
2019-10-11.17:28:48	152.774	2492.41	-0.431488	0.230745
2019-10-11.17:28:49	152.381	2493.03	-0.405096	0.0391872
2019-10-11.17:28:50	152.103	2493.13	-0.359247	-0.156208
2019-10-11.17:28:51	151.959	2492.66	-0.223758	-0.378868
2019-10-11.17:28:52	151.957	2491.58	-0.129091	-0.615311
2019-10-11.17:28:53	152.066	2489.92	-0.124707	-0.631779
2019-10-11.17:28:54	152.066	2488.48	-0.0845019	-0.346103
2019-10-11.17:28:55	151.932	2487.74	-0.015142	-0.0941318
2019-10-11.17:28:56	151.679	2487.64	0.0078982	0.143124
2019-10-11.17:28:57	151.32	2488.11	-0.003582	0.359338
2019-10-11.17:28:58	150.878	2489.09	0.0096679	0.461805
2019-10-11.17:28:59	150.508	2490.03	0.0258568	0.249781
2019-10-11.17:29:00	150.271	2490.43	0.030494	0.0422161
2019-10-11.17:29:01	150.166	2490.25	0.0367646	-0.184043
2019-10-11.17:29:02	150.192	2489.47	0.0484983	-0.417422
2019-10-11.17:29:03	150.34	2488.09	0.0572803	-0.581362
2019-10-11.17:29:04	150.439	2486.65	0.083191	-0.287131
2019-10-11.17:29:05	150.398	2485.85	0.0985613	-0.0443322
2019-10-11.17:29:06	150.229	2485.68	0.082263	0.19537
2019-10-11.17:29:07	149.945	2486.11	0.072014	0.419239
2019-10-11.17:29:08	149.568	2487.06	0.0855286	0.609426
2019-10-11.17:29:09	149.203	2488.22	0.0822248	0.417198
2019-10-11.17:29:10	148.969	2488.89	0.0578316	0.218524
2019-10-11.17:29:11	148.862	2489.01	0.062042	-0.0015172
2019-10-11.17:29:12	148.885	2488.54	0.0839295	-0.230883
2019-10-11.17:29:13	149.03	2487.47	0.0851884	-0.456123
2019-10-11.17:29:14	149.23	2485.99	0.080113	-0.319686
2019-10-11.17:29:15	149.295	2484.95	0.105312	-0.0893538
2019-10-11.17:29:16	149.233	2484.51	0.11049	0.14526
2019-10-11.17:29:17	149.051	2484.68	0.090045	0.373616
2019-10-11.17:29:18	148.761	2485.4	0.0826819	0.584238
2019-10-11.17:29:19	148.396	2486.6	0.0944018	0.625517
2019-10-11.17:29:20	148.121	2487.64	0.0786613	0.412317
2019-10-11.17:29:21	147.972	2488.15	0.0630536	0.201788
2019-10-11.17:29:22	147.948	2488.09	0.0751839	-0.0210004
2019-10-11.17:29:23	148.048	2487.45	0.0900786	-0.245255
2019-10-11.17:29:24	148.26	2486.25	0.0837999	-0.446953
2019-10-11.17:29:25	148.461	2484.85	0.0900937	-0.205196
2019-10-11.17:29:26	148.526	2484	0.113144	0.0167539
2019-10-11.17:29:27	148.466	2483.74	0.107338	0.24559
2019-10-11.17:29:28	148.287	2484.06	0.087117	0.468656
2019-10-11.17:29:29	148.005	2484.92	0.0877661	0.673323
2019-10-11.17:29:30	147.665	2486.19	0.0970413	0.62559
2019-10-11.17:29:31	147.437	2487.18	0.0744332	0.424717
2019-10-11.17:29:32	147.331	2487.62	0.0633482	0.212137
2019-10-11.17:29:33	147.349	2487.5	0.0809382	-0.0092468
2019-10-11.17:29:34	147.486	2486.82	0.0930944	-0.228159
2019-10-11.17:29:35	147.728	2485.6	0.0824056	-0.405841
2019-10-11.17:29:36	147.941	2484.26	0.0915173	-0.15922
2019-10-11.17:29:37	148.021	2483.46	0.115349	0.0577743
2019-10-11.17:29:38	147.978	2483.23	0.107784	0.282448
2019-10-11.17:29:39	147.816	2483.58	0.0867339	0.50301
2019-10-11.17:29:40	147.55	2484.46	0.0885727	0.706536
2019-10-11.17:29:41	147.225	2485.76	0.0988881	0.662475
2019-10-11.17:29:42	147.011	2486.77	0.0753725	0.46065
2019-10-11.17:29:43	146.916	2487.25	0.0630634	0.249247
2019-10-11.17:29:44	146.945	2487.17	0.0812362	0.0300045
2019-10-11.17:29:45	147.09	2486.54	0.0946021	-0.185991
2019-10-11.17:29:46	147.338	2485.38	0.0836357	-0.378495
2019-10-11.17:29:47	147.577	2484.02	0.088594	-0.158948
2019-10-11.17:29:48	147.476	2483.82	4.65929	2.84916
2019-10-11.17:29:49	145.671	2491.32	12.6869	6.99181
2019-10-11.17:29:50	142.721	2506.09	21.0181	10.2703
2019-10-11.17:29:51	139.474	2524.48	30.0823	11.44
2019-10-11.17:29:52	136.805	2542.28	30.1281	10.6744
2019-10-11.17:29:53	134.797	2557.93	30.108	9.41971
2019-10-11.17:29:54	133.485	2570.74	30.094	8.39223
2019-10-11.17:29:55	132.873	2580.41	30.0861	7.28421
2019-10-11.17:29:56	133.01	2586.83	30.0829	5.83871
2019-10-11.17:29:57	133.921	2590.08	30.078	4.28681
2019-10-11.17:29:58	135.532	2590.29	30.0708	2.97952
2019-10-11.17:29:59	137.687	2587.84	30.0644	2.00038
2019-10-11.17:30:00	140.206	2583.28	30.0608	1.25741
2019-10-11.17:30:01	142.921	2577.3	30.0595	0.746634
2019-10-11.17:30:02	145.662	2570.61	30.059	0.568798
2019-10-11.17:30:03	148.25	2563.99	30.0593	0.752063
2019-10-11.17:30:04	150.522	2558.21	30.0613	1.21724
2019-10-11.17:30:05	152.361	2553.98	30.0648	1.89326
2019-10-11.17:30:06	153.683	2551.88	30.0689	2.75531
2019-10-11.17:30:07	154.429	2552.36	30.0734	3.76088
2019-10-11.17:30:08	154.578	2555.65	30.0783	4.83207
2019-10-11.17:30:09	154.147	2561.82	30.0832	5.89918
2019-10-11.17:30:10	153.166	2570.85	25.1452	6.99887
2019-10-11.17:30:11	151.514	2583.91	18.9284	8.61844
2019-10-11.17:30:12	148.888	2601.99	14.8442	10.8971
2019-10-11.17:30:13	145.199	2625.06	12.0637	13.2037
[State]	StraightAndLevel
2019-10-11.17:30:14	140.574	2652.3	9.29825	15.1241
2019-10-11.17:30:15	135.31	2682.48	6.77998	16.5924
2019-10-11.17:30:16	129.653	2713.99	5.23061	17.5715
2019-10-11.17:30:17	123.935	2745.17	4.44381	17.8972
2019-10-11.17:30:18	118.514	2774.43	3.66529	17.4733
2019-10-11.17:30:19	113.816	2800.45	2.6306	16.2574
2019-10-11.17:30:20	110.227	2822.17	1.69981	14.312
2019-10-11.17:30:21	108.02	2838.82	1.2569	11.7769
2019-10-11.17:30:22	107.431	2849.95	1.24178	8.81432
2019-10-11.17:30:23	108.509	2855.38	1.23692	5.73052
2019-10-11.17:30:24	111.144	2855.31	0.930611	2.83966
2019-10-11.17:30:25	115.099	2850.28	0.454234	0.406803
2019-10-11.17:30:26	119.978	2841.15	0.218521	-1.35913
2019-10-11.17:30:27	125.353	2829.08	0.367097	-2.37883
2019-10-11.17:30:28	130.776	2815.48	0.54061	-2.61708
2019-10-11.17:30:29	135.841	2801.99	0.391855	-2.12464
2019-10-11.17:30:30	140.236	2790.27	0.117174	-1.01886
2019-10-11.17:30:31	143.679	2781.8	0.0992894	0.569756
2019-10-11.17:30:32	145.96	2777.83	0.251342	2.52806
2019-10-11.17:30:33	146.978	2779.22	0.23011	4.72359
2019-10-11.17:30:34	146.741	2786.41	0.0646988	7.00558
2019-10-11.17:30:35	145.31	2799.28	0.0303032	9.23811
2019-10-11.17:30:36	142.786	2817.27	0.124579	11.3065
2019-10-11.17:30:37	139.347	2839.45	0.133438	13.0992
2019-10-11.17:30:38	135.228	2864.61	0.0296351	14.4979
2019-10-11.17:30:39	130.703	2891.36	-0.0312236	15.4024
2019-10-11.17:30:40	126.069	2918.28	0.009619	15.7435
2019-10-11.17:30:41	121.643	2944.01	0.0517107	15.4783
2019-10-11.17:30:42	117.75	2967.38	0.0092757	14.5948
2019-10-11.17:30:43	114.697	2987.43	-0.0797753	13.1258
2019-10-11.17:30:44	112.733	3003.43	-0.122314	11.1667
2019-10-11.17:30:45	112.024	3014.95	-0.0865963	8.8734
2019-10-11.17:30:46	112.629	3021.8	-0.0287114	6.45298
2019-10-11.17:30:47	114.488	3024.12	-0.0177944	4.13203
2019-10-11.17:30:48	117.429	3022.29	-0.0525985	2.11905
2019-10-11.17:30:49	121.181	3016.98	-0.0663027	0.578664
2019-10-11.17:30:50	125.415	3009.11	-0.0187394	-0.388524
2019-10-11.17:30:51	129.783	2999.82	0.042991	-0.74494
2019-10-11.17:30:52	133.956	2990.39	0.0513083	-0.51108
2019-10-11.17:30:53	137.651	2982.12	0.0203038	0.248441
2019-10-11.17:30:54	140.628	2976.24	0.0175898	1.44164
2019-10-11.17:30:55	142.705	2973.78	0.0497247	2.96341
2019-10-11.17:30:56	143.783	2975.48	0.0615096	4.70552
2019-10-11.17:30:57	143.832	2981.74	0.0384025	6.5521
2019-10-11.17:30:58	142.885	2992.57	0.0236045	8.38931
2019-10-11.17:30:59	141.025	3007.64	0.0351216	10.1109
2019-10-11.17:31:00	138.391	3026.26	0.0416967	11.6181
2019-10-11.17:31:01	135.157	3047.54	0.023362	12.8141
2019-10-11.17:31:02	131.545	3070.39	-0.0002648	13.619
2019-10-11.17:31:03	127.802	3093.67	-0.0077822	13.9726
2019-10-11.17:31:04	124.188	3116.27	-0.007476	13.838
2019-10-11.17:31:05	120.963	3137.21	-0.018837	13.2079
2019-10-11.17:31:06	118.37	3155.62	-0.0430712	12.1113
2019-10-11.17:31:07	116.613	3170.87	-0.0631414	10.6196
2019-10-11.17:31:08	115.834	3182.54	-0.0657522	8.84849
2019-10-11.17:31:09	116.092	3190.42	-0.0549846	6.94886
2019-10-11.17:31:10	117.358	3194.57	-0.0442006	5.08811
2019-10-11.17:31:11	119.513	3195.26	-0.038692	3.42893
2019-10-11.17:31:12	122.365	3193.01	-0.0307605	2.10517
2019-10-11.17:31:13	125.67	3188.53	-0.0130262	1.20882
2019-10-11.17:31:14	129.161	3182.72	0.0084914	0.785078
2019-10-11.17:31:15	132.574	3176.57	0.0212168	0.835051
2019-10-11.17:31:16	135.668	3171.12	0.0236956	1.32355
2019-10-11.17:31:17	138.238	3167.37	0.0263558	2.18913
2019-10-11.17:31:18	140.123	3166.17	0.0337481	3.35113
2019-10-11.17:31:19	141.219	3168.17	0.0379959	4.71927
2019-10-11.17:31:20	141.484	3173.75	0.034651	6.20064
2019-10-11.17:31:21	140.928	3183	0.0297124	7.70076
2019-10-11.17:31:22	139.609	3195.72	0.028128	9.12842
2019-10-11.17:31:23	137.629	3211.47	0.0261535	10.3972
2019-10-11.17:31:24	135.123	3229.55	0.0185628	11.4255
2019-10-11.17:31:25	132.268	3249.14	0.0073728	12.1471
2019-10-11.17:31:26	129.263	3269.35	-0.0023114	12.5106
2019-10-11.17:31:27	126.317	3289.28	-0.0102265	12.4843
2019-10-11.17:31:28	123.642	3308.07	-0.0197989	12.061
2019-10-11.17:31:29	121.433	3325.01	-0.0318125	11.2619
2019-10-11.17:31:30	119.858	3339.52	-0.0425341	10.1402
2019-10-11.17:31:31	119.038	3351.2	-0.0477274	8.78056
2019-10-11.17:31:32	119.033	3359.83	-0.046636	7.29359
2019-10-11.17:31:33	119.837	3365.41	-0.0415197	5.80472
2019-10-11.17:31:34	121.375	3368.11	-0.0342968	4.43891
2019-10-11.17:31:35	123.512	3368.32	-0.0248636	3.30539
2019-10-11.17:31:36	126.068	3366.57	-0.0129429	2.48591
2019-10-11.17:31:37	128.839	3363.56	-0.0004045	2.02878
2019-10-11.17:31:38	131.614	3360.08	0.0097472	1.94843
2019-10-11.17:31:39	134.194	3356.94	0.0165416	2.22917
2019-10-11.17:31:40	136.403	3354.95	0.021547	2.83126
2019-10-11.17:31:41	138.102	3354.82	0.0258699	3.69729
2019-10-11.17:31:42	139.19	3357.12	0.0284571	4.75734
2019-10-11.17:31:43	139.612	3362.21	0.0280558	5.93429
2019-10-11.17:31:44	139.363	3370.24	0.0258927	7.15091
2019-10-11.17:31:45	138.478	3381.11	0.0236088	8.33037
2019-10-11.17:31:46	137.026	3394.53	0.0204415	9.39733
2019-10-11.17:31:47	135.116	3410	0.0148052	10.2846
2019-10-11.17:31:48	132.884	3426.9	0.0073336	10.935
2019-10-11.17:31:49	130.487	3444.53	-0.0003594	11.3039
2019-10-11.17:31:50	128.093	3462.16	-0.0079592	11.3634
2019-10-11.17:31:51	125.874	3479.1	-0.0161649	11.1045
2019-10-11.17:31:52	123.989	3494.71	-0.0247997	10.5412
2019-10-11.17:31:53	122.577	3508.5	-0.0322473	9.71117
2019-10-11.17:31:54	121.744	3520.08	-0.0367391	8.67612
2019-10-11.17:31:55	121.55	3529.23	-0.0376416	7.51753
2019-10-11.17:31:56	122.002	3535.89	-0.0353663	6.32944
2019-10-11.17:31:57	123.059	3540.18	-0.0304589	5.20843
2019-10-11.17:31:58	124.629	3542.34	-0.0232406	4.24286
2019-10-11.17:31:59	126.58	3542.79	-0.0143389	3.50367
2019-10-11.17:32:00	128.759	3542.05	-0.0050769	3.03846
2019-10-11.17:32:01	130.999	3540.73	0.003136	2.86929
2019-10-11.17:32:02	133.138	3539.5	0.0097394	2.99387
2019-10-11.17:32:03	135.027	3538.99	0.0149774	3.38889
2019-10-11.17:32:04	136.544	3539.8	0.0189803	4.01443
2019-10-11.17:32:05	137.595	3542.42	0.0213913	4.81845
2019-10-11.17:32:06	138.124	3547.19	0.0219897	5.74102
2019-10-11.17:32:07	138.109	3554.28	0.0211203	6.71815
2019-10-11.17:32:08	137.566	3563.69	0.0192056	7.68521
2019-10-11.17:32:09	136.543	3575.23	0.0162233	8.57992
2019-10-11.17:32:10	135.12	3588.56	0.0119731	9.34509
2019-10-11.17:32:11	133.401	3603.23	0.0065804	9.9313
2019-10-11.17:32:12	131.507	3618.68	0.0004533	10.2995
2019-10-11.17:32:13	129.575	3634.34	-0.0060846	10.4238
2019-10-11.17:32:14	127.74	3649.64	-0.0128333	10.2937
2019-10-11.17:32:15	126.135	3664.05	-0.0194122	9.9163
2019-10-11.17:32:16	124.875	3677.13	-0.025109	9.3173
2019-10-11.17:32:17	124.052	3688.52	-0.0291056	8.5407
2019-10-11.17:32:18	123.725	3697.99	-0.03082	7.64616
2019-10-11.17:32:19	123.914	3705.47	-0.0300526	6.70415
2019-10-11.17:32:20	124.597	3710.98	-0.0269293	5.78924
2019-10-11.17:32:21	125.716	3714.69	-0.0218348	4.97243
2019-10-11.17:32:22	127.178	3716.9	-0.0154032	4.31417
2019-10-11.17:32:23	128.869	3718.01	-0.0084485	3.85902
2019-10-11.17:32:24	130.659	3718.48	-0.0017468	3.6328
2019-10-11.17:32:25	132.417	3718.83	0.0041817	3.64217
2019-10-11.17:32:26	134.02	3719.58	0.0090848	3.87615
2019-10-11.17:32:27	135.361	3721.22	0.012821	4.30881
2019-10-11.17:32:28	136.356	3724.18	0.0152688	4.90256
2019-10-11.17:32:29	136.946	3728.77	0.0163907	5.6116
2019-10-11.17:32:30	137.103	3735.17	0.0162768	6.38516
2019-10-11.17:32:31	136.827	3743.44	0.0150547	7.17054
2019-10-11.17:32:32	136.149	3753.48	0.0127937	7.91588
2019-10-11.17:32:33	135.122	3765.06	0.0095403	8.57275
2019-10-11.17:32:34	133.825	3777.87	0.0054086	9.0985
2019-10-11.17:32:35	132.351	3791.48	0.0005938	9.4586
2019-10-11.17:32:36	130.807	3805.44	-0.0046731	9.62877
2019-10-11.17:32:37	129.301	3819.3	-0.0101253	9.59691
2019-10-11.17:32:38	127.941	3832.61	-0.0154066	9.36468
2019-10-11.17:32:39	126.826	3844.98	-0.0200536	8.94825
2019-10-11.17:32:40	126.034	3856.1	-0.0235644	8.37808
2019-10-11.17:32:41	125.622	3865.74	-0.0255131	7.69724
2019-10-11.17:32:42	125.616	3873.78	-0.0256456	6.95816
2019-10-11.17:32:43	126.012	3880.22	-0.0239314	6.21805
2019-10-11.17:32:44	126.776	3885.15	-0.0205798	5.53352
2019-10-11.17:32:45	127.843	3888.77	-0.0160119	4.95524
2019-10-11.17:32:46	129.131	3891.38	-0.0107759	4.52349
2019-10-11.17:32:47	130.541	3893.32	-0.0054218	4.26519
2019-10-11.17:32:48	131.97	3895	-0.0004003	4.19261
2019-10-11.17:32:49	133.317	3896.84	0.0039665	4.30368
2019-10-11.17:32:50	134.489	3899.23	0.0074606	4.58341
2019-10-11.17:32:51	135.411	3902.55	0.0099476	5.00613
2019-10-11.17:32:52	136.028	3907.07	0.0113749	5.53803
2019-10-11.17:32:53	136.304	3912.99	0.01176	6.13981
2019-10-11.17:32:54	136.232	3920.39	0.011155	6.76931
2019-10-11.17:32:55	135.824	3929.24	0.0096191	7.38398
[State]	Descent
2019-10-11.17:32:56	135.117	3939.41	0.0072258	7.94312
2019-10-11.17:32:57	134.165	3950.68	0.0040816	8.4101
2019-10-11.17:32:58	133.04	3962.74	0.0003322	8.75433
2019-10-11.17:32:59	131.822	3975.24	-0.0038406	8.95308
2019-10-11.17:33:00	130.6	3987.82	-0.0082115	8.99309
2019-10-11.17:33:01	129.46	4000.12	-0.0124978	8.87181
2019-10-11.17:33:02	128.484	4011.8	-0.0163641	8.59806
2019-10-11.17:33:03	127.74	4022.57	-0.0194558	8.192
2019-10-11.17:33:04	127.282	4032.23	-0.0214539	7.68399
2019-10-11.17:33:05	127.14	4040.64	-0.0221321	7.11252
2019-10-11.17:33:06	127.321	4047.76	-0.0214047	6.52105
2019-10-11.17:33:07	127.808	4053.62	-0.0193545	5.95422
2019-10-11.17:33:08	128.559	4058.35	-0.0162257	5.45386
2019-10-11.17:33:09	129.517	4062.16	-0.0123766	5.05534
2019-10-11.17:33:10	130.609	4065.31	-0.0082058	4.78487
2019-10-11.17:33:11	131.753	4068.11	-0.0040848	4.6578
2019-10-11.17:33:12	132.869	4070.88	-0.0003198	4.67817
2019-10-11.17:33:13	133.88	4073.96	0.0028575	4.83928
2019-10-11.17:33:14	134.718	4077.65	0.0052894	5.12495
2019-10-11.17:33:15	135.331	4082.2	0.0068891	5.51134
2019-10-11.17:33:16	135.684	4087.8	0.007629	5.969
2019-10-11.17:33:17	135.76	4094.56	0.0075219	6.46498
2019-10-11.17:33:18	135.56	4102.49	0.0066058	6.96494
2019-10-11.17:33:19	135.105	4111.54	0.0049416	7.43514
2019-10-11.17:33:20	134.434	4121.55	0.0026169	7.84439
2019-10-11.17:33:21	133.596	4132.3	-0.0002513	8.16575
2019-10-11.17:33:22	132.655	4143.56	-0.0035164	8.37813
2019-10-11.17:33:23	131.677	4155.01	-0.0069979	8.46767
2019-10-11.17:33:24	130.733	4166.38	-0.0104778	8.42879
2019-10-11.17:33:25	129.891	4177.37	-0.0137056	8.26481
2019-10-11.17:33:26	129.211	4187.75	-0.0164176	7.98806
2019-10-11.17:33:27	128.739	4197.31	-0.0183677	7.6192
2019-10-11.17:33:28	128.508	4205.91	-0.0193641	7.1859
2019-10-11.17:33:29	128.533	4213.49	-0.0193032	6.72068
2019-10-11.17:33:30	128.808	4220.04	-0.018194	6.25825
2019-10-11.17:33:31	129.311	4225.64	-0.0161624	5.83256
2019-10-11.17:33:32	130.001	4230.4	-0.0134311	5.47394
2019-10-11.17:33:33	130.827	4234.54	-0.0102786	5.20669
2019-10-11.17:33:34	131.727	4238.27	-0.0069938	5.04735
2019-10-11.17:33:35	132.637	4241.85	-0.0038409	5.00386
2019-10-11.17:33:36	133.494	4245.54	-0.0010392	5.07549
2019-10-11.17:33:37	134.24	4249.61	0.0012459	5.25343
2019-10-11.17:33:38	134.827	4254.26	0.0029049	5.52192
2019-10-11.17:33:39	135.219	4259.69	0.0038792	5.85977
2019-10-11.17:33:40	135.396	4265.99	0.0041513	6.24197
2019-10-11.17:33:41	135.351	4273.23	0.0037354	6.6414
2019-10-11.17:33:42	135.093	4281.39	0.0026719	7.03059
2019-10-11.17:33:43	134.645	4290.38	0.0010265	7.38332
2019-10-11.17:33:44	134.044	4300.05	-0.00111	7.67614
2019-10-11.17:33:45	133.334	4310.24	-0.0036216	7.88978
2019-10-11.17:33:46	132.567	4320.7	-0.0063662	8.01035
2019-10-11.17:33:47	131.8	4331.21	-0.0091756	8.03027
2019-10-11.17:33:48	131.086	4341.55	-0.0118593	7.94887
2019-10-11.17:33:49	130.478	4351.49	-0.0142165	7.77263
2019-10-11.17:33:50	130.017	4360.86	-0.0160545	7.51485
2019-10-11.17:33:51	129.736	4369.52	-0.0172124	7.1948
2019-10-11.17:33:52	129.653	4377.38	-0.0175845	6.83629
2019-10-11.17:33:53	129.771	4384.42	-0.0171397	6.46583
2019-10-11.17:33:54	130.081	4390.65	-0.0159299	6.11049
2019-10-11.17:33:55	130.557	4396.17	-0.0140836	5.79563
2019-10-11.17:33:56	131.164	4401.09	-0.0117858	5.54296
2019-10-11.17:33:57	131.856	4405.59	-0.0092491	5.3689
2019-10-11.17:33:58	132.584	4409.86	-0.006687	5.28353
2019-10-11.17:33:59	133.296	4414.11	-0.0042923	5.29018
2019-10-11.17:34:00	133.946	4418.55	-0.0022237	5.38551
2019-10-11.17:34:01	134.489	4423.36	-0.0005997	5.56015
2019-10-11.17:34:02	134.892	4428.71	0.000502	5.79969
2019-10-11.17:34:03	135.132	4434.72	0.0010413	6.08582
2019-10-11.17:34:04	135.197	4441.45	0.0010101	6.39775
2019-10-11.17:34:05	135.088	4448.92	0.0004271	6.71356
2019-10-11.17:34:06	134.816	4457.1	-0.0006639	7.01162
2019-10-11.17:34:07	134.405	4465.89	-0.0021965	7.27185
2019-10-11.17:34:08	133.888	4475.16	-0.0040822	7.47698
2019-10-11.17:34:09	133.302	4484.76	-0.0062112	7.6136
2019-10-11.17:34:10	132.691	4494.51	-0.0084538	7.673
2019-10-11.17:34:11	132.1	4504.21	-0.0106641	7.65177
2019-10-11.17:34:12	131.57	4513.7	-0.0126868	7.55214
2019-10-11.17:34:13	131.139	4522.81	-0.0143697	7.38186
2019-10-11.17:34:14	130.837	4531.41	-0.0155784	7.15372
2019-10-11.17:34:15	130.685	4539.41	-0.0162132	6.88463
2019-10-11.17:34:16	130.692	4546.75	-0.016223	6.59439
2019-10-11.17:34:17	130.856	4553.45	-0.0156148	6.30408
2019-10-11.17:34:18	131.164	4559.53	-0.014454	6.03446
2019-10-11.17:34:19	131.592	4565.07	-0.0128555	5.80427
2019-10-11.17:34:20	132.109	4570.2	-0.0109676	5.6289
2019-10-11.17:34:21	132.677	4575.05	-0.0089531	5.51926
2019-10-11.17:34:22	133.257	4579.79	-0.0069713	5.4812
2019-10-11.17:34:23	133.81	4584.59	-0.0051646	5.51526
2019-10-11.17:34:24	134.297	4589.59	-0.0036492	5.61693
2019-10-11.17:34:25	134.689	4594.95	-0.0025112	5.77718
2019-10-11.17:34:26	134.961	4600.78	-0.0018056	5.98331
2019-10-11.17:34:27	135.1	4607.15	-0.0015588	6.21991
2019-10-11.17:34:28	135.098	4614.11	-0.0017713	6.46998
2019-10-11.17:34:29	134.961	4621.65	-0.00242	6.71607
2019-10-11.17:34:30	134.702	4629.71	-0.0034605	6.94136
2019-10-11.17:34:31	134.342	4638.23	-0.0048287	7.1307
2019-10-11.17:34:32	133.91	4647.09	-0.0064421	7.27158
2019-10-11.17:34:33	133.437	4656.14	-0.0082019	7.35488
2019-10-11.17:34:34	132.959	4665.26	-0.0099959	7.37549
2019-10-11.17:34:35	132.509	4674.28	-0.0117037	7.33263
2019-10-11.17:34:36	132.121	4683.08	-0.0132043	7.22996
2019-10-11.17:34:37	131.822	4691.54	-0.0143864	7.07533
2019-10-11.17:34:38	131.632	4699.56	-0.0151597	6.88026
2019-10-11.17:34:39	131.563	4707.08	-0.0154652	6.65904
2019-10-11.17:34:40	131.621	4714.08	-0.0152842	6.42772
2019-10-11.17:34:41	131.8	4720.56	-0.0146408	6.2028
2019-10-11.17:34:42	132.086	4726.58	-0.0135997	6.00002
2019-10-11.17:34:43	132.458	4732.21	-0.012258	5.83314
2019-10-11.17:34:44	132.889	4737.54	-0.0107331	5.71298
2019-10-11.17:34:45	133.349	4742.71	-0.0091495	5.64667
2019-10-11.17:34:46	133.807	4747.83	-0.0076274	5.63734
2019-10-11.17:34:47	134.232	4753.05	-0.0062727	5.68398
2019-10-11.17:34:48	134.596	4758.47	-0.0051714	5.78175
2019-10-11.17:34:49	134.877	4764.22	-0.0043862	5.92245
2019-10-11.17:34:50	135.059	4770.35	-0.0039562	6.0952
2019-10-11.17:34:51	135.132	4776.94	-0.0038972	6.28728
2019-10-11.17:34:52	135.094	4783.98	-0.0042039	6.485
2019-10-11.17:34:53	134.953	4791.47	-0.0048513	6.6746
2019-10-11.17:34:54	134.72	4799.37	-0.0057964	6.84316
2019-10-11.17:34:55	134.416	4807.59	-0.0069799	6.97939
2019-10-11.17:34:56	134.063	4816.04	-0.0083281	7.07432
2019-10-11.17:34:57	133.688	4824.6	-0.0097557	7.12192
2019-10-11.17:34:58	133.318	4833.18	-0.0111694	7.11945
2019-10-11.17:34:59	132.981	4841.64	-0.0124734	7.06763
2019-10-11.17:35:00	132.7	4849.89	-0.0135761	6.97065
2019-10-11.17:35:01	132.496	4857.84	-0.0143981	6.8358
2019-10-11.17:35:02	132.382	4865.42	-0.0148798	6.67301
2019-10-11.17:35:03	132.367	4872.6	-0.0149889	6.49407
2019-10-11.17:35:04	132.449	4879.36	-0.0147238	6.31173
2019-10-11.17:35:05	132.624	4885.72	-0.0141145	6.1388
2019-10-11.17:35:06	132.879	4891.73	-0.0132191	5.98713
2019-10-11.17:35:07	133.194	4897.45	-0.0121173	5.86676
2019-10-11.17:35:08	133.549	4902.98	-0.0109013	5.78526
2019-10-11.17:35:09	133.918	4908.4	-0.0096667	5.74723
2019-10-11.17:35:10	134.277	4913.82	-0.0085045	5.75408
2019-10-11.17:35:11	134.603	4919.35	-0.0074943	5.80407
2019-10-11.17:35:12	134.874	4925.07	-0.0067001	5.89251
2019-10-11.17:35:13	135.076	4931.07	-0.0061676	6.01223
2019-10-11.17:35:14	135.195	4937.39	-0.0059239	6.15413
2019-10-11.17:35:15	135.228	4944.07	-0.0059777	6.30786
2019-10-11.17:35:16	135.175	4951.11	-0.00632	6.46252
2019-10-11.17:35:17	135.043	4958.5	-0.0069256	6.60737
2019-10-11.17:35:18	134.843	4966.18	-0.0077548	6.73257
2019-10-11.17:35:19	134.592	4974.1	-0.0087546	6.82974
2019-10-11.17:35:20	134.309	4982.18	-0.0098616	6.89256
2019-10-11.17:35:21	134.015	4990.32	-0.0110044	6.9171
2019-10-11.17:35:22	133.733	4998.44	-0.0121077	6.90212
2019-10-11.17:35:23	133.483	5006.44	-0.013097	6.84911
2019-10-11.17:35:24	133.282	5014.25	-0.0139042	6.76222
2019-10-11.17:35:25	133.145	5021.8	-0.0144733	6.64787
2019-10-11.17:35:26	133.082	5029.05	-0.014766	6.51439
2019-10-11.17:35:27	133.097	5035.98	-0.0147659	6.37129
2019-10-11.17:35:28	133.189	5042.58	-0.0144798	6.22864
2019-10-11.17:35:29	133.35	5048.87	-0.013938	6.09626
2019-10-11.17:35:30	133.57	5054.89	-0.0131899	5.98306
2019-10-11.17:35:31	133.833	5060.71	-0.0122999	5.89637
2019-10-11.17:35:32	134.121	5066.39	-0.0113401	5.84145
2019-10-11.17:35:33	134.416	5072.01	-0.0103841	5.82123
2019-10-11.17:35:34	134.697	5077.66	-0.0095012	5.8361
2019-10-11.17:35:35	134.946	5083.41	-0.0087514	5.88405
