DateTime	AltitudeTape:altitude	AirspeedTape:airspeed	HeadingIndicator:heading	AttitudeIndicator:roll
[State]	Standing
2019-10-14.14:40:38	0.474726	1654.61	-0.0010306	0.0033878
[State]	Taxiing
2019-10-14.14:40:39	0.208784	1654.69	-0.0116103	0.300921
2019-10-14.14:40:40	0.0692161	1654.78	-0.032265	0.159822
2019-10-14.14:40:41	0.530153	1654.79	-0.0565028	-0.138206
2019-10-14.14:40:42	3.1992	1654.79	-0.156565	0.0610376
2019-10-14.14:40:43	6.91487	1654.79	-0.182314	0.211978
2019-10-14.14:40:44	10.8239	1654.79	-0.208354	0.273083
2019-10-14.14:40:45	14.7056	1654.79	-0.348826	0.321916
2019-10-14.14:40:46	18.5068	1654.79	-0.655462	0.428487
2019-10-14.14:40:47	22.2531	1654.79	-1.02392	0.530552
2019-10-14.14:40:48	25.9302	1654.79	-1.37924	0.602735
2019-10-14.14:40:49	29.5331	1654.8	-1.63917	0.631034
2019-10-14.14:40:50	33.0592	1654.8	-1.80087	0.648608
2019-10-14.14:40:51	36.4584	1654.8	-1.95998	0.689149
2019-10-14.14:40:52	39.7269	1654.81	-2.08175	0.726636
2019-10-14.14:40:53	42.8813	1654.81	-2.14894	0.761506
2019-10-14.14:40:54	45.949	1654.81	-2.16923	0.805039
2019-10-14.14:40:55	48.9607	1654.82	-2.13977	0.856487
2019-10-14.14:40:56	51.9442	1654.82	-2.05227	0.920329
2019-10-14.14:40:57	54.9194	1654.82	-1.9323	0.982271
2019-10-14.14:40:58	57.9	1654.83	-1.78783	1.04385
2019-10-14.14:40:59	60.8956	1654.83	-1.62409	1.10617
2019-10-14.14:41:00	63.9134	1654.84	-1.44419	1.16981
2019-10-14.14:41:01	66.9583	1654.84	-1.25021	1.23483
2019-10-14.14:41:02	70.0344	1654.85	-1.04379	1.3011
2019-10-14.14:41:03	73.1443	1654.86	-0.826345	1.36845
2019-10-14.14:41:04	76.2893	1654.87	-0.599193	1.43662
2019-10-14.14:41:05	79.47	1654.87	-0.363683	1.50532
[State]	TakeOff
2019-10-14.14:41:06	82.6923	1654.88	-0.180425	1.56844
2019-10-14.14:41:07	85.9963	1654.89	-0.116071	1.68131
2019-10-14.14:41:08	89.3276	1654.95	0.0169367	4.50303
2019-10-14.14:41:09	91.3553	1656.94	1.32556	13.1475
2019-10-14.14:41:10	90.6412	1665.08	7.2775	11.4665
2019-10-14.14:41:11	89.7557	1672.63	13.6155	11.6024
2019-10-14.14:41:12	88.9587	1678.53	20.7696	12.4692
2019-10-14.14:41:13	88.1457	1683.4	28.8511	12.8903
2019-10-14.14:41:14	87.5513	1686.88	30.3377	12.8987
2019-10-14.14:41:15	87.1123	1689.76	30.3754	11.9723
2019-10-14.14:41:16	86.8574	1692.28	30.3723	11.482
2019-10-14.14:41:17	86.672	1694.62	30.3589	11.5459
2019-10-14.14:41:18	86.4886	1696.85	30.3478	11.9904
2019-10-14.14:41:19	86.277	1699.03	30.345	12.3941
2019-10-14.14:41:20	86.0584	1701.13	30.349	12.515
2019-10-14.14:41:21	85.8665	1703.15	30.3538	12.3741
2019-10-14.14:41:22	85.7189	1705.08	30.3551	12.1596
2019-10-14.14:41:23	85.6094	1706.92	30.3523	12.0465
2019-10-14.14:41:24	85.517	1708.68	29.9881	12.0891
2019-10-14.14:41:25	85.2991	1710.74	23.6414	12.3392
2019-10-14.14:41:26	84.568	1714.53	17.183	13.128
2019-10-14.14:41:27	83.453	1720.25	10.534	12.6992
2019-10-14.14:41:28	82.2852	1726.35	3.45297	13.1427
2019-10-14.14:41:29	81.1178	1732.36	-2.45628	13.5009
2019-10-14.14:41:30	80.2257	1737.84	0.591881	12.7976
2019-10-14.14:41:31	79.914	1742.15	4.04331	11.8812
2019-10-14.14:41:32	79.8698	1745.04	5.30445	12.4939
2019-10-14.14:41:33	79.7383	1747.7	3.31723	12.4936
2019-10-14.14:41:34	79.6865	1750.56	-0.679344	12.3288
2019-10-14.14:41:35	79.6236	1753.62	-3.67971	12.7259
[State]	Climb
2019-10-14.14:41:36	79.3514	1756.88	-3.26782	12.9916
2019-10-14.14:41:37	79.1445	1760.25	0.297663	12.5641
2019-10-14.14:41:38	79.1158	1763.33	4.30986	12.3866
2019-10-14.14:41:39	79.1101	1765.79	5.5615	12.5949
2019-10-14.14:41:40	79.1087	1767.97	2.94955	12.5202
2019-10-14.14:41:41	79.1923	1770.41	-1.67951	12.3974
2019-10-14.14:41:42	79.1592	1773.18	-4.72869	13.0772
2019-10-14.14:41:43	78.8414	1776.3	-3.67555	13.3841
2019-10-14.14:41:44	78.5883	1779.66	0.760684	12.8946
2019-10-14.14:41:45	78.4793	1782.77	5.28879	12.8813
2019-10-14.14:41:46	78.3984	1785.19	6.32936	13.0172
2019-10-14.14:41:47	78.4614	1787.13	2.91662	12.4953
2019-10-14.14:41:48	78.7165	1789.14	-2.57377	12.2982
2019-10-14.14:41:49	78.806	1791.41	-5.81759	13.1744
2019-10-14.14:41:50	78.5807	1794.06	-4.12668	13.4024
2019-10-14.14:41:51	78.4374	1797.06	0.874226	12.7837
2019-10-14.14:41:52	78.3915	1799.87	5.0595	12.9139
2019-10-14.14:41:53	78.3243	1802.08	7.53885	13.3439
2019-10-14.14:41:54	78.3553	1803.86	3.59811	12.6557
2019-10-14.14:41:55	78.6188	1805.78	-2.88344	12.3217
2019-10-14.14:41:56	78.6916	1807.97	-6.76944	13.4514
2019-10-14.14:41:57	78.4057	1810.54	-4.89222	13.6849
2019-10-14.14:41:58	78.2324	1813.49	0.298824	12.8138
2019-10-14.14:41:59	78.2248	1816.21	4.20411	12.8258
2019-10-14.14:42:00	78.1865	1818.3	8.02998	13.2497
2019-10-14.14:42:01	78.2553	1819.77	5.57358	13.1765
2019-10-14.14:42:02	78.4234	1821.6	-1.46698	12.5575
2019-10-14.14:42:03	78.4308	1823.95	-6.96751	13.8571
2019-10-14.14:42:04	77.9448	1826.79	-6.1043	14.5803
2019-10-14.14:42:05	77.4818	1830.1	-0.904026	13.5556
2019-10-14.14:42:06	77.3504	1833.21	2.91192	13.1719
2019-10-14.14:42:07	77.2479	1835.52	6.30381	13.4102
2019-10-14.14:42:08	77.3935	1836.87	9.32837	13.5006
2019-10-14.14:42:09	77.6666	1837.95	1.46678	12.6726
2019-10-14.14:42:10	77.967	1839.67	-4.97352	13.2762
2019-10-14.14:42:11	77.6975	1841.96	-7.58108	14.9145
2019-10-14.14:42:12	77.1367	1844.96	-3.02617	14.2084
2019-10-14.14:42:13	76.995	1848.07	1.31526	13.0395
2019-10-14.14:42:14	77.0128	1850.37	4.51261	13.0832
2019-10-14.14:42:15	77.1908	1851.69	8.37202	13.2041
2019-10-14.14:42:16	77.5411	1852.3	6.21116	13.4361
2019-10-14.14:42:17	77.8431	1853.66	-0.975073	12.9241
2019-10-14.14:42:18	77.7197	1855.95	-6.97114	14.6653
2019-10-14.14:42:19	77.0669	1858.97	-6.42067	15.1556
2019-10-14.14:42:20	76.6562	1862.22	-1.16995	13.3777
2019-10-14.14:42:21	76.7975	1864.72	2.42409	12.6335
2019-10-14.14:42:22	77.0771	1866.09	5.66225	12.6608
2019-10-14.14:42:23	77.4821	1866.6	10.0822	13.5182
2019-10-14.14:42:24	77.7713	1867.32	3.42279	13.1108
2019-10-14.14:42:25	77.9276	1869.2	-3.07741	13.6552
2019-10-14.14:42:26	77.4542	1872.05	-8.56452	15.2017
2019-10-14.14:42:27	76.7959	1875.29	-4.36657	14.5074
2019-10-14.14:42:28	76.6526	1878.32	0.329517	12.9436
2019-10-14.14:42:29	76.8567	1880.38	3.5677	12.5977
2019-10-14.14:42:30	77.2093	1881.32	7.12368	12.9038
2019-10-14.14:42:31	77.6118	1881.69	8.38068	13.6487
2019-10-14.14:42:32	77.8702	1882.8	0.828893	12.971
2019-10-14.14:42:33	77.8241	1885.06	-5.26373	14.3626
2019-10-14.14:42:34	77.2101	1888.11	-7.46462	15.2852
2019-10-14.14:42:35	76.6723	1891.34	-2.38325	13.8088
2019-10-14.14:42:36	76.7367	1894.07	1.59555	12.6875
2019-10-14.14:42:37	76.988	1895.69	4.73796	12.5905
2019-10-14.14:42:38	77.3886	1896.3	8.8129	13.2515
2019-10-14.14:42:39	77.7361	1896.77	5.43243	13.3571
2019-10-14.14:42:40	77.9742	1898.32	-1.4998	13.2299
2019-10-14.14:42:41	77.6593	1900.94	-7.47896	14.9037
2019-10-14.14:42:42	76.9942	1904.1	-5.94258	14.9277
2019-10-14.14:42:43	76.6724	1907.24	-0.70929	13.2203
2019-10-14.14:42:44	76.8478	1909.58	2.75249	12.5931
2019-10-14.14:42:45	77.1561	1910.79	6.05495	12.6835
2019-10-14.14:42:46	77.5764	1911.19	9.99513	13.557
2019-10-14.14:42:47	77.8614	1911.98	2.62631	12.9986
2019-10-14.14:42:48	77.9765	1913.94	-3.72747	13.8368
2019-10-14.14:42:49	77.4581	1916.84	-8.24339	15.2375
2019-10-14.14:42:50	76.8292	1920.06	-3.76126	14.2658
2019-10-14.14:42:51	76.7601	1922.99	0.718553	12.8121
2019-10-14.14:42:52	76.9788	1924.9	3.90803	12.5671
2019-10-14.14:42:53	77.3476	1925.73	7.60477	12.9677
2019-10-14.14:42:54	77.7386	1926.09	7.48078	13.5611
2019-10-14.14:42:55	77.9978	1927.32	0.0856057	12.9725
2019-10-14.14:42:56	77.8712	1929.67	-5.94139	14.5174
2019-10-14.14:42:57	77.2337	1932.75	-7.19924	15.1766
2019-10-14.14:42:58	76.756	1935.96	-1.83099	13.5695
2019-10-14.14:42:59	76.8672	1938.56	1.97406	12.6094
2019-10-14.14:43:00	77.1349	1940.04	5.15056	12.5689
2019-10-14.14:43:01	77.5445	1940.57	9.42869	13.3267
2019-10-14.14:43:02	77.8701	1941.11	4.46654	13.1862
2019-10-14.14:43:03	78.082	1942.79	-2.25848	13.3619
2019-10-14.14:43:04	77.6914	1945.5	-8.25559	15.0017
2019-10-14.14:43:05	77.0285	1948.67	-5.19751	14.6878
2019-10-14.14:43:06	76.797	1951.75	-0.20418	13.0237
2019-10-14.14:43:07	76.9888	1953.94	3.15046	12.5454
2019-10-14.14:43:08	77.3178	1955	6.57185	12.7292
2019-10-14.14:43:09	77.7338	1955.37	9.32513	13.5801
2019-10-14.14:43:10	78.0033	1956.29	1.70157	12.9055
2019-10-14.14:43:11	78.0466	1958.38	-4.50756	14.0517
2019-10-14.14:43:12	77.4766	1961.35	-7.71729	15.2367
2019-10-14.14:43:13	76.889	1964.57	-3.04772	13.9721
2019-10-14.14:43:14	76.895	1967.38	1.18301	12.6816
2019-10-14.14:43:15	77.1295	1969.13	4.34845	12.529
2019-10-14.14:43:16	77.5152	1969.83	8.2424	13.0652
2019-10-14.14:43:17	77.883	1970.22	6.35496	13.4127
2019-10-14.14:43:18	78.1368	1971.62	-0.800118	13.0331
2019-10-14.14:43:19	77.9062	1974.1	-6.78494	14.6868
2019-10-14.14:43:20	77.2497	1977.21	-6.57396	15.0019
2019-10-14.14:43:21	76.8549	1980.38	-1.1983	13.3084
2019-10-14.14:43:22	77.0085	1982.82	2.42126	12.5394
2019-10-14.14:43:23	77.2975	1984.14	5.66921	12.571
2019-10-14.14:43:24	77.7139	1984.58	10.0796	13.4141
2019-10-14.14:43:25	78.0137	1985.24	3.36683	13.0067
2019-10-14.14:43:26	78.1767	1987.07	-3.13335	13.5707
2019-10-14.14:43:27	77.7079	1989.89	-8.57276	15.0987
2019-10-14.14:43:28	77.0603	1993.07	-4.34653	14.384
2019-10-14.14:43:29	76.9299	1996.06	0.358738	12.828
2019-10-14.14:43:30	77.1377	1998.07	3.61831	12.5035
2019-10-14.14:43:31	77.49	1998.98	7.2079	12.8154
2019-10-14.14:43:32	77.8914	1999.32	8.1885	13.5381
2019-10-14.14:43:33	78.1518	2000.42	0.649655	12.8688
2019-10-14.14:43:34	78.0935	2002.67	-5.43312	14.2991
2019-10-14.14:43:35	77.4763	2005.69	-7.42498	15.1613
2019-10-14.14:43:36	76.9549	2008.9	-2.25393	13.6487
2019-10-14.14:43:37	77.0331	2011.57	1.71088	12.5724
2019-10-14.14:43:38	77.2868	2013.13	4.88788	12.501
2019-10-14.14:43:39	77.6863	2013.71	9.03834	13.1944
2019-10-14.14:43:40	78.0221	2014.18	5.03592	13.2089
2019-10-14.14:43:41	78.2512	2015.76	-1.82698	13.1879
2019-10-14.14:43:42	77.9079	2018.39	-7.81754	14.8637
2019-10-14.14:43:43	77.2421	2021.54	-5.61266	14.7416
2019-10-14.14:43:44	76.9582	2024.64	-0.490432	13.0512
2019-10-14.14:43:45	77.141	2026.9	2.9512	12.4929
2019-10-14.14:43:46	77.4557	2028.02	6.32546	12.6329
2019-10-14.14:43:47	77.8701	2028.39	9.68992	13.5069
2019-10-14.14:43:48	78.1423	2029.24	2.11386	12.8708
2019-10-14.14:43:49	78.2215	2031.24	-4.16624	13.8755
2019-10-14.14:43:50	77.6744	2034.16	-7.89824	15.1752
2019-10-14.14:43:51	77.0655	2037.36	-3.37149	14.0293
2019-10-14.14:43:52	77.0387	2040.21	0.990106	12.6665
2019-10-14.14:43:53	77.2645	2042.02	4.18426	12.4819
2019-10-14.14:43:54	77.6398	2042.75	8.00716	12.9691
2019-10-14.14:43:55	78.0119	2043.12	6.75312	13.415
2019-10-14.14:43:56	78.2666	2044.43	-0.501575	12.942
2019-10-14.14:43:57	78.0734	2046.85	-6.49943	14.5703
2019-10-14.14:43:58	77.4212	2049.93	-6.81663	15.0082
2019-10-14.14:43:59	76.9956	2053.1	-1.41251	13.3355
2019-10-14.14:44:00	77.1352	2055.58	2.28632	12.5049
2019-10-14.14:44:01	77.4146	2056.93	5.52263	12.518
2019-10-14.14:44:02	77.8252	2057.38	9.95085	13.3438
2019-10-14.14:44:03	78.1279	2057.99	3.64801	13.004
2019-10-14.14:44:04	78.3052	2059.76	-2.9164	13.4566
2019-10-14.14:44:05	77.8565	2062.53	-8.58807	15.0308
2019-10-14.14:44:06	77.2019	2065.69	-4.57103	14.4141
2019-10-14.14:44:07	77.0454	2068.68	0.220045	12.8276
2019-10-14.14:44:08	77.2477	2070.72	3.51604	12.4694
2019-10-14.14:44:09	77.5916	2071.65	7.07213	12.7561
2019-10-14.14:44:10	77.9926	2071.97	8.44114	13.5179
2019-10-14.14:44:11	78.2513	2073.02	0.858067	12.8296
2019-10-14.14:44:12	78.2155	2075.21	-5.24947	14.2077
2019-10-14.14:44:13	77.6061	2078.21	-7.48303	15.1443
2019-10-14.14:44:14	77.0693	2081.4	-2.41228	13.6705
2019-10-14.14:44:15	77.1342	2084.07	1.61667	12.5517
2019-10-14.14:44:16	77.383	2085.65	4.79891	12.4695
2019-10-14.14:44:17	77.7782	2086.23	8.90542	13.1394
2019-10-14.14:44:18	78.117	2086.67	5.23895	13.2094
2019-10-14.14:44:19	78.3508	2088.19	-1.67498	13.1206
2019-10-14.14:44:20	78.0253	2090.78	-7.66038	14.8035
2019-10-14.14:44:21	77.3601	2093.89	-5.76343	14.7488
2019-10-14.14:44:22	77.0587	2096.98	-0.596214	13.0508
2019-10-14.14:44:23	77.2384	2099.24	2.88096	12.4642
2019-10-14.14:44:24	77.5482	2100.37	6.24143	12.5904
2019-10-14.14:44:25	77.9618	2100.73	9.80361	13.4677
2019-10-14.14:44:26	78.2357	2101.53	2.26564	12.8505
2019-10-14.14:44:27	78.3273	2103.49	-4.04126	13.801
2019-10-14.14:44:28	77.7898	2106.37	-7.99183	15.1381
2019-10-14.14:44:29	77.1751	2109.54	-3.49542	14.0379
2019-10-14.14:44:30	77.1372	2112.39	0.917506	12.6489
2019-10-14.14:44:31	77.3604	2114.19	4.12541	12.4538
2019-10-14.14:44:32	77.7318	2114.93	7.92474	12.9217
2019-10-14.14:44:33	78.1058	2115.26	6.89054	13.4014
2019-10-14.14:44:34	78.3611	2116.54	-0.399427	12.8979
2019-10-14.14:44:35	78.1818	2118.91	-6.40288	14.5144
2019-10-14.14:44:36	77.5327	2121.96	-6.89802	14.9933
2019-10-14.14:44:37	77.0983	2125.11	-1.48813	13.3282
2019-10-14.14:44:38	77.2339	2127.58	2.24324	12.4775
2019-10-14.14:44:39	77.5103	2128.93	5.47962	12.4868
2019-10-14.14:44:40	77.919	2129.37	9.90015	13.3046
2019-10-14.14:44:41	78.2229	2129.94	3.73566	12.9866
2019-10-14.14:44:42	78.405	2131.68	-2.85004	13.4038
2019-10-14.14:44:43	77.9635	2134.41	-8.59131	14.9903
2019-10-14.14:44:44	77.3083	2137.55	-4.64269	14.4036
2019-10-14.14:44:45	77.145	2140.52	0.181039	12.8069
2019-10-14.14:44:46	77.3463	2142.55	3.49297	12.4414
2019-10-14.14:44:47	77.6874	2143.47	7.04292	12.721
2019-10-14.14:44:48	78.0883	2143.77	8.49616	13.4917
2019-10-14.14:44:49	78.3468	2144.79	0.901071	12.7984
2019-10-14.14:44:50	78.3167	2146.95	-5.21267	14.1642
2019-10-14.14:44:51	77.7102	2149.91	-7.50126	15.1171
2019-10-14.14:44:52	77.1712	2153.08	-2.45011	13.6504
2019-10-14.14:44:53	77.2341	2155.74	1.59938	12.5233
2019-10-14.14:44:54	77.4817	2157.3	4.78815	12.4425
2019-10-14.14:44:55	77.8752	2157.86	8.89013	13.1073
2019-10-14.14:44:56	78.2139	2158.28	5.2686	13.1854
2019-10-14.14:44:57	78.4484	2159.78	-1.65374	13.0852
2019-10-14.14:44:58	78.126	2162.33	-7.63787	14.7693
2019-10-14.14:44:59	77.4617	2165.42	-5.79502	14.7245
2019-10-14.14:45:00	77.1588	2168.49	-0.609821	13.0227
2019-10-14.14:45:01	77.3385	2170.73	2.87819	12.4355
2019-10-14.14:45:02	77.6467	2171.84	6.24214	12.5627
2019-10-14.14:45:03	78.0593	2172.18	9.79563	13.4397
2019-10-14.14:45:04	78.3326	2172.95	2.25083	12.8205
2019-10-14.14:45:05	78.4243	2174.89	-4.05649	13.7724
2019-10-14.14:45:06	77.8872	2177.75	-7.9835	15.1091
2019-10-14.14:45:07	77.2741	2180.9	-3.48969	14.0021
2019-10-14.14:45:08	77.2383	2183.72	0.928905	12.6161
2019-10-14.14:45:09	77.4617	2185.5	4.14427	12.4265
2019-10-14.14:45:10	77.8324	2186.2	7.95291	12.8987
2019-10-14.14:45:11	78.2045	2186.52	6.83203	13.3685
2019-10-14.14:45:12	78.4594	2187.78	-0.450703	12.8723
2019-10-14.14:45:13	78.276	2190.14	-6.45258	14.4952
2019-10-14.14:45:14	77.6267	2193.17	-6.86005	14.9544
2019-10-14.14:45:15	77.1978	2196.29	-1.45374	13.2842
2019-10-14.14:45:16	77.3364	2198.73	2.27707	12.446
2019-10-14.14:45:17	77.6136	2200.04	5.52454	12.4634
2019-10-14.14:45:18	78.0217	2200.46	9.95106	13.2867
2019-10-14.14:45:19	78.3227	2201.02	3.64124	12.947
2019-10-14.14:45:20	78.5008	2202.75	-2.92876	13.3943
2019-10-14.14:45:21	78.0539	2205.46	-8.59231	14.9724
2019-10-14.14:45:22	77.401	2208.58	-4.57563	14.3487
2019-10-14.14:45:23	77.2472	2211.53	0.230729	12.7626
2019-10-14.14:45:24	77.4502	2213.52	3.54274	12.4131
2019-10-14.14:45:25	77.7924	2214.39	7.11351	12.7068
2019-10-14.14:45:26	78.1905	2214.68	8.3662	13.4613
2019-10-14.14:45:27	78.4479	2215.7	0.784416	12.7713
2019-10-14.14:45:28	78.407	2217.85	-5.31783	14.1647
2019-10-14.14:45:29	77.7966	2220.8	-7.47813	15.0799
2019-10-14.14:45:30	77.2666	2223.94	-2.36529	13.5874
2019-10-14.14:45:31	77.3378	2226.56	1.66397	12.4859
2019-10-14.14:45:32	77.5874	2228.08	4.86184	12.4176
2019-10-14.14:45:33	77.9816	2228.6	8.99873	13.1
2019-10-14.14:45:34	78.3153	2229.01	5.08354	13.133
2019-10-14.14:45:35	78.5458	2230.51	-1.80268	13.0845
2019-10-14.14:45:36	78.2098	2233.06	-7.79023	14.7676
2019-10-14.14:45:37	77.546	2236.13	-5.65698	14.6562
2019-10-14.14:45:38	77.2609	2239.17	-0.50985	12.961
2019-10-14.14:45:39	77.4444	2241.36	2.96378	12.4052
2019-10-14.14:45:40	77.7559	2242.43	6.35427	12.5527
2019-10-14.14:45:41	78.1668	2242.73	9.64648	13.4265
2019-10-14.14:45:42	78.436	2243.52	2.04286	12.7793
2019-10-14.14:45:43	78.5129	2245.47	-4.23396	13.7981
2019-10-14.14:45:44	77.965	2248.31	-7.86545	15.088
2019-10-14.14:45:45	77.3617	2251.44	-3.33145	13.9142
2019-10-14.14:45:46	77.3433	2254.21	1.03993	12.5659
[State]	Cruise
2019-10-14.14:45:47	77.5702	2255.94	4.25572	12.4003
2019-10-14.14:45:48	77.9438	2256.6	8.11256	12.9045
2019-10-14.14:45:49	78.3093	2256.91	6.55343	13.3124
2019-10-14.14:45:50	78.5623	2258.19	-0.671534	12.8695
2019-10-14.14:45:51	78.3545	2260.55	-6.66421	14.5167
2019-10-14.14:45:52	77.7016	2263.57	-6.68897	14.8881
2019-10-14.14:45:53	77.2946	2266.66	-1.29864	13.2
2019-10-14.14:45:54	77.4433	2269.04	2.39399	12.4107
2019-10-14.14:45:55	77.7253	2270.29	5.66492	12.4497
2019-10-14.14:45:56	78.134	2270.67	10.0731	13.2914
2019-10-14.14:45:57	78.4278	2271.25	3.35186	12.8844
2019-10-14.14:45:58	78.5917	2272.99	-3.1626	13.4338
2019-10-14.14:45:59	78.126	2275.71	-8.55627	14.9767
2019-10-14.14:46:00	77.4794	2278.81	-4.35419	14.2458
2019-10-14.14:46:01	77.3523	2281.71	0.382905	12.6941
2019-10-14.14:46:02	77.5595	2283.63	3.67822	12.3861
2019-10-14.14:46:03	77.9069	2284.45	7.30053	12.7176
2019-10-14.14:46:04	78.2991	2284.71	8.02561	13.4218
2019-10-14.14:46:05	78.5551	2285.76	0.494857	12.7526
2019-10-14.14:46:06	78.484	2287.93	-5.57803	14.2125
2019-10-14.14:46:07	77.8634	2290.88	-7.40077	15.0291
2019-10-14.14:46:08	77.3553	2293.99	-2.15227	13.48
2019-10-14.14:46:09	77.4452	2296.54	1.81272	12.4407
2019-10-14.14:46:10	77.7004	2297.99	5.02333	12.3963
2019-10-14.14:46:11	78.0973	2298.47	9.23853	13.1178
2019-10-14.14:46:12	78.4218	2298.88	4.71257	13.0536
2019-10-14.14:46:13	78.6424	2300.42	-2.09265	13.1215
2019-10-14.14:46:14	78.2772	2302.99	-8.08942	14.7919
2019-10-14.14:46:15	77.6149	2306.04	-5.39238	14.5503
2019-10-14.14:46:16	77.3652	2309.03	-0.313503	12.8713
2019-10-14.14:46:17	77.5543	2311.15	3.12163	12.3756
2019-10-14.14:46:18	77.8728	2312.14	6.55968	12.5605
2019-10-14.14:46:19	78.2805	2312.42	9.33602	13.4187
2019-10-14.14:46:20	78.5445	2313.24	1.68188	12.7344
2019-10-14.14:46:21	78.5921	2315.22	-4.54051	13.8695
2019-10-14.14:46:22	78.0254	2318.07	-7.71952	15.0661
2019-10-14.14:46:23	77.4409	2321.18	-3.05629	13.7858
2019-10-14.14:46:24	77.451	2323.88	1.22462	12.5048
2019-10-14.14:46:25	77.6838	2325.53	4.43683	12.3755
2019-10-14.14:46:26	78.0628	2326.12	8.37543	12.9326
2019-10-14.14:46:27	78.4179	2326.43	6.09707	13.2319
2019-10-14.14:46:28	78.6666	2327.75	-1.02737	12.8918
2019-10-14.14:46:29	78.4189	2330.15	-7.01011	14.5673
2019-10-14.14:46:30	77.7612	2333.16	-6.38559	14.7922
2019-10-14.14:46:31	77.4046	2336.21	-1.04512	13.0903
2019-10-14.14:46:32	77.7878	2338.41	1.04412	12.4087
2019-10-14.14:46:33	78.6164	2339.5	-9.80375	11.0919
2019-10-14.14:46:34	80.3528	2339.35	-19.3278	11.7597
2019-10-14.14:46:35	82.4266	2337.96	-27.966	14.6231
2019-10-14.14:46:36	84.292	2335.88	-29.288	15.0221
2019-10-14.14:46:37	86.0777	2334.31	-29.3193	12.3275
2019-10-14.14:46:38	87.8262	2333.52	-29.3328	9.95135
2019-10-14.14:46:39	89.0367	2333.84	-29.3071	9.41596
2019-10-14.14:46:40	89.9846	2335.22	-29.2651	10.3935
2019-10-14.14:46:41	90.8391	2337.48	-29.2377	12.0779
2019-10-14.14:46:42	91.4169	2340.51	-29.2455	13.0478
2019-10-14.14:46:43	91.8472	2344	-29.2701	12.8008
2019-10-14.14:46:44	92.319	2347.63	-29.287	11.914
2019-10-14.14:46:45	92.8665	2351.28	-29.2879	11.2131
2019-10-14.14:46:46	93.4192	2355.01	-29.2768	11.0389
2019-10-14.14:46:47	93.948	2358.84	-28.872	11.2276
2019-10-14.14:46:48	94.4056	2362.93	-24.1408	11.3711
2019-10-14.14:46:49	94.7854	2367.68	-19.1652	10.9474
2019-10-14.14:46:50	95.0655	2372.93	-13.9725	10.7332
2019-10-14.14:46:51	95.3149	2378.49	-8.36277	10.6477
2019-10-14.14:46:52	95.6494	2384.02	-2.23499	10.6265
2019-10-14.14:46:53	96.1021	2389.32	1.20282	10.517
2019-10-14.14:46:54	96.7513	2394.33	-0.621528	9.98963
2019-10-14.14:46:55	97.6288	2398.93	-2.17844	9.71586
2019-10-14.14:46:56	98.546	2403.24	-1.71881	9.32063
2019-10-14.14:46:57	99.6658	2407.23	0.319683	8.83668
2019-10-14.14:46:58	100.811	2410.92	1.83416	8.65157
2019-10-14.14:46:59	101.949	2414.5	1.26762	8.32281
2019-10-14.14:47:00	103.257	2417.98	-0.708536	7.92546
2019-10-14.14:47:01	104.643	2421.31	-1.87215	7.69528
2019-10-14.14:47:02	106.035	2424.56	-0.941563	7.32675
2019-10-14.14:47:03	107.573	2427.53	0.94874	7.00544
2019-10-14.14:47:04	109.026	2430.31	1.59955	6.93248
2019-10-14.14:47:05	110.502	2433.07	0.325293	6.62635
2019-10-14.14:47:06	112.102	2435.66	-1.24562	6.41939
2019-10-14.14:47:07	113.652	2438.19	-1.18217	6.19713
2019-10-14.14:47:08	115.294	2440.62	0.303389	5.89092
2019-10-14.14:47:09	116.875	2442.95	1.23118	5.77305
2019-10-14.14:47:10	118.413	2445.32	0.464768	5.53968
2019-10-14.14:47:11	120.04	2447.63	-0.847131	5.32585
2019-10-14.14:47:12	121.613	2449.9	-0.914928	5.13887
2019-10-14.14:47:13	123.246	2452.07	0.208775	4.89663
2019-10-14.14:47:14	124.816	2454.15	0.852861	4.77201
2019-10-14.14:47:15	126.362	2456.23	0.17935	4.57742
2019-10-14.14:47:16	127.96	2458.23	-0.697749	4.40907
2019-10-14.14:47:17	129.51	2460.18	-0.496608	4.22739
2019-10-14.14:47:18	131.097	2462.02	0.332714	4.06848
2019-10-14.14:47:19	132.609	2463.82	0.474461	3.93181
2019-10-14.14:47:20	134.142	2465.57	-0.182491	3.77638
2019-10-14.14:47:21	135.669	2467.24	-0.514984	3.64684
2019-10-14.14:47:22	137.185	2468.86	-0.0679307	3.48878
2019-10-14.14:47:23	138.666	2470.39	0.325297	3.38003
2019-10-14.14:47:24	140.107	2471.89	0.0492611	3.25377
2019-10-14.14:47:25	141.554	2473.33	-0.334916	3.13639
2019-10-14.14:47:26	142.963	2474.7	-0.185673	3.01351
2019-10-14.14:47:27	144.354	2476.01	0.146201	2.91647
2019-10-14.14:47:28	145.693	2477.27	0.0707451	2.81444
2019-10-14.14:47:29	147.031	2478.48	-0.205696	2.7139
2019-10-14.14:47:30	148.334	2479.64	-0.173409	2.61832
2019-10-14.14:47:31	149.617	2480.73	0.0442515	2.53504
2019-10-14.14:47:32	150.854	2481.79	0.0271661	2.45132
2019-10-14.14:47:33	152.08	2482.8	-0.14564	2.36836
2019-10-14.14:47:34	153.274	2483.76	-0.135077	2.29109
2019-10-14.14:47:35	154.438	2484.67	-0.0041631	2.22213
2019-10-14.14:47:36	155.559	2485.55	-0.0191714	2.15387
2019-10-14.14:47:37	156.659	2486.39	-0.120725	2.08682
2019-10-14.14:47:38	157.729	2487.2	-0.103657	2.02302
2019-10-14.14:47:39	158.766	2487.96	-0.0303464	1.96583
2019-10-14.14:47:40	159.767	2488.69	-0.0533247	1.91004
2019-10-14.14:47:41	160.747	2489.39	-0.107438	1.85604
2019-10-14.14:47:42	161.697	2490.05	-0.084266	1.80386
[State]	Descent
2019-10-14.14:47:43	162.615	2490.68	-0.0494869	1.756
2019-10-14.14:47:44	163.504	2491.29	-0.0746355	1.70986
2019-10-14.14:47:45	164.37	2491.86	-0.0972936	1.666
2019-10-14.14:47:46	165.209	2492.41	-0.0757853	1.62408
2019-10-14.14:47:47	166.018	2492.93	-0.0655168	1.58438
2019-10-14.14:47:48	166.803	2493.43	-0.0853032	1.54614
2019-10-14.14:47:49	167.564	2493.91	-0.0894821	1.50988
2019-10-14.14:47:50	168.3	2494.36	-0.0755167	1.47565
2019-10-14.14:47:51	169.01	2494.79	-0.0777502	1.44289
2019-10-14.14:47:52	169.698	2495.2	-0.0886757	1.41148
2019-10-14.14:47:53	170.364	2495.59	-0.0852482	1.38155
2019-10-14.14:47:54	171.006	2495.97	-0.0797815	1.35322
2019-10-14.14:47:55	171.627	2496.32	-0.0852835	1.32608
2019-10-14.14:47:56	172.228	2496.66	-0.0886848	1.30025
2019-10-14.14:47:57	172.807	2496.99	-0.0848542	1.2756
2019-10-14.14:47:58	173.367	2497.3	-0.0849375	1.25209
2019-10-14.14:47:59	173.908	2497.59	-0.088793	1.22969
2019-10-14.14:48:00	174.429	2497.87	-0.0884685	1.20823
2019-10-14.14:48:01	174.932	2498.14	-0.0869426	1.18777
2019-10-14.14:48:02	175.418	2498.4	-0.0887856	1.16828
2019-10-14.14:48:03	175.886	2498.64	-0.0901703	1.14965
2019-10-14.14:48:04	176.337	2498.87	-0.0893119	1.13183
2019-10-14.14:48:05	176.772	2499.1	-0.0896177	1.11485
2019-10-14.14:48:06	177.192	2499.31	-0.0910025	1.09863
2019-10-14.14:48:07	177.596	2499.51	-0.0910967	1.08311
2019-10-14.14:48:08	177.986	2499.71	-0.0909308	1.06829
2019-10-14.14:48:09	178.361	2499.89	-0.0917443	1.05416
2019-10-14.14:48:10	178.722	2500.07	-0.0922969	1.04071
2019-10-14.14:48:11	179.065	2500.21	-0.0950555	0.619591
2019-10-14.14:48:12	180.147	2496.72	-0.210446	-1.08237
2019-10-14.14:48:13	181.168	2492.02	-0.0356535	-0.605257
2019-10-14.14:48:14	182.559	2485.87	-0.098444	-0.990851
2019-10-14.14:48:15	183.529	2480.87	-0.0970488	-1.02018
2019-10-14.14:48:16	184.863	2474.2	-0.139482	-0.852872
2019-10-14.14:48:17	185.717	2469.33	-0.0364796	-1.19983
2019-10-14.14:48:18	186.944	2462.56	-0.14313	-0.77789
2019-10-14.14:48:19	187.698	2457.8	-0.0795798	-1.30828
2019-10-14.14:48:20	188.818	2451.01	-0.115756	-0.710898
2019-10-14.14:48:21	189.486	2446.32	-0.0747519	-1.42156
2019-10-14.14:48:22	190.492	2439.56	-0.133241	-0.60895
2019-10-14.14:48:23	191.097	2434.87	-0.0794202	-1.59027
2019-10-14.14:48:24	191.978	2428.26	-0.109018	-0.418359
2019-10-14.14:48:25	192.58	2423.34	-0.111876	-1.82529
2019-10-14.14:48:26	193.248	2417.27	-0.0844314	-0.421084
2019-10-14.14:48:27	193.973	2411.51	-0.131908	-1.32432
2019-10-14.14:48:28	194.382	2406.55	-0.0799376	-1.45731
2019-10-14.14:48:29	195.084	2400.08	-0.106469	-0.128584
2019-10-14.14:48:30	195.672	2394.56	-0.135843	-1.20155
2019-10-14.14:48:31	196.008	2389.6	-0.111856	-2.57289
2019-10-14.14:48:32	196.329	2384.29	-0.0777707	-2.73523
2019-10-14.14:48:33	196.627	2378.81	-0.0503125	-2.83431
2019-10-14.14:48:34	196.72	2373.58	-0.0227757	-4.17715
2019-10-14.14:48:35	196.3	2368.63	-0.0009512	-7.89611
2019-10-14.14:48:36	195.098	2363.81	0.0323156	-11.6871
2019-10-14.14:48:37	193.441	2359.35	0.107033	-12.5562
2019-10-14.14:48:38	191.76	2354.97	0.119591	-12.5968
2019-10-14.14:48:39	190.157	2350.56	0.148893	-12.5605
2019-10-14.14:48:40	188.644	2346.09	0.219285	-12.5732
2019-10-14.14:48:41	187.222	2341.55	0.270197	-12.6105
2019-10-14.14:48:42	185.892	2336.91	0.312593	-12.5881
2019-10-14.14:48:43	184.652	2332.17	0.375034	-12.39
2019-10-14.14:48:44	183.509	2327.29	0.434279	-11.9051
2019-10-14.14:48:45	182.466	2322.24	0.477845	-11.0256
2019-10-14.14:48:46	181.523	2317	0.51703	-9.66203
2019-10-14.14:48:47	180.68	2311.53	0.547059	-7.78497
2019-10-14.14:48:48	179.937	2305.81	0.556328	-5.44891
2019-10-14.14:48:49	179.283	2299.83	0.545648	-2.76173
2019-10-14.14:48:50	178.694	2293.6	0.516247	0.224631
2019-10-14.14:48:51	178.158	2287.16	0.464741	3.4085
2019-10-14.14:48:52	177.705	2280.62	0.39373	6.55442
2019-10-14.14:48:53	177.405	2274.1	0.313717	9.18373
2019-10-14.14:48:54	177.295	2267.75	0.233059	10.6533
2019-10-14.14:48:55	177.294	2261.69	0.160051	10.5019
2019-10-14.14:48:56	177.3	2256.02	0.105535	8.45032
2019-10-14.14:48:57	177.228	2250.74	0.0804747	4.64656
2019-10-14.14:48:58	176.97	2245.84	0.0919152	-0.156114
2019-10-14.14:48:59	176.412	2241.31	0.146957	-4.83591
2019-10-14.14:49:00	175.636	2237.19	0.235976	-8.64901
2019-10-14.14:49:01	174.804	2233.35	0.338193	-10.9104
2019-10-14.14:49:02	174	2229.62	0.440963	-11.2767
2019-10-14.14:49:03	173.27	2225.84	0.522866	-9.71151
2019-10-14.14:49:04	172.639	2221.92	0.559533	-6.40864
2019-10-14.14:49:05	172.096	2217.81	0.544352	-1.93794
2019-10-14.14:49:06	171.576	2213.55	0.479913	3.00945
2019-10-14.14:49:07	171.112	2209.37	0.374139	7.80969
2019-10-14.14:49:08	170.878	2205.65	0.250993	11.0396
2019-10-14.14:49:09	170.834	2202.78	0.138395	11.2353
2019-10-14.14:49:10	170.718	2200.97	0.0685642	7.62697
2019-10-14.14:49:11	170.275	2200.19	0.0692516	1.27208
2019-10-14.14:49:12	169.303	2200.11	0.150831	-5.14207
2019-10-14.14:49:13	168.154	2200.07	0.292972	-9.12756
2019-10-14.14:49:14	167.169	2199.45	0.435463	-9.28525
2019-10-14.14:49:15	166.456	2197.97	0.512011	-5.75493
2019-10-14.14:49:16	165.981	2195.58	0.491888	0.191432
2019-10-14.14:49:17	165.613	2192.63	0.384607	6.53597
2019-10-14.14:49:18	165.525	2189.89	0.232165	10.9756
2019-10-14.14:49:19	165.72	2188.19	0.0928017	10.8566
2019-10-14.14:49:20	165.729	2187.93	0.0284999	5.22411
2019-10-14.14:49:21	165.098	2188.85	0.0816927	-2.65097
2019-10-14.14:49:22	164.004	2189.99	0.239654	-8.03349
2019-10-14.14:49:23	163.109	2190.25	0.40286	-8.05763
2019-10-14.14:49:24	162.607	2189.18	0.464939	-3.19496
2019-10-14.14:49:25	162.376	2186.93	0.398873	3.80852
2019-10-14.14:49:26	162.376	2184.4	0.24445	9.64039
2019-10-14.14:49:27	162.762	2182.86	0.0820393	10.7305
2019-10-14.14:49:28	163.002	2182.99	-0.0017737	5.32593
2019-10-14.14:49:29	162.532	2184.46	0.0515464	-2.65796
2019-10-14.14:49:30	161.627	2186.01	0.214759	-7.33029
2019-10-14.14:49:31	161.004	2186.36	0.360459	-5.90111
2019-10-14.14:49:32	160.812	2185.15	0.381566	0.0295106
2019-10-14.14:49:33	160.848	2182.95	0.275778	6.71598
2019-10-14.14:49:34	161.239	2181.09	0.111062	10.3348
2019-10-14.14:49:35	161.753	2180.75	-0.0150826	7.57022
2019-10-14.14:49:36	161.719	2182.05	-0.0164186	0.0486828
2019-10-14.14:49:37	161.011	2183.9	0.117248	-5.92862
2019-10-14.14:49:38	160.409	2184.83	0.278766	-6.02127
2019-10-14.14:49:39	160.259	2184.12	0.334672	-0.936676
2019-10-14.14:49:40	160.368	2182.21	0.256806	5.62821
2019-10-14.14:49:41	160.791	2180.41	0.102202	9.75559
2019-10-14.14:49:42	161.397	2180	-0.0295727	7.78964
2019-10-14.14:49:43	161.505	2181.27	-0.0449955	0.693969
2019-10-14.14:49:44	160.911	2183.21	0.0772585	-5.37836
[State]	Climb
2019-10-14.14:49:45	160.361	2184.29	0.239296	-5.80283
2019-10-14.14:49:46	160.251	2183.74	0.30398	-0.998958
2019-10-14.14:49:47	160.403	2181.98	0.235796	5.4064
2019-10-14.14:49:48	160.854	2180.25	0.0877946	9.51236
2019-10-14.14:49:49	161.483	2179.88	-0.0414845	7.66843
2019-10-14.14:49:50	161.622	2181.16	-0.0583686	0.76259
2019-10-14.14:49:51	161.04	2183.17	-2.07342	-4.17597
2019-10-14.14:49:52	158.244	2190.69	-11.0717	-3.03929
2019-10-14.14:49:53	154.747	2200.41	-20.1225	4.52554
2019-10-14.14:49:54	151.547	2209.51	-29.7507	11.6638
2019-10-14.14:49:55	148.892	2221.86	-30.1129	6.61705
2019-10-14.14:49:56	144.798	2235.99	-29.6363	2.32002
2019-10-14.14:49:57	141.789	2246.17	-29.6419	8.20157
2019-10-14.14:49:58	139.467	2258.06	-29.6692	5.93003
2019-10-14.14:49:59	136.293	2269.88	-29.6591	6.98921
2019-10-14.14:50:00	134.15	2280.86	-29.6697	5.90717
2019-10-14.14:50:01	131.762	2290.99	-29.6777	7.40937
2019-10-14.14:50:02	129.093	2302.82	-29.6758	7.59559
2019-10-14.14:50:03	126.735	2314.08	-29.6751	7.23794
2019-10-14.14:50:04	124.831	2323.74	-29.6794	6.78269
2019-10-14.14:50:05	122.972	2332.6	-29.6874	7.36999
2019-10-14.14:50:06	121.087	2341.78	-29.6892	7.42437
2019-10-14.14:50:07	119.367	2350.58	-29.6894	7.30216
2019-10-14.14:50:08	117.72	2358.81	-29.6952	7.6688
2019-10-14.14:50:09	116.099	2366.96	-29.6986	7.66891
2019-10-14.14:50:10	114.541	2374.81	-29.7031	7.84278
2019-10-14.14:50:11	113.041	2382.48	-28.4586	7.9577
2019-10-14.14:50:12	111.491	2390.44	-22.2888	8.27374
2019-10-14.14:50:13	109.615	2399.82	-16.2684	9.05979
2019-10-14.14:50:14	107.573	2410.44	-10.0023	9.02282
2019-10-14.14:50:15	105.668	2420.86	-4.93354	9.42293
2019-10-14.14:50:16	103.898	2431.02	-4.48346	9.48604
2019-10-14.14:50:17	102.43	2440.47	-4.41885	9.21273
2019-10-14.14:50:18	101.266	2448.77	-3.37695	8.96558
2019-10-14.14:50:19	100.159	2456.52	-1.40314	9.31419
2019-10-14.14:50:20	99.0349	2464.22	0.126326	9.31138
2019-10-14.14:50:21	97.9195	2471.64	0.219526	9.57734
2019-10-14.14:50:22	96.8603	2479.01	-0.756354	9.62383
2019-10-14.14:50:23	95.9002	2486.21	-1.50872	9.78479
2019-10-14.14:50:24	94.9314	2493.34	-1.07166	9.85255
2019-10-14.14:50:25	94.0581	2500.3	0.267643	9.89211
2019-10-14.14:50:26	93.1745	2507.08	1.33999	10.0659
2019-10-14.14:50:27	92.2716	2513.69	1.22724	10.2224
2019-10-14.14:50:28	91.4279	2520.13	0.108698	10.304
2019-10-14.14:50:29	90.6825	2526.38	-0.929118	10.4034
2019-10-14.14:50:30	89.9428	2532.42	-0.887548	10.5263
2019-10-14.14:50:31	89.2738	2538.26	0.232083	10.5362
2019-10-14.14:50:32	88.6276	2543.84	1.45649	10.6825
2019-10-14.14:50:33	87.9372	2549.25	1.72204	10.8404
2019-10-14.14:50:34	87.2732	2554.51	0.792705	10.8536
2019-10-14.14:50:35	86.7676	2559.52	-0.547238	10.6463
2019-10-14.14:50:36	86.4578	2564.06	-1.15805	10.3667
2019-10-14.14:50:37	86.3139	2568.05	-0.482118	10.0933
2019-10-14.14:50:38	86.3666	2571.54	0.940592	9.77809
2019-10-14.14:50:39	86.4847	2574.59	1.91159	9.66586
2019-10-14.14:50:40	86.6377	2577.38	1.58666	9.55218
2019-10-14.14:50:41	86.8512	2580.08	0.204747	9.47445
2019-10-14.14:50:42	87.1081	2582.84	-1.06645	9.51706
2019-10-14.14:50:43	87.266	2585.77	-1.11183	9.67071
2019-10-14.14:50:44	87.3583	2588.94	0.136399	9.74136
2019-10-14.14:50:45	87.378	2592.3	1.61101	9.80113
2019-10-14.14:50:46	87.3857	2595.62	2.01888	9.56478
2019-10-14.14:50:47	87.5075	2598.66	0.95388	9.35485
2019-10-14.14:50:48	87.7954	2601.49	-0.689433	9.07224
2019-10-14.14:50:49	88.1798	2604.1	-1.49098	8.9174
2019-10-14.14:50:50	88.6063	2606.56	-0.720671	8.64469
2019-10-14.14:50:51	89.1676	2608.82	0.966982	8.35256
2019-10-14.14:50:52	89.7023	2610.9	2.09007	8.30403
2019-10-14.14:50:53	90.2055	2612.96	1.63286	8.13088
2019-10-14.14:50:54	90.7917	2615.01	-0.042125	7.86911
2019-10-14.14:50:55	91.4721	2617.03	-1.44771	7.69312
2019-10-14.14:50:56	92.119	2619.03	-1.29151	7.51501
2019-10-14.14:50:57	92.8596	2620.97	0.285357	7.18164
2019-10-14.14:50:58	93.6206	2622.8	1.82178	7.08257
2019-10-14.14:50:59	94.2989	2624.64	1.87671	6.96691
2019-10-14.14:51:00	95.0216	2626.5	0.380203	6.71569
2019-10-14.14:51:01	95.8458	2628.27	-1.24641	6.5554
2019-10-14.14:51:02	96.6154	2629.98	-1.4215	6.43559
2019-10-14.14:51:03	97.4457	2631.58	0.0047036	6.14475
2019-10-14.14:51:04	98.3315	2632.96	1.6038	5.9975
2019-10-14.14:51:05	99.102	2634.3	1.7827	6.0451
2019-10-14.14:51:06	99.8774	2635.78	0.389206	5.76252
2019-10-14.14:51:07	100.746	2637.21	-1.14566	5.64869
2019-10-14.14:51:08	101.538	2638.69	-1.22936	5.52949
2019-10-14.14:51:09	102.386	2640.15	0.168016	5.27818
2019-10-14.14:51:10	103.241	2641.52	1.52495	5.21127
2019-10-14.14:51:11	104.001	2642.95	1.40745	5.1213
2019-10-14.14:51:12	104.811	2644.42	-0.0084215	4.93585
2019-10-14.14:51:13	105.66	2645.88	-1.13972	4.83191
2019-10-14.14:51:14	106.458	2647.35	-0.763572	4.66835
2019-10-14.14:51:15	107.335	2648.76	0.617438	4.47164
2019-10-14.14:51:16	108.15	2650.1	1.41126	4.43552
2019-10-14.14:51:17	108.917	2651.49	0.75954	4.2952
2019-10-14.14:51:18	109.751	2652.89	-0.517839	4.14756
2019-10-14.14:51:19	110.538	2654.26	-0.915702	4.06178
2019-10-14.14:51:20	111.339	2655.6	-0.0405986	3.87057
2019-10-14.14:51:21	112.168	2656.86	0.990432	3.78669
2019-10-14.14:51:22	112.916	2658.12	0.95419	3.69755
2019-10-14.14:51:23	113.697	2659.38	-0.0280038	3.5628
2019-10-14.14:51:24	114.481	2660.61	-0.703263	3.47588
2019-10-14.14:51:25	115.231	2661.83	-0.283836	3.33326
2019-10-14.14:51:26	116.026	2662.96	0.615784	3.22477
2019-10-14.14:51:27	116.75	2664.08	0.847253	3.16032
2019-10-14.14:51:28	117.477	2665.2	0.183908	3.04817
2019-10-14.14:51:29	118.225	2666.28	-0.460165	2.95956
2019-10-14.14:51:30	118.934	2667.34	-0.277104	2.85141
2019-10-14.14:51:31	119.698	2668.33	2.04531	2.40134
2019-10-14.14:51:32	121.769	2666.24	9.60269	-1.67732
2019-10-14.14:51:33	125.298	2657.77	16.9151	0.40205
2019-10-14.14:51:34	128.394	2650.18	24.3648	1.13261
2019-10-14.14:51:35	131.99	2641.83	30.3586	0.146564
2019-10-14.14:51:36	136.006	2631.34	30.4567	-0.285419
2019-10-14.14:51:37	139.539	2621.91	30.4597	0.485881
2019-10-14.14:51:38	142.57	2614.3	30.4511	0.347724
2019-10-14.14:51:39	145.519	2606.46	30.4501	0.41741
2019-10-14.14:51:40	148.235	2599.05	30.4522	0.437861
2019-10-14.14:51:41	150.829	2592.03	30.4505	0.211465
2019-10-14.14:51:42	153.263	2585.14	30.4478	0.303105
2019-10-14.14:51:43	155.549	2578.45	30.4463	0.308817
2019-10-14.14:51:44	157.719	2571.91	30.4456	0.208022
2019-10-14.14:51:45	159.791	2565.48	30.4441	0.15055
2019-10-14.14:51:46	161.756	2559.16	30.4422	0.14467
2019-10-14.14:51:47	163.619	2552.94	30.4408	0.11799
[State]	Cruise
2019-10-14.14:51:48	165.394	2546.81	30.4396	0.0896723
2019-10-14.14:51:49	167.046	2540.9	30.4387	0.221697
2019-10-14.14:51:50	168.523	2535.52	30.4377	0.366901
2019-10-14.14:51:51	169.836	2530.69	30.437	0.501956
2019-10-14.14:51:52	171.002	2526.4	30.4362	0.629391
2019-10-14.14:51:53	172.034	2522.61	30.4351	0.751465
2019-10-14.14:51:54	172.944	2519.28	27.9001	0.856062
2019-10-14.14:51:55	173.821	2516.63	22.3793	0.585347
2019-10-14.14:51:56	174.69	2514.49	18.4454	0.618611
2019-10-14.14:51:57	175.421	2512.74	15.5956	0.746285
2019-10-14.14:51:58	176.069	2511.3	12.7664	0.727117
2019-10-14.14:51:59	176.738	2510.03	10.3979	0.711083
2019-10-14.14:52:00	177.339	2509	8.81785	0.75538
2019-10-14.14:52:01	177.875	2508.08	7.38191	0.80119
2019-10-14.14:52:02	178.384	2507.35	5.99021	0.764442
2019-10-14.14:52:03	178.891	2506.63	5.00655	0.772961
2019-10-14.14:52:04	179.342	2506.01	4.25753	0.834794
2019-10-14.14:52:05	179.747	2505.56	3.48265	0.797234
2019-10-14.14:52:06	180.16	2505.06	2.85394	0.778749
2019-10-14.14:52:07	180.552	2504.56	2.43354	0.792718
2019-10-14.14:52:08	180.902	2504.16	2.02076	0.834524
2019-10-14.14:52:09	181.214	2503.94	1.63254	0.844568
2019-10-14.14:52:10	181.521	2503.71	1.36756	0.807496
2019-10-14.14:52:11	181.823	2503.41	1.15184	0.794021
2019-10-14.14:52:12	182.112	2503.1	0.929639	0.799032
2019-10-14.14:52:13	182.378	2502.86	0.759622	0.821615
2019-10-14.14:52:14	182.615	2502.72	0.63792	0.859589
2019-10-14.14:52:15	182.82	2502.71	0.513853	0.846193
2019-10-14.14:52:16	183.03	2502.63	0.403562	0.812218
2019-10-14.14:52:17	183.243	2502.48	0.333755	0.790139
2019-10-14.14:52:18	183.456	2502.28	0.268742	0.780395
2019-10-14.14:52:19	183.657	2502.07	0.202176	0.78435
2019-10-14.14:52:20	183.841	2501.91	0.157052	0.800466
2019-10-14.14:52:21	184.005	2501.82	0.121931	0.826841
2019-10-14.14:52:22	184.143	2501.84	0.0838274	0.863167
2019-10-14.14:52:23	184.258	2501.97	0.0529268	0.841946
2019-10-14.14:52:24	184.385	2502	0.0293436	0.804146
2019-10-14.14:52:25	184.524	2501.93	0.0111999	0.77334
2019-10-14.14:52:26	184.67	2501.78	-0.006149	0.751117
2019-10-14.14:52:27	184.818	2501.57	-0.0206139	0.737894
2019-10-14.14:52:28	184.962	2501.35	-0.0312955	0.733505
2019-10-14.14:52:29	185.099	2501.13	-0.041044	0.737753
2019-10-14.14:52:30	185.224	2500.93	-0.0497412	0.750203
2019-10-14.14:52:31	185.333	2500.8	-0.0561932	0.769973
2019-10-14.14:52:32	185.424	2500.74	-0.0616926	0.796058
2019-10-14.14:52:33	185.494	2500.78	-0.0668235	0.82738
2019-10-14.14:52:34	185.543	2500.93	-0.070794	0.862637
2019-10-14.14:52:35	185.574	2501.19	-0.0752015	0.847314
2019-10-14.14:52:36	185.621	2501.35	-0.0820119	0.803199
2019-10-14.14:52:37	185.688	2501.37	-0.0822124	0.761861
2019-10-14.14:52:38	185.774	2501.27	-0.0827793	0.724612
2019-10-14.14:52:39	185.874	2501.06	-0.0866708	0.692971
2019-10-14.14:52:40	185.983	2500.76	-0.087709	0.66754
2019-10-14.14:52:41	186.099	2500.39	-0.0874209	0.648643
2019-10-14.14:52:42	186.216	2499.98	-0.089246	0.636852
2019-10-14.14:52:43	186.332	2499.55	-0.0903445	0.632245
2019-10-14.14:52:44	186.442	2499.11	-0.0900526	0.634469
2019-10-14.14:52:45	186.543	2498.7	-0.0907242	0.643227
2019-10-14.14:52:46	186.632	2498.33	-0.0915519	0.658008
2019-10-14.14:52:47	186.708	2498.01	-0.0914522	0.677956
2019-10-14.14:52:48	186.767	2497.77	-0.0916195	0.702196
2019-10-14.14:52:49	186.809	2497.62	-0.0921467	0.729804
2019-10-14.14:52:50	186.833	2497.57	-0.0922073	0.759691
2019-10-14.14:52:51	186.839	2497.61	-0.0922287	0.790762
2019-10-14.14:52:52	186.828	2497.76	-0.0925442	0.82199
2019-10-14.14:52:53	186.801	2498	-0.0926924	0.852344
2019-10-14.14:52:54	186.76	2498.34	-0.0927203	0.880853
2019-10-14.14:52:55	186.706	2498.77	-0.0929187	0.906688
2019-10-14.14:52:56	186.643	2499.27	-0.0934868	0.902073
2019-10-14.14:52:57	186.6	2499.69	-0.0969489	0.851317
2019-10-14.14:52:58	186.585	2499.95	-0.0960307	0.800701
2019-10-14.14:52:59	186.599	2500.04	-0.0945164	0.749402
2019-10-14.14:53:00	186.639	2499.97	-0.0961719	0.699475
2019-10-14.14:53:01	186.703	2499.74	-0.0963356	0.652422
2019-10-14.14:53:02	186.789	2499.36	-0.0951013	0.609421
2019-10-14.14:53:03	186.891	2498.86	-0.0955669	0.571855
2019-10-14.14:53:04	187.006	2498.25	-0.0959361	0.540756
2019-10-14.14:53:05	187.13	2497.55	-0.0951538	0.516694
2019-10-14.14:53:06	187.259	2496.79	-0.0950405	0.500175
2019-10-14.14:53:07	187.387	2496	-0.0952856	0.491463
2019-10-14.14:53:08	187.51	2495.19	-0.0948574	0.490413
2019-10-14.14:53:09	187.626	2494.39	-0.0945685	0.496702
2019-10-14.14:53:10	187.73	2493.63	-0.0946577	0.509847
2019-10-14.14:53:11	187.82	2492.93	-0.0944541	0.529088
2019-10-14.14:53:12	188.176	2490.93	-0.157121	-1.25207
2019-10-14.14:53:13	189.043	2485.32	-0.103831	-0.22355
2019-10-14.14:53:14	189.736	2480.74	-0.0623799	-1.72729
2019-10-14.14:53:15	190.57	2474.62	-0.112221	-0.30263
2019-10-14.14:53:16	191.349	2469.26	-0.129364	-1.65318
2019-10-14.14:53:17	191.968	2463.73	-0.046408	-0.769373
2019-10-14.14:53:18	192.823	2457.52	-0.138275	-0.960162
2019-10-14.14:53:19	193.278	2452.77	-0.0866458	-1.64075
2019-10-14.14:53:20	194	2446.36	-0.0813536	-0.163931
2019-10-14.14:53:21	194.67	2440.7	-0.132117	-1.09955
2019-10-14.14:53:22	195.047	2435.82	-0.105026	-2.40904
2019-10-14.14:53:23	195.443	2430.38	-0.0586115	-1.99961
2019-10-14.14:53:24	195.856	2424.63	-0.0442716	-1.18933
2019-10-14.14:53:25	196.143	2419.05	-0.0225286	-0.784452
2019-10-14.14:53:26	196.008	2413.97	0.035211	-1.9242
2019-10-14.14:53:27	195.11	2409.54	0.116481	-6.35019
2019-10-14.14:53:28	193.455	2405.34	0.254434	-9.44634
2019-10-14.14:53:29	191.718	2401.13	0.310766	-10.3828
2019-10-14.14:53:30	190.073	2396.79	0.319484	-10.5491
2019-10-14.14:53:31	188.544	2392.29	0.378397	-10.3537
2019-10-14.14:53:32	187.131	2387.64	0.43453	-9.8751
2019-10-14.14:53:33	185.83	2382.83	0.457585	-9.10659
2019-10-14.14:53:34	184.639	2377.84	0.488764	-8.01343
2019-10-14.14:53:35	183.554	2372.66	0.522934	-6.5792
2019-10-14.14:53:36	182.571	2367.27	0.533799	-4.81453
2019-10-14.14:53:37	181.685	2361.66	0.529178	-2.72262
2019-10-14.14:53:38	180.881	2355.81	0.515774	-0.32331
2019-10-14.14:53:39	180.144	2349.76	0.482667	2.33277
2019-10-14.14:53:40	179.485	2343.54	0.428538	5.12742
2019-10-14.14:53:41	178.94	2337.25	0.363062	7.80358
2019-10-14.14:53:42	178.566	2331	0.292226	9.89172
2019-10-14.14:53:43	178.363	2324.89	0.21948	10.8807
2019-10-14.14:53:44	178.251	2319.04	0.154423	10.3923
2019-10-14.14:53:45	178.147	2313.52	0.108202	8.19635
2019-10-14.14:53:46	177.977	2308.35	0.0886552	4.444
2019-10-14.14:53:47	177.639	2303.51	0.101535	-0.200687
2019-10-14.14:53:48	177.059	2298.88	0.150213	-4.86033
2019-10-14.14:53:49	176.345	2294.28	0.232284	-8.77074
2019-10-14.14:53:50	175.654	2289.51	0.333472	-11.2448
2019-10-14.14:53:51	175.063	2284.4	0.434788	-11.9688
2019-10-14.14:53:52	174.595	2278.86	0.516187	-10.9451
2019-10-14.14:53:53	174.266	2272.86	0.561515	-8.37539
2019-10-14.14:53:54	174.054	2266.4	0.565094	-4.70509
2019-10-14.14:53:55	173.918	2259.52	0.527778	-0.55622
2019-10-14.14:53:56	173.805	2252.37	0.453912	3.73698
2019-10-14.14:53:57	173.783	2245.18	0.356141	7.6696
2019-10-14.14:53:58	173.927	2238.43	0.256704	10.2335
[State]	Descent
2019-10-14.14:53:59	174.14	2232.53	0.166495	10.6079
2019-10-14.14:54:00	174.254	2227.69	0.0990298	8.3333
2019-10-14.14:54:01	174.137	2223.93	0.0757672	3.72102
2019-10-14.14:54:02	173.628	2221.1	0.10929	-1.86667
2019-10-14.14:54:03	172.732	2218.91	0.195623	-6.90079
2019-10-14.14:54:04	171.736	2216.92	0.316768	-10.0019
2019-10-14.14:54:05	170.828	2214.76	0.44074	-10.4296
2019-10-14.14:54:06	170.078	2212.2	0.526264	-8.17064
2019-10-14.14:54:07	169.496	2209.16	0.545227	-3.72363
2019-10-14.14:54:08	169.021	2205.66	0.494457	1.7602
2019-10-14.14:54:09	168.605	2201.99	0.384744	7.24999
2019-10-14.14:54:10	168.443	2198.7	0.248189	11.0034
2019-10-14.14:54:11	168.511	2196.34	0.123622	11.0859
2019-10-14.14:54:12	168.465	2195.18	0.0547532	6.63002
2019-10-14.14:54:13	167.964	2195.15	0.0762498	-0.494785
2019-10-14.14:54:14	166.914	2195.65	0.192318	-6.77128
2019-10-14.14:54:15	165.847	2195.85	0.354933	-9.34693
2019-10-14.14:54:16	165.041	2195.11	0.479274	-7.41441
2019-10-14.14:54:17	164.549	2193.29	0.50108	-1.90756
2019-10-14.14:54:18	164.225	2190.61	0.416356	4.82438
2019-10-14.14:54:19	164.124	2187.85	0.26355	10.209
2019-10-14.14:54:20	164.383	2186.04	0.1094	11.1869
2019-10-14.14:54:21	164.522	2185.78	0.0263254	6.10107
2019-10-14.14:54:22	164.025	2186.85	0.0680253	-1.94326
2019-10-14.14:54:23	163.002	2188.22	0.223144	-7.56318
2019-10-14.14:54:24	162.173	2188.67	0.387214	-7.55104
2019-10-14.14:54:25	161.765	2187.68	0.445009	-2.51832
2019-10-14.14:54:26	161.625	2185.49	0.370852	4.44926
2019-10-14.14:54:27	161.747	2183.14	0.212045	9.86492
2019-10-14.14:54:28	162.214	2181.91	0.055657	10.0566
2019-10-14.14:54:29	162.435	2182.39	-0.0087146	3.90286
2019-10-14.14:54:30	161.89	2184.06	0.0679524	-3.75664
2019-10-14.14:54:31	161.063	2185.53	0.238201	-7.23141
2019-10-14.14:54:32	160.592	2185.62	0.363065	-4.61324
2019-10-14.14:54:33	160.514	2184.16	0.354217	1.72978
2019-10-14.14:54:34	160.66	2181.99	0.228082	7.95745
2019-10-14.14:54:35	161.179	2180.51	0.0659197	10.113
2019-10-14.14:54:36	161.64	2180.68	-0.0328646	5.67898
2019-10-14.14:54:37	161.41	2182.31	0.005238	-1.92259
2019-10-14.14:54:38	160.699	2184.07	0.160697	-6.46243
2019-10-14.14:54:39	160.248	2184.6	0.302734	-4.87478
2019-10-14.14:54:40	160.216	2183.5	0.320513	0.963147
2019-10-14.14:54:41	160.413	2181.53	0.213753	7.18897
2019-10-14.14:54:42	160.958	2180.05	0.0569365	9.81338
2019-10-14.14:54:43	161.5	2180.17	-0.0483119	5.98911
2019-10-14.14:54:44	161.384	2181.79	-0.0218828	-1.38057
2019-10-14.14:54:45	160.742	2183.63	0.12631	-6.10829
2019-10-14.14:54:46	160.317	2184.3	0.272139	-4.85069
2019-10-14.14:54:47	160.305	2183.35	0.299908	0.752779
2019-10-14.14:54:48	160.519	2181.47	0.202738	6.90547
2019-10-14.14:54:49	161.064	2180.01	0.0506163	9.67878
2019-10-14.14:54:50	161.628	2180.1	-0.0561601	6.15163
2019-10-14.14:54:51	161.577	2181.66	-0.0387667	-1.66524
2019-10-14.14:54:52	161.869	2180.32	-0.0323112	-7.51321
2019-10-14.14:54:53	162.523	2175.77	0.199802	-7.48967
2019-10-14.14:54:54	163.523	2169.11	0.35768	-3.35813
2019-10-14.14:54:55	164.59	2161.26	0.264893	2.06732
2019-10-14.14:54:56	165.685	2153.11	0.125968	6.75782
2019-10-14.14:54:57	166.924	2145.44	0.0566433	8.70141
2019-10-14.14:54:58	168.07	2138.7	-0.0055453	6.61975
2019-10-14.14:54:59	168.858	2132.98	-0.0614017	0.951245
2019-10-14.14:55:00	169.019	2128.03	-0.006948	-5.60362
2019-10-14.14:55:01	168.839	2123.15	0.159598	-10.2127
2019-10-14.14:55:02	168.728	2117.73	0.313505	-11.4053
2019-10-14.14:55:03	168.793	2111.55	0.407823	-9.36654
2019-10-14.14:55:04	169.031	2104.59	0.453577	-5.00923
2019-10-14.14:55:05	169.354	2097.02	0.432387	0.219616
2019-10-14.14:55:06	169.696	2089.16	0.340889	5.33067
2019-10-14.14:55:07	170.203	2081.49	0.223667	9.05398
2019-10-14.14:55:08	170.91	2074.41	0.11861	10.018
2019-10-14.14:55:09	171.576	2068.13	0.0440117	7.57231
2019-10-14.14:55:10	172.01	2062.62	0.0185481	2.32856
2019-10-14.14:55:11	172.013	2057.68	0.0591004	-3.70713
2019-10-14.14:55:12	171.679	2052.9	0.161469	-8.70245
2019-10-14.14:55:13	171.331	2047.87	0.291002	-11.3602
2019-10-14.14:55:14	171.099	2042.3	0.410286	-11.3547
2019-10-14.14:55:15	171.029	2036.12	0.489103	-9.0136
2019-10-14.14:55:16	171.097	2029.35	0.511531	-5.00927
2019-10-14.14:55:17	171.242	2022.07	0.477902	-0.353971
2019-10-14.14:55:18	171.399	2014.52	0.398976	4.33614
2019-10-14.14:55:19	171.669	2007.01	0.295398	8.23478
2019-10-14.14:55:20	172.152	1999.89	0.18953	10.1481
2019-10-14.14:55:21	172.7	1993.38	0.101625	9.32968
2019-10-14.14:55:22	173.14	1987.54	0.0519183	5.69483
2019-10-14.14:55:23	173.318	1982.3	0.0539513	0.291413
2019-10-14.14:55:24	173.109	1977.42	0.109593	-5.198
2019-10-14.14:55:25	172.69	1972.59	0.210023	-9.45344
2019-10-14.14:55:26	172.306	1967.47	0.329942	-11.5669
2019-10-14.14:55:27	172.032	1961.86	0.438391	-11.3775
2019-10-14.14:55:28	171.906	1955.71	0.508192	-9.16291
2019-10-14.14:55:29	171.908	1949.03	0.528314	-5.4642
2019-10-14.14:55:30	171.991	1941.88	0.500937	-1.12052
2019-10-14.14:55:31	172.084	1934.43	0.431584	3.34626
2019-10-14.14:55:32	172.256	1926.95	0.334691	7.34042
2019-10-14.14:55:33	172.62	1919.74	0.231679	9.81608
2019-10-14.14:55:34	173.111	1913.02	0.139745	9.98316
2019-10-14.14:55:35	173.555	1906.89	0.076311	7.51883
2019-10-14.14:55:36	173.829	1901.35	0.0555172	2.9003
2019-10-14.14:55:37	173.782	1896.26	0.0840401	-2.49784
2019-10-14.14:55:38	173.428	1891.37	0.159212	-7.35351
2019-10-14.14:55:39	172.994	1886.37	0.266534	-10.627
2019-10-14.14:55:40	172.644	1881.01	0.379872	-11.8019
2019-10-14.14:55:41	172.407	1875.18	0.472553	-10.9205
2019-10-14.14:55:42	172.308	1868.84	0.524974	-8.30279
2019-10-14.14:55:43	172.319	1862.02	0.53167	-4.51113
2019-10-14.14:55:44	172.388	1854.79	0.495098	-0.284824
2019-10-14.14:55:45	172.469	1847.32	0.421685	3.98928
2019-10-14.14:55:46	172.64	1839.87	0.326228	7.7067
2019-10-14.14:55:47	172.998	1832.69	0.227056	9.90463
2019-10-14.14:55:48	173.463	1825.98	0.139611	9.91048
2019-10-14.14:55:49	173.88	1819.83	0.0795256	7.45789
2019-10-14.14:55:50	174.137	1814.21	0.0594246	3.00051
2019-10-14.14:55:51	174.1	1809.03	0.0850152	-2.21562
2019-10-14.14:55:52	173.764	1804.04	0.154516	-6.98945
2019-10-14.14:55:53	173.335	1798.98	0.255987	-10.3521
2019-10-14.14:55:54	172.945	1793.73	0.372347	-11.6503
2019-10-14.14:55:55	172.57	1788.47	0.473008	-10.9644
2019-10-14.14:55:56	172.239	1783.24	0.528888	-8.54312
2019-10-14.14:55:57	171.941	1778.05	0.541763	-4.79051
2019-10-14.14:55:58	171.655	1772.89	0.514387	-0.378787
2019-10-14.14:55:59	171.334	1767.84	0.442875	4.24154
2019-10-14.14:56:00	171.064	1763.12	0.339292	8.4318
2019-10-14.14:56:01	170.982	1759.01	0.228447	10.9659
2019-10-14.14:56:02	171.009	1755.77	0.131067	10.8023
2019-10-14.14:56:03	170.942	1753.53	0.0697447	7.43162
[State]	Landing
2019-10-14.14:56:04	170.592	1752.25	0.0671094	1.70784
2019-10-14.14:56:05	169.774	1751.69	0.133701	-4.27421
2019-10-14.14:56:06	168.723	1751.33	0.257841	-8.54446
2019-10-14.14:56:07	167.763	1750.65	0.395538	-9.71865
2019-10-14.14:56:08	167.007	1749.34	0.493985	-7.61773
2019-10-14.14:56:09	166.479	1747.28	0.515911	-2.875
2019-10-14.14:56:10	166.087	1744.57	0.456295	2.99588
2019-10-14.14:56:11	165.809	1741.66	0.333033	8.48294
2019-10-14.14:56:12	165.843	1739.25	0.189723	11.3934
2019-10-14.14:56:13	166.01	1737.92	0.0747365	9.81172
2019-10-14.14:56:14	165.925	1737.86	0.0377028	3.71543
2019-10-14.14:56:15	165.222	1738.75	0.105408	-3.5507
2019-10-14.14:56:16	164.188	1739.72	0.257869	-8.24213
2019-10-14.14:56:17	163.342	1739.9	0.412455	-8.19047
2019-10-14.14:56:18	162.841	1738.91	0.477517	-3.77335
2019-10-14.14:56:19	162.596	1736.84	0.425799	2.80646
2019-10-14.14:56:20	162.527	1734.39	0.287781	8.75671
2019-10-14.14:56:21	162.826	1732.6	0.128974	11.0669
2019-10-14.14:56:22	163.144	1732.25	0.022143	7.54214
2019-10-14.14:56:23	162.961	1733.32	0.0291174	0.042429
2019-10-14.14:56:24	162.145	1734.93	0.155714	-6.21565
2019-10-14.14:56:25	161.378	1735.88	0.319886	-7.43939
2019-10-14.14:56:26	161.004	1735.46	0.404682	-3.53149
2019-10-14.14:56:27	160.934	1733.76	0.364342	2.91802
2019-10-14.14:56:28	161.07	1731.62	0.228785	8.64823
2019-10-14.14:56:29	161.558	1730.25	0.0735038	10.2435
2019-10-14.14:56:30	161.963	1730.42	-0.0176052	5.76646
2019-10-14.14:56:31	161.735	1731.93	0.0166204	-1.65125
2019-10-14.14:56:32	161.02	1733.65	0.161969	-6.52985
2019-10-14.14:56:33	160.498	1734.35	0.308948	-5.82103
2019-10-14.14:56:34	160.386	1733.56	0.350289	-0.669772
2019-10-14.14:56:35	160.494	1731.72	0.271261	5.62447
2019-10-14.14:56:36	160.884	1729.97	0.123363	9.71723
2019-10-14.14:56:37	161.476	1729.44	-0.0075561	8.37772
2019-10-14.14:56:38	161.684	1730.47	-0.0390002	1.88773
2019-10-14.14:56:39	161.187	1732.32	0.0584774	-4.60337
2019-10-14.14:56:40	160.581	1733.67	0.219582	-6.50955
2019-10-14.14:56:41	160.35	1733.64	0.318168	-3.10832
2019-10-14.14:56:42	160.418	1732.25	0.294459	2.95462
2019-10-14.14:56:43	160.695	1730.39	0.172149	8.3454
2019-10-14.14:56:44	161.283	1729.29	0.0273248	9.55642
2019-10-14.14:56:45	161.738	1729.73	-0.0530041	4.88847
2019-10-14.14:56:46	161.528	1731.4	-0.0090513	-2.16054
2019-10-14.14:56:47	160.906	1733.13	0.138761	-6.33258
2019-10-14.14:56:48	160.503	1733.76	0.277962	-5.0176
2019-10-14.14:56:49	160.479	1732.91	0.309561	0.291832
2019-10-14.14:56:50	160.65	1731.14	0.225698	6.31118
2019-10-14.14:56:51	161.109	1729.59	0.0822671	9.71533
2019-10-14.14:56:52	161.692	1729.34	-0.0354248	7.5661
2019-10-14.14:56:53	161.815	1730.56	-0.0489915	0.893653
2019-10-14.14:56:54	161.279	1732.43	0.061733	-5.1066
2019-10-14.14:56:55	160.714	1733.66	0.221808	-6.28736
2019-10-14.14:56:56	160.529	1733.47	0.309487	-2.45206
2019-10-14.14:56:57	160.609	1732.01	0.276315	3.62563
2019-10-14.14:56:58	160.903	1730.2	0.151044	8.71451
2019-10-14.14:56:59	161.49	1729.25	0.0108426	9.38402
2019-10-14.14:57:00	161.889	1729.82	-0.0591103	4.31272
2019-10-14.14:57:01	161.608	1731.54	-0.0043948	-2.66766
2019-10-14.14:57:02	160.968	1733.22	0.148259	-6.47373
2019-10-14.14:57:03	160.576	1733.75	0.283581	-4.82108
2019-10-14.14:57:04	160.551	1732.82	0.308685	0.62888
2019-10-14.14:57:05	160.716	1731.03	0.2202	6.61423
2019-10-14.14:57:06	161.177	1729.52	0.0761268	9.81169
2019-10-14.14:57:07	161.739	1729.33	-0.0384678	7.38833
2019-10-14.14:57:08	161.82	1730.61	-0.0464039	0.606236
2019-10-14.14:57:09	161.256	1732.48	0.0692279	-5.29299
2019-10-14.14:57:10	160.69	1733.66	0.229382	-6.26733
2019-10-14.14:57:11	160.511	1733.41	0.313123	-2.2746
2019-10-14.14:57:12	160.59	1731.92	0.275443	3.84447
2019-10-14.14:57:13	160.89	1730.11	0.147537	8.85272
2019-10-14.14:57:14	161.48	1729.2	0.0078228	9.32147
2019-10-14.14:57:15	161.86	1729.82	-0.0584629	4.07081
2019-10-14.14:57:16	161.551	1731.58	0.0011635	-2.8933
2019-10-14.14:57:17	160.911	1733.24	0.155808	-6.51453
2019-10-14.14:57:18	160.535	1733.71	0.288055	-4.66022
