DateTime	AltitudeTape:altitude	AirspeedTape:airspeed	HeadingIndicator:heading	AttitudeIndicator:roll
[State]	Standing
2019-10-14.12:55:50	0.474726	1654.61	-0.0010306	0.0033878
[State]	Taxiing
2019-10-14.12:55:51	0.28776	1654.67	-0.0080111	0.192967
2019-10-14.12:55:52	0.0707265	1654.77	-0.0307623	0.22717
2019-10-14.12:55:53	0.379193	1654.79	-0.0512812	-0.163215
2019-10-14.12:55:54	2.86095	1654.79	-0.153824	0.0397127
2019-10-14.12:55:55	6.52851	1654.79	-0.181944	0.203528
2019-10-14.12:55:56	10.4319	1654.79	-0.20508	0.269116
2019-10-14.12:55:57	14.3237	1654.79	-0.324194	0.318347
2019-10-14.12:55:58	18.1292	1654.79	-0.617158	0.413516
2019-10-14.12:55:59	21.8813	1654.79	-0.985788	0.520953
2019-10-14.12:56:00	25.566	1654.79	-1.34723	0.597769
2019-10-14.12:56:01	29.1759	1654.8	-1.61726	0.628924
2019-10-14.12:56:02	32.712	1654.8	-1.78166	0.643467
2019-10-14.12:56:03	36.1245	1654.8	-1.94494	0.684952
2019-10-14.12:56:04	39.4056	1654.81	-2.07184	0.723019
2019-10-14.12:56:05	42.5703	1654.81	-2.14459	0.757893
2019-10-14.12:56:06	45.6452	1654.81	-2.16932	0.800236
2019-10-14.12:56:07	48.6612	1654.82	-2.14588	0.850622
2019-10-14.12:56:08	51.6465	1654.82	-2.06265	0.914055
2019-10-14.12:56:09	54.6218	1654.82	-1.94551	0.976117
2019-10-14.12:56:10	57.6014	1654.83	-1.80321	1.03767
2019-10-14.12:56:11	60.5952	1654.83	-1.64123	1.09988
2019-10-14.12:56:12	63.6104	1654.84	-1.46284	1.16338
2019-10-14.12:56:13	66.6525	1654.84	-1.27019	1.22827
2019-10-14.12:56:14	69.7253	1654.85	-1.06495	1.29442
2019-10-14.12:56:15	72.8317	1654.86	-0.848548	1.36167
2019-10-14.12:56:16	75.9732	1654.86	-0.622307	1.42977
2019-10-14.12:56:17	79.1503	1654.87	-0.38757	1.49844
2019-10-14.12:56:18	82.3668	1654.88	-0.186737	1.56285
2019-10-14.12:56:19	85.6628	1654.89	-0.124145	1.63444
2019-10-14.12:56:20	89.0005	1654.94	0.000505	3.80515
[State]	TakeOff
2019-10-14.12:56:21	91.3262	1656.4	0.774751	12.847
2019-10-14.12:56:22	90.7278	1664.22	6.67178	11.5569
2019-10-14.12:56:23	89.8405	1671.95	12.9538	11.5998
2019-10-14.12:56:24	89.0424	1678	20.0083	12.3595
2019-10-14.12:56:25	88.2163	1682.96	28.007	12.8821
2019-10-14.12:56:26	87.6065	1686.57	30.4257	12.9511
2019-10-14.12:56:27	87.1458	1689.49	30.3774	12.0577
2019-10-14.12:56:28	86.8785	1692.04	30.3735	11.5049
2019-10-14.12:56:29	86.6895	1694.39	30.3603	11.5164
2019-10-14.12:56:30	86.5082	1696.63	30.3486	11.9413
2019-10-14.12:56:31	86.299	1698.81	30.3449	12.3647
2019-10-14.12:56:32	86.0796	1700.92	30.3485	12.5168
2019-10-14.12:56:33	85.8838	1702.95	30.3535	12.3951
2019-10-14.12:56:34	85.7317	1704.9	30.3552	12.1786
2019-10-14.12:56:35	85.6192	1706.74	30.3527	12.0507
2019-10-14.12:56:36	85.5261	1708.5	30.3076	12.0753
2019-10-14.12:56:37	85.3381	1710.48	24.2979	12.2939
2019-10-14.12:56:38	84.6691	1714.05	17.8296	13.0932
2019-10-14.12:56:39	83.567	1719.64	11.2142	12.7175
2019-10-14.12:56:40	82.405	1725.73	4.18908	13.0831
2019-10-14.12:56:41	81.2282	1731.77	-2.7371	13.4942
2019-10-14.12:56:42	80.2886	1737.33	0.2636	12.9032
2019-10-14.12:56:43	79.9247	1741.79	3.75524	11.9246
2019-10-14.12:56:44	79.8784	1744.78	5.32753	12.4198
2019-10-14.12:56:45	79.7506	1747.42	3.64486	12.5286
2019-10-14.12:56:46	79.6852	1750.26	-0.269721	12.3211
2019-10-14.12:56:47	79.6415	1753.31	-3.51128	12.6677
2019-10-14.12:56:48	79.3818	1756.54	-3.47807	13.0036
[State]	Climb
2019-10-14.12:56:49	79.1519	1759.91	-0.136674	12.6153
2019-10-14.12:56:50	79.118	1763.04	3.98955	12.3722
2019-10-14.12:56:51	79.1098	1765.57	5.61755	12.569
2019-10-14.12:56:52	79.1074	1767.75	3.35103	12.5572
2019-10-14.12:56:53	79.1776	1770.15	-1.22483	12.3731
2019-10-14.12:56:54	79.1787	1772.89	-4.59058	12.9951
2019-10-14.12:56:55	78.8776	1775.97	-3.9707	13.4045
2019-10-14.12:56:56	78.5988	1779.33	0.257738	12.9442
2019-10-14.12:56:57	78.4904	1782.49	4.86874	12.846
2019-10-14.12:56:58	78.4018	1784.98	6.43314	13.0462
2019-10-14.12:56:59	78.447	1786.94	3.41489	12.551
2019-10-14.12:57:00	78.6854	1788.93	-2.05286	12.2684
2019-10-14.12:57:01	78.8152	1791.17	-5.70136	13.078
2019-10-14.12:57:02	78.6075	1793.77	-4.51306	13.4438
2019-10-14.12:57:03	78.4365	1796.76	0.394342	12.8318
2019-10-14.12:57:04	78.3999	1799.62	4.66941	12.863
2019-10-14.12:57:05	78.3281	1801.89	7.8448	13.333
2019-10-14.12:57:06	78.3432	1803.68	4.19151	12.7499
2019-10-14.12:57:07	78.5861	1805.57	-2.26468	12.2821
2019-10-14.12:57:08	78.7052	1807.73	-6.62454	13.3299
2019-10-14.12:57:09	78.4388	1810.26	-5.33368	13.7465
2019-10-14.12:57:10	78.23	1813.19	-0.162192	12.881
2019-10-14.12:57:11	78.23	1815.97	3.84641	12.7811
2019-10-14.12:57:12	78.1847	1818.12	7.60292	13.2194
2019-10-14.12:57:13	78.2488	1819.62	6.16975	13.2658
2019-10-14.12:57:14	78.3961	1821.39	-0.787105	12.5363
2019-10-14.12:57:15	78.4562	1823.69	-6.76011	13.6805
2019-10-14.12:57:16	78.0039	1826.48	-6.48836	14.617
2019-10-14.12:57:17	77.508	1829.76	-1.37775	13.659
2019-10-14.12:57:18	77.3638	1832.93	2.58037	13.1571
2019-10-14.12:57:19	77.2512	1835.33	5.93123	13.3938
2019-10-14.12:57:20	77.3654	1836.78	9.77081	13.483
2019-10-14.12:57:21	77.6328	1837.81	2.2013	12.7657
2019-10-14.12:57:22	77.9603	1839.47	-4.37621	13.1046
2019-10-14.12:57:23	77.7484	1841.7	-7.67062	14.8361
2019-10-14.12:57:24	77.1831	1844.64	-3.57762	14.3738
2019-10-14.12:57:25	76.9947	1847.79	0.961499	13.0845
2019-10-14.12:57:26	77.008	1850.18	4.19154	13.0678
2019-10-14.12:57:27	77.1597	1851.6	7.91383	13.1748
2019-10-14.12:57:28	77.5132	1852.23	7.03032	13.5164
2019-10-14.12:57:29	77.8134	1853.48	-0.340152	12.8618
2019-10-14.12:57:30	77.7647	1855.68	-6.36482	14.4623
2019-10-14.12:57:31	77.1371	1858.65	-6.93563	15.2756
2019-10-14.12:57:32	76.6639	1861.92	-1.61874	13.5273
2019-10-14.12:57:33	76.7775	1864.52	2.11177	12.6533
2019-10-14.12:57:34	77.0408	1866	5.30184	12.6272
2019-10-14.12:57:35	77.4412	1866.56	9.65784	13.4331
2019-10-14.12:57:36	77.7473	1867.19	4.17123	13.2048
2019-10-14.12:57:37	77.9388	1868.96	-2.48256	13.481
2019-10-14.12:57:38	77.5188	1871.74	-8.43685	15.1086
2019-10-14.12:57:39	76.8495	1874.96	-4.95	14.6874
2019-10-14.12:57:40	76.6384	1878.05	-0.048084	13.0464
2019-10-14.12:57:41	76.8311	1880.23	3.25968	12.6009
2019-10-14.12:57:42	77.1675	1881.27	6.70637	12.818
2019-10-14.12:57:43	77.5793	1881.65	9.12098	13.6532
2019-10-14.12:57:44	77.8434	1882.64	1.50163	12.967
2019-10-14.12:57:45	77.8642	1884.78	-4.67374	14.1767
2019-10-14.12:57:46	77.2807	1887.79	-7.64526	15.3073
2019-10-14.12:57:47	76.7004	1891.03	-2.89248	13.9912
2019-10-14.12:57:48	76.718	1893.84	1.26557	12.7343
2019-10-14.12:57:49	76.9558	1895.58	4.40809	12.5887
2019-10-14.12:57:50	77.3459	1896.27	8.32573	13.1512
2019-10-14.12:57:51	77.7113	1896.69	6.23243	13.4608
2019-10-14.12:57:52	77.9627	1898.12	-0.882502	13.1175
2019-10-14.12:57:53	77.7179	1900.64	-6.86197	14.7752
2019-10-14.12:57:54	77.0584	1903.77	-6.51188	15.0587
2019-10-14.12:57:55	76.6701	1906.95	-1.13524	13.3594
2019-10-14.12:57:56	76.8254	1909.4	2.44458	12.6049
2019-10-14.12:57:57	77.1171	1910.71	5.68016	12.636
2019-10-14.12:57:58	77.5354	1911.16	10.0842	13.4826
2019-10-14.12:57:59	77.8357	1911.84	3.3516	13.0699
2019-10-14.12:58:00	77.9963	1913.7	-3.13741	13.6454
2019-10-14.12:58:01	77.5244	1916.53	-8.57648	15.1681
2019-10-14.12:58:02	76.8756	1919.73	-4.33022	14.454
2019-10-14.12:58:03	76.744	1922.73	0.356775	12.8973
2019-10-14.12:58:04	76.9516	1924.76	3.59557	12.5679
2019-10-14.12:58:05	77.3052	1925.68	7.16721	12.8739
2019-10-14.12:58:06	77.7093	1926.03	8.27967	13.6055
2019-10-14.12:58:07	77.9706	1927.14	0.739033	12.934
2019-10-14.12:58:08	77.9182	1929.39	-5.34638	14.3466
2019-10-14.12:58:09	77.3032	1932.43	-7.44282	15.2363
2019-10-14.12:58:10	76.7747	1935.65	-2.31393	13.7406
2019-10-14.12:58:11	76.8472	1938.35	1.65257	12.642
2019-10-14.12:58:12	77.1005	1939.94	4.80791	12.5572
2019-10-14.12:58:13	77.502	1940.54	8.9173	13.2309
2019-10-14.12:58:14	77.8456	1941.01	5.24546	13.2943
2019-10-14.12:58:15	78.0806	1942.57	-1.65327	13.2173
2019-10-14.12:58:16	77.7528	1945.2	-7.63701	14.8915
2019-10-14.12:58:17	77.0881	1948.35	-5.78277	14.8469
2019-10-14.12:58:18	76.7849	1951.47	-0.607398	13.1461
2019-10-14.12:58:19	76.965	1953.77	2.84282	12.551
2019-10-14.12:58:20	77.2772	1954.94	6.17664	12.6624
2019-10-14.12:58:21	77.6965	1955.33	9.87968	13.5373
2019-10-14.12:58:22	77.9768	1956.14	2.40015	12.9417
2019-10-14.12:58:23	78.0768	1958.13	-3.91939	13.8562
2019-10-14.12:58:24	77.546	1961.04	-8.0896	15.2119
2019-10-14.12:58:25	76.9263	1964.25	-3.5887	14.1611
2019-10-14.12:58:26	76.8773	1967.14	0.837232	12.746
2019-10-14.12:58:27	77.0999	1969.01	4.02713	12.5288
2019-10-14.12:58:28	77.4726	1969.79	7.77862	12.9649
2019-10-14.12:58:29	77.8569	1970.16	7.16806	13.4973
2019-10-14.12:58:30	78.1156	1971.43	-0.167371	12.9542
2019-10-14.12:58:31	77.9602	1973.81	-6.17978	14.5385
2019-10-14.12:58:32	77.3167	1976.89	-7.05668	15.1027
2019-10-14.12:58:33	76.862	1980.08	-1.65059	13.4624
2019-10-14.12:58:34	76.9872	1982.63	2.10708	12.5584
2019-10-14.12:58:35	77.2605	1984.06	5.3084	12.5404
2019-10-14.12:58:36	77.6718	1984.55	9.66703	13.328
2019-10-14.12:58:37	77.9887	1985.12	4.11541	13.1
2019-10-14.12:58:38	78.1877	1986.84	-2.53847	13.3943
2019-10-14.12:58:39	77.7717	1989.58	-8.47954	15.0078
2019-10-14.12:58:40	77.1126	1992.75	-4.92928	14.565
2019-10-14.12:58:41	76.9149	1995.8	-0.0204006	12.9289
2019-10-14.12:58:42	77.1121	1997.92	3.30762	12.5048
2019-10-14.12:58:43	77.4482	1998.93	6.78669	12.7301
2019-10-14.12:58:44	77.8595	1999.27	8.9478	13.5499
2019-10-14.12:58:45	78.1245	2000.26	1.3193	12.858
2019-10-14.12:58:46	78.1348	2002.39	-4.8421	14.1151
2019-10-14.12:58:47	77.5465	2005.38	-7.58879	15.1939
2019-10-14.12:58:48	76.9805	2008.59	-2.75908	13.828
2019-10-14.12:58:49	77.0141	2011.35	1.38017	12.6148
2019-10-14.12:58:50	77.2543	2013.03	4.55236	12.4962
2019-10-14.12:58:51	77.644	2013.67	8.54259	13.0949
2019-10-14.12:58:52	77.9978	2014.09	5.83033	13.3169
2019-10-14.12:58:53	78.2435	2015.55	-1.21392	13.0629
2019-10-14.12:58:54	77.9676	2018.09	-7.19494	14.7417
2019-10-14.12:58:55	77.3046	2021.21	-6.1887	14.8858
2019-10-14.12:58:56	76.9514	2024.35	-0.909438	13.1828
2019-10-14.12:58:57	77.1182	2026.72	2.64108	12.501
2019-10-14.12:58:58	77.4163	2027.95	5.93993	12.5754
2019-10-14.12:58:59	77.8313	2028.36	10.0761	13.4458
2019-10-14.12:59:00	78.1164	2029.09	2.82599	12.9252
2019-10-14.12:59:01	78.2468	2031	-3.57736	13.6793
2019-10-14.12:59:02	77.7427	2033.85	-8.32411	15.1295
2019-10-14.12:59:03	77.1071	2037.04	-3.92584	14.2187
2019-10-14.12:59:04	77.0218	2039.97	0.635186	12.7398
2019-10-14.12:59:05	77.2362	2041.89	3.86523	12.4812
2019-10-14.12:59:06	77.5976	2042.71	7.5533	12.8702
2019-10-14.12:59:07	77.9852	2043.05	7.56732	13.4871
2019-10-14.12:59:08	78.2418	2044.25	0.138913	12.8781
2019-10-14.12:59:09	78.125	2046.56	-5.89844	14.4124
2019-10-14.12:59:10	77.4893	2049.61	-7.23247	15.0957
2019-10-14.12:59:11	77.0068	2052.8	-1.877	13.4954
2019-10-14.12:59:12	77.1145	2055.38	1.96822	12.5276
2019-10-14.12:59:13	77.3788	2056.84	5.16678	12.4931
2019-10-14.12:59:14	77.7834	2057.35	9.45369	13.2545
2019-10-14.12:59:15	78.1035	2057.88	4.40605	13.104
2019-10-14.12:59:16	78.3128	2059.54	-2.31889	13.2884
2019-10-14.12:59:17	77.9197	2062.22	-8.30767	14.9337
2019-10-14.12:59:18	77.2563	2065.37	-5.15175	14.5907
2019-10-14.12:59:19	77.031	2068.42	-0.166681	12.9343
2019-10-14.12:59:20	77.2227	2070.57	3.2051	12.4711
2019-10-14.12:59:21	77.5504	2071.6	6.6566	12.6739
2019-10-14.12:59:22	77.9601	2071.94	9.17593	13.5175
2019-10-14.12:59:23	78.2242	2072.86	1.53405	12.8294
2019-10-14.12:59:24	78.2545	2074.95	-4.65951	14.0193
2019-10-14.12:59:25	77.6765	2077.89	-7.65177	15.1664
2019-10-14.12:59:26	77.0974	2081.08	-2.9259	13.8525
2019-10-14.12:59:27	77.1154	2083.85	1.28201	12.5979
2019-10-14.12:59:28	77.3512	2085.55	4.46557	12.4662
2019-10-14.12:59:29	77.7361	2086.2	8.41523	13.0389
2019-10-14.12:59:30	78.0927	2086.58	6.03849	13.316
2019-10-14.12:59:31	78.3408	2087.99	-1.05886	13.0028
2019-10-14.12:59:32	78.0843	2090.48	-7.04117	14.6769
2019-10-14.12:59:33	77.4234	2093.57	-6.33679	14.8874
2019-10-14.12:59:34	77.0539	2096.7	-1.02134	13.1858
2019-10-14.12:59:35	77.2159	2099.07	2.56956	12.4732
2019-10-14.12:59:36	77.5092	2100.31	5.85914	12.5366
2019-10-14.12:59:37	77.9225	2100.7	10.1103	13.4012
2019-10-14.12:59:38	78.21	2101.39	2.98271	12.9113
2019-10-14.12:59:39	78.3507	2103.25	-3.45199	13.6056
2019-10-14.12:59:40	77.8575	2106.06	-8.41477	15.085
2019-10-14.12:59:41	77.2181	2109.23	-4.05474	14.2275
2019-10-14.12:59:42	77.1205	2112.14	0.558877	12.7253
2019-10-14.12:59:43	77.3325	2114.06	3.80692	12.4528
2019-10-14.12:59:44	77.6897	2114.89	7.4743	12.8238
2019-10-14.12:59:45	78.0789	2115.21	7.70423	13.4685
2019-10-14.12:59:46	78.3353	2116.36	0.243918	12.8392
2019-10-14.12:59:47	78.2325	2118.63	-5.8033	14.3532
2019-10-14.12:59:48	77.601	2121.65	-7.2868	15.0763
2019-10-14.12:59:49	77.1107	2124.81	-1.95734	13.4901
2019-10-14.12:59:50	77.2133	2127.38	1.92331	12.5014
2019-10-14.12:59:51	77.4748	2128.84	5.12513	12.4639
2019-10-14.12:59:52	77.8772	2129.34	9.39061	13.2141
2019-10-14.12:59:53	78.1985	2129.83	4.4968	13.0886
2019-10-14.12:59:54	78.4114	2131.46	-2.25162	13.2382
2019-10-14.12:59:55	78.0264	2134.11	-8.24719	14.8916
2019-10-14.12:59:56	77.3633	2137.23	-5.22392	14.579
2019-10-14.12:59:57	77.1307	2140.26	-0.208555	12.9151
2019-10-14.12:59:58	77.3216	2142.4	3.18153	12.4428
2019-10-14.12:59:59	77.6464	2143.42	6.62872	12.6401
2019-10-14.13:00:00	78.0556	2143.74	9.22496	13.4885
2019-10-14.13:00:01	78.3197	2144.63	1.57868	12.8007
2019-10-14.13:00:02	78.3552	2146.69	-4.623	13.9747
2019-10-14.13:00:03	77.7805	2149.6	-7.67469	15.137
2019-10-14.13:00:04	77.1997	2152.77	-2.96622	13.8331
2019-10-14.13:00:05	77.2153	2155.52	1.26325	12.57
2019-10-14.13:00:06	77.4501	2157.2	4.45478	12.4391
2019-10-14.13:00:07	77.8332	2157.83	8.40062	13.0066
2019-10-14.13:00:08	78.1896	2158.19	6.06907	13.292
2019-10-14.13:00:09	78.4381	2159.58	-1.03714	12.9686
2019-10-14.13:00:10	78.1847	2162.04	-7.01925	14.6422
2019-10-14.13:00:11	77.5251	2165.1	-6.37018	14.8624
2019-10-14.13:00:12	77.1543	2168.21	-1.03645	13.1581
2019-10-14.13:00:13	77.3161	2170.56	2.56608	12.4442
2019-10-14.13:00:14	77.608	2171.78	5.85973	12.5094
2019-10-14.13:00:15	78.0201	2172.15	10.106	13.373
2019-10-14.13:00:16	78.3068	2172.82	2.96804	12.8814
2019-10-14.13:00:17	78.4477	2174.65	-3.46724	13.5767
2019-10-14.13:00:18	77.955	2177.44	-8.40555	15.0569
2019-10-14.13:00:19	77.3168	2180.58	-4.04915	14.1918
2019-10-14.13:00:20	77.2215	2183.47	0.5696	12.6919
2019-10-14.13:00:21	77.4339	2185.37	3.82497	12.425
2019-10-14.13:00:22	77.7905	2186.17	7.50144	12.8006
2019-10-14.13:00:23	78.1778	2186.47	7.64688	13.4376
2019-10-14.13:00:24	78.4338	2187.6	0.191922	12.812
2019-10-14.13:00:25	78.327	2189.86	-5.85263	14.3348
2019-10-14.13:00:26	77.6948	2192.85	-7.26562	15.0399
2019-10-14.13:00:27	77.2095	2195.99	-1.9223	13.4451
2019-10-14.13:00:28	77.3157	2198.53	1.95669	12.4688
2019-10-14.13:00:29	77.5781	2199.96	5.16842	12.4392
2019-10-14.13:00:30	77.98	2200.44	9.45363	13.1968
2019-10-14.13:00:31	78.2983	2200.92	4.40027	13.0478
2019-10-14.13:00:32	78.5081	2202.53	-2.33106	13.2262
2019-10-14.13:00:33	78.1169	2205.16	-8.31726	14.8753
2019-10-14.13:00:34	77.4552	2208.26	-5.15591	14.5259
2019-10-14.13:00:35	77.2326	2211.26	-0.157735	12.8688
2019-10-14.13:00:36	77.4252	2213.37	3.23031	12.4137
2019-10-14.13:00:37	77.7514	2214.35	6.69648	12.6243
2019-10-14.13:00:38	78.1585	2214.64	9.11034	13.4641
2019-10-14.13:00:39	78.4208	2215.54	1.45924	12.7687
2019-10-14.13:00:40	78.4466	2217.59	-4.72776	13.9767
2019-10-14.13:00:41	77.8668	2220.49	-7.64153	15.1061
2019-10-14.13:00:42	77.2936	2223.63	-2.87823	13.7688
[State]	Cruise
2019-10-14.13:00:43	77.3188	2226.34	1.32863	12.53
2019-10-14.13:00:44	77.5557	2227.98	4.5262	12.4129
2019-10-14.13:00:45	77.9397	2228.58	8.50506	12.9997
2019-10-14.13:00:46	78.2913	2228.93	5.88089	13.2415
2019-10-14.13:00:47	78.5373	2230.31	-1.18834	12.9619
2019-10-14.13:00:48	78.269	2232.77	-7.16911	14.6437
2019-10-14.13:00:49	77.6084	2235.82	-6.22921	14.8
2019-10-14.13:00:50	77.2542	2238.89	-0.932905	13.0931
2019-10-14.13:00:51	77.4216	2241.19	2.65124	12.4122
2019-10-14.13:00:52	77.7169	2242.37	5.96761	12.4955
2019-10-14.13:00:53	78.1285	2242.71	10.058	13.3664
2019-10-14.13:00:54	78.4101	2243.38	2.75457	12.8328
2019-10-14.13:00:55	78.5385	2245.22	-3.64521	13.6012
2019-10-14.13:00:56	78.0334	2248.01	-8.27818	15.0464
2019-10-14.13:00:57	77.4023	2251.13	-3.88574	14.104
2019-10-14.13:00:58	77.3261	2253.98	0.68348	12.6369
2019-10-14.13:00:59	77.5419	2255.82	3.93396	12.3983
2019-10-14.13:01:00	77.902	2256.57	7.65484	12.805
2019-10-14.13:01:01	78.2834	2256.85	7.37006	13.3909
2019-10-14.13:01:02	78.539	2258.01	-0.0337188	12.7994
2019-10-14.13:01:03	78.407	2260.27	-6.06178	14.3617
2019-10-14.13:01:04	77.769	2263.25	-7.15117	14.9838
2019-10-14.13:01:05	77.3033	2266.37	-1.76047	13.3566
2019-10-14.13:01:06	77.4223	2268.85	2.07475	12.43
2019-10-14.13:01:07	77.6892	2270.22	5.30381	12.4203
2019-10-14.13:01:08	78.0925	2270.65	9.65508	13.204
2019-10-14.13:01:09	78.4033	2271.14	4.10291	12.9797
2019-10-14.13:01:10	78.6023	2272.77	-2.56724	13.2581
2019-10-14.13:01:11	78.1897	2275.41	-8.49168	14.8855
2019-10-14.13:01:12	77.5314	2278.49	-4.9342	14.4275
2019-10-14.13:01:13	77.3371	2281.45	-8.79e-05	12.7941
2019-10-14.13:01:14	77.5341	2283.49	3.36418	12.3855
2019-10-14.13:01:15	77.8658	2284.41	6.87601	12.6308
2019-10-14.13:01:16	78.2685	2284.68	8.80025	13.4408
2019-10-14.13:01:17	78.5278	2285.6	1.1621	12.7368
2019-10-14.13:01:18	78.5263	2287.67	-4.98657	14.0294
2019-10-14.13:01:19	77.9333	2290.57	-7.57361	15.07
2019-10-14.13:01:20	77.3788	2293.69	-2.6559	13.6576
2019-10-14.13:01:21	77.4258	2296.34	1.48058	12.4789
2019-10-14.13:01:22	77.6679	2297.9	4.68285	12.3883
2019-10-14.13:01:23	78.0555	2298.44	8.73544	13.019
2019-10-14.13:01:24	78.3979	2298.8	5.5016	13.164
2019-10-14.13:01:25	78.6377	2300.22	-1.48313	12.9865
2019-10-14.13:01:26	78.3375	2302.69	-7.46376	14.6754
2019-10-14.13:01:27	77.6755	2305.73	-5.96348	14.7049
2019-10-14.13:01:28	77.3546	2308.76	-0.72822	12.997
2019-10-14.13:01:29	77.531	2310.99	2.80899	12.3799
2019-10-14.13:01:30	77.8333	2312.09	6.16498	12.496
2019-10-14.13:01:31	78.244	2312.39	9.88741	13.3733
2019-10-14.13:01:32	78.5182	2313.1	2.38324	12.7734
2019-10-14.13:01:33	78.6217	2314.97	-3.95226	13.6722
2019-10-14.13:01:34	78.0947	2317.77	-8.06352	15.0437
2019-10-14.13:01:35	77.4778	2320.87	-3.60064	13.9749
2019-10-14.13:01:36	77.4332	2323.66	0.873803	12.5674
2019-10-14.13:01:37	77.6546	2325.41	4.11106	12.3729
2019-10-14.13:01:38	78.0209	2326.09	7.90707	12.8316
2019-10-14.13:01:39	78.3929	2326.37	6.91201	13.3236
2019-10-14.13:01:40	78.6477	2327.57	-0.397244	12.8054
2019-10-14.13:01:41	78.4737	2329.87	-6.40292	14.4217
2019-10-14.13:01:42	77.8273	2332.85	-6.91324	14.9041
2019-10-14.13:01:43	77.3949	2335.92	-1.49545	13.2351
2019-10-14.13:01:44	77.5323	2338.33	2.26566	12.3891
2019-10-14.13:01:45	77.8072	2339.61	5.52294	12.4105
2019-10-14.13:01:46	78.2128	2339.98	9.94845	13.2305
2019-10-14.13:01:47	78.5125	2340.51	3.64482	12.8926
2019-10-14.13:01:48	78.6917	2342.18	-2.93114	13.3322
2019-10-14.13:01:49	78.247	2344.85	-8.60598	14.9142
2019-10-14.13:01:50	77.5957	2347.92	-4.58849	14.2888
2019-10-14.13:01:51	77.4438	2350.82	0.235871	12.7005
2019-10-14.13:01:52	77.6471	2352.76	3.5631	12.3586
2019-10-14.13:01:53	78.0002	2353.59	7.14358	12.5035
2019-10-14.13:01:54	78.4824	2353.69	8.31597	13.1419
2019-10-14.13:01:55	78.8464	2354.44	0.71231	12.4322
2019-10-14.13:01:56	78.9031	2356.32	-5.40682	13.8153
2019-10-14.13:01:57	78.4097	2358.99	-7.4906	14.5318
2019-10-14.13:01:58	78.0577	2361.77	-2.30138	12.8508
2019-10-14.13:01:59	78.3411	2363.92	1.86007	11.719
2019-10-14.13:02:00	78.7769	2364.97	5.20983	11.7223
2019-10-14.13:02:01	79.3738	2365.06	9.49335	11.964
2019-10-14.13:02:02	79.9957	2364.91	4.13865	11.7866
2019-10-14.13:02:03	80.4838	2365.9	-2.69332	12.0516
2019-10-14.13:02:04	80.3095	2368.05	-8.38223	13.6039
2019-10-14.13:02:05	79.8965	2370.74	-4.80331	12.8555
2019-10-14.13:02:06	79.9934	2373.24	0.395706	11.2054
2019-10-14.13:02:07	80.4244	2374.83	4.12097	10.9719
2019-10-14.13:02:08	80.921	2375.43	8.04172	11.2018
2019-10-14.13:02:09	81.5676	2375.38	6.19812	11.1461
2019-10-14.13:02:10	82.2135	2375.98	-1.31764	10.6284
2019-10-14.13:02:11	82.3888	2377.63	-7.46957	12.4285
2019-10-14.13:02:12	82.0128	2380.22	-5.93321	12.3442
2019-10-14.13:02:13	82.0051	2382.88	-0.305955	10.5304
2019-10-14.13:02:14	82.5114	2384.63	3.90318	9.99961
2019-10-14.13:02:15	83.072	2385.29	7.91014	10.2544
2019-10-14.13:02:16	83.7369	2385.24	6.07138	10.358
2019-10-14.13:02:17	84.3604	2385.91	-1.05542	9.90954
2019-10-14.13:02:18	84.5499	2387.68	-7.29418	11.5327
2019-10-14.13:02:19	84.2338	2390.32	-5.93332	11.3682
2019-10-14.13:02:20	84.2704	2393.01	-0.177972	9.71008
2019-10-14.13:02:21	84.7744	2394.94	4.30305	9.31286
2019-10-14.13:02:22	85.2948	2395.86	8.57964	9.66212
2019-10-14.13:02:23	85.8987	2396.18	5.0849	9.19968
2019-10-14.13:02:24	86.6388	2397.01	-2.27166	8.82866
2019-10-14.13:02:25	86.9342	2398.61	-7.26752	10.528
2019-10-14.13:02:26	86.7112	2401.17	-4.84198	10.137
2019-10-14.13:02:27	87.0645	2403.72	1.0246	8.35175
2019-10-14.13:02:28	87.9044	2405.01	5.64657	8.01305
2019-10-14.13:02:29	88.8068	2405.05	8.2683	8.57459
2019-10-14.13:02:30	89.4113	2405.44	2.20277	8.43545
2019-10-14.13:02:31	89.8259	2407.36	-4.85326	9.06087
2019-10-14.13:02:32	89.88	2409.99	-6.85203	9.4639
2019-10-14.13:02:33	90.0032	2412.6	-2.18132	8.32708
2019-10-14.13:02:34	90.732	2414.68	3.40849	7.3054
2019-10-14.13:02:35	91.5742	2415.62	8.2093	7.58742
2019-10-14.13:02:36	92.3775	2415.93	4.98699	7.2636
2019-10-14.13:02:37	93.275	2416.78	-2.23805	7.0145
2019-10-14.13:02:38	93.7621	2418.44	-6.53126	8.43006
2019-10-14.13:02:39	93.8502	2421.05	-4.09045	7.67581
2019-10-14.13:02:40	94.5976	2423.17	2.0387	6.10013
2019-10-14.13:02:41	95.8056	2423.47	7.26703	5.94037
2019-10-14.13:02:42	96.6254	2423.36	5.24658	7.05953
2019-10-14.13:02:43	97.0279	2425.29	-1.09749	6.85903
2019-10-14.13:02:44	97.6484	2427.42	-5.91028	6.52942
2019-10-14.13:02:45	98.2984	2428.59	-4.47175	6.03681
2019-10-14.13:02:46	99.4025	2429.21	1.54782	4.80455
2019-10-14.13:02:47	100.65	2428.92	6.02944	5.45739
2019-10-14.13:02:48	101.28	2429.2	4.34437	6.28602
2019-10-14.13:02:49	101.655	2431.3	-1.44207	6.06485
2019-10-14.13:02:50	102.146	2433.63	-5.32052	6.04665
2019-10-14.13:02:51	102.56	2435.54	-3.26616	5.6877
2019-10-14.13:02:52	103.356	2437.21	2.2978	4.89351
2019-10-14.13:02:53	104.209	2438.11	5.29989	5.00715
2019-10-14.13:02:54	104.947	2438.79	2.6623	4.89829
2019-10-14.13:02:55	105.748	2440.03	-2.463	5.07027
2019-10-14.13:02:56	106.145	2442	-4.27927	5.55154
2019-10-14.13:02:57	106.601	2444.18	-1.09656	4.70489
2019-10-14.13:02:58	107.497	2445.62	3.29153	4.13237
2019-10-14.13:02:59	108.373	2446.16	3.89616	4.05614
2019-10-14.13:03:00	109.307	2446.6	0.296512	3.86059
2019-10-14.13:03:01	110.202	2447.39	-3.10532	4.22721
2019-10-14.13:03:02	110.683	2448.89	-2.36463	4.60104
2019-10-14.13:03:03	111.286	2450.9	1.26932	3.87844
2019-10-14.13:03:04	112.026	2452.16	3.30601	3.71663
2019-10-14.13:03:05	112.758	2453.05	1.486	3.57697
2019-10-14.13:03:06	113.585	2454.08	-1.70646	3.63679
2019-10-14.13:03:07	114.125	2455.51	-2.30225	3.98031
2019-10-14.13:03:08	114.674	2457.32	0.136661	3.43274
2019-10-14.13:03:09	115.442	2458.53	2.3479	3.14353
2019-10-14.13:03:10	116.18	2459.28	1.65452	3.04612
2019-10-14.13:03:11	116.999	2460.07	-0.798664	3.0378
2019-10-14.13:03:12	117.627	2461.16	-1.76994	3.31102
2019-10-14.13:03:13	118.146	2462.72	-0.210764	3.05941
2019-10-14.13:03:14	118.857	2463.95	1.60613	2.76428
2019-10-14.13:03:15	119.536	2464.78	1.35222	2.69133
2019-10-14.13:03:16	120.266	2465.63	-0.409501	2.69197
2019-10-14.13:03:17	120.857	2466.72	-1.22845	2.88092
2019-10-14.13:03:18	121.399	2468.09	-0.172314	2.57461
2019-10-14.13:03:19	122.101	2469.07	1.13401	2.34447
2019-10-14.13:03:20	122.773	2469.74	0.951151	2.28892
2019-10-14.13:03:21	123.468	2470.46	-0.28642	2.3138
2019-10-14.13:03:22	124.033	2471.43	-0.789136	2.45809
2019-10-14.13:03:23	124.572	2472.58	0.0020799	2.07467
2019-10-14.13:03:24	126.056	2471.27	0.706956	-2.0356
2019-10-14.13:03:25	128.806	2463.87	0.334923	-1.41289
2019-10-14.13:03:26	130.862	2457.68	-0.119727	-1.12412
2019-10-14.13:03:27	133.021	2451.57	-0.177178	-2.10801
2019-10-14.13:03:28	135.413	2443.97	0.150605	-2.6346
2019-10-14.13:03:29	137.773	2435.69	0.341022	-2.40092
2019-10-14.13:03:30	139.754	2428.26	0.167814	-1.89282
2019-10-14.13:03:31	141.286	2422.33	-0.0327613	-1.52641
2019-10-14.13:03:32	142.786	2416.72	-0.0206722	-2.11123
2019-10-14.13:03:33	144.402	2410.21	0.119041	-2.40552
2019-10-14.13:03:34	146.026	2403.18	0.147167	-2.54235
2019-10-14.13:03:35	147.568	2396.02	0.0506544	-2.5194
2019-10-14.13:03:36	148.941	2389.13	0.0242323	-2.3485
2019-10-14.13:03:37	150.099	2382.87	0.101662	-2.06065
2019-10-14.13:03:38	151.002	2377.5	0.130686	-1.78039
2019-10-14.13:03:39	151.87	2372.42	0.0360586	-2.15951
2019-10-14.13:03:40	152.807	2366.7	-0.0087035	-2.36009
2019-10-14.13:03:41	153.767	2360.56	0.0704508	-2.48616
2019-10-14.13:03:42	154.717	2354.2	0.110496	-2.53332
2019-10-14.13:03:43	155.6	2347.85	0.0551511	-2.49409
2019-10-14.13:03:44	156.369	2341.72	0.0301282	-2.37698
2019-10-14.13:03:45	157.007	2336	0.0752355	-2.20074
2019-10-14.13:03:46	157.498	2330.85	0.0936117	-1.97629
2019-10-14.13:03:47	157.905	2326.11	0.045168	-2.16104
2019-10-14.13:03:48	158.378	2320.96	0.0136125	-2.31912
2019-10-14.13:03:49	158.895	2315.42	0.0560278	-2.44442
2019-10-14.13:03:50	159.438	2309.6	0.0788245	-2.5295
2019-10-14.13:03:51	159.974	2303.62	0.0480995	-2.56713
2019-10-14.13:03:52	160.475	2297.6	0.0366547	-2.55945
2019-10-14.13:03:53	160.928	2291.66	0.0623428	-2.51425
2019-10-14.13:03:54	161.318	2285.91	0.0692476	-2.43479
2019-10-14.13:03:55	161.629	2280.43	0.0507583	-2.32339
2019-10-14.13:03:56	161.848	2275.31	0.0488939	-2.18787
2019-10-14.13:03:57	161.978	2270.59	0.0627102	-2.09122
[State]	Descent
2019-10-14.13:03:58	162.121	2265.92	0.0472513	-2.25072
2019-10-14.13:03:59	162.319	2260.9	0.0329117	-2.36382
2019-10-14.13:04:00	162.559	2255.6	0.0481759	-2.46099
2019-10-14.13:04:01	162.831	2250.04	0.0578046	-2.53917
2019-10-14.13:04:02	163.12	2244.31	0.046608	-2.59384
2019-10-14.13:04:03	163.408	2238.45	0.0425962	-2.62443
2019-10-14.13:04:04	163.688	2232.55	0.0524696	-2.63243
2019-10-14.13:04:05	163.877	2226.89	0.0666068	-2.2736
2019-10-14.13:04:06	163.852	2222.24	0.0724856	-1.90343
2019-10-14.13:04:07	163.63	2218.65	0.0589801	-1.53507
2019-10-14.13:04:08	163.231	2216.07	0.0552224	-1.18625
2019-10-14.13:04:09	162.683	2214.42	0.0633895	-0.910284
2019-10-14.13:04:10	162.143	2213.13	0.0438114	-1.07472
2019-10-14.13:04:11	161.719	2211.42	0.0273458	-1.23111
2019-10-14.13:04:12	161.417	2209.21	0.0449225	-1.41892
2019-10-14.13:04:13	161.246	2206.44	0.0549811	-1.62335
2019-10-14.13:04:14	161.075	2203.48	0.0626998	-1.25415
2019-10-14.13:04:15	160.726	2201.43	0.0780781	-0.923713
2019-10-14.13:04:16	160.231	2200.26	0.0665575	-0.619315
2019-10-14.13:04:17	159.618	2199.85	0.0541436	-0.354953
2019-10-14.13:04:18	158.94	2200.03	0.0572958	-0.349137
2019-10-14.13:04:19	158.376	2199.98	0.0440754	-0.527251
2019-10-14.13:04:20	157.955	2199.36	0.0400227	-0.742025
2019-10-14.13:04:21	157.688	2198.09	0.0501845	-0.987764
2019-10-14.13:04:22	157.575	2196.12	0.0540073	-1.11548
2019-10-14.13:04:23	157.391	2194.24	0.0791791	-0.741751
2019-10-14.13:04:24	157.056	2193.19	0.0869036	-0.447944
2019-10-14.13:04:25	156.594	2192.89	0.0641298	-0.181965
2019-10-14.13:04:26	156.031	2193.24	0.0571054	0.0447259
2019-10-14.13:04:27	155.432	2194.01	0.065592	-0.0248875
2019-10-14.13:04:28	154.962	2194.43	0.0501171	-0.212623
2019-10-14.13:04:29	154.633	2194.27	0.043316	-0.436919
2019-10-14.13:04:30	154.454	2193.45	0.0553317	-0.686532
2019-10-14.13:04:31	154.428	2191.94	0.0610784	-0.903481
2019-10-14.13:04:32	154.383	2190.28	0.0790684	-0.561607
2019-10-14.13:04:33	154.187	2189.36	0.0923017	-0.290824
2019-10-14.13:04:34	153.864	2189.13	0.0745673	-0.0359311
2019-10-14.13:04:35	153.433	2189.53	0.0623933	0.190438
2019-10-14.13:04:36	152.924	2190.45	0.0728028	0.294128
2019-10-14.13:04:37	152.487	2191.32	0.0616083	0.0866092
2019-10-14.13:04:38	152.184	2191.66	0.0456271	-0.121517
2019-10-14.13:04:39	152.02	2191.4	0.0547296	-0.354009
2019-10-14.13:04:40	151.997	2190.49	0.0678679	-0.59935
2019-10-14.13:04:41	152.098	2188.96	0.0648317	-0.645275
2019-10-14.13:04:42	152.106	2187.62	0.0857717	-0.356857
2019-10-14.13:04:43	151.979	2186.96	0.0948387	-0.104851
2019-10-14.13:04:44	151.728	2186.94	0.076562	0.135209
2019-10-14.13:04:45	151.37	2187.51	0.0670374	0.35256
2019-10-14.13:04:46	150.934	2188.58	0.0774404	0.42768
2019-10-14.13:04:47	150.579	2189.55	0.0634885	0.216045
2019-10-14.13:04:48	150.354	2189.98	0.0482218	0.0059318
2019-10-14.13:04:49	150.261	2189.82	0.0592474	-0.22258
2019-10-14.13:04:50	150.302	2189.05	0.0725642	-0.458172
2019-10-14.13:04:51	150.464	2187.68	0.0666934	-0.597053
2019-10-14.13:04:52	150.564	2186.31	0.0826687	-0.306267
2019-10-14.13:04:53	150.525	2185.59	0.0992717	-0.0633565
2019-10-14.13:04:54	150.36	2185.49	0.0848963	0.175627
2019-10-14.13:04:55	150.08	2185.99	0.0694945	0.399497
2019-10-14.13:04:56	149.706	2187.02	0.0776442	0.573574
2019-10-14.13:04:57	149.366	2188.18	0.0718035	0.352287
2019-10-14.13:04:58	149.161	2188.8	0.051448	0.143729
2019-10-14.13:04:59	149.085	2188.85	0.0565077	-0.0827714
2019-10-14.13:05:00	149.139	2188.3	0.0737412	-0.315404
2019-10-14.13:05:01	149.315	2187.15	0.0724889	-0.539715
2019-10-14.13:05:02	149.505	2185.71	0.0756388	-0.317709
2019-10-14.13:05:03	149.566	2184.81	1.39925	-0.0811056
2019-10-14.13:05:04	150.124	2183.34	9.57412	-1.77622
2019-10-14.13:05:05	151.987	2176.68	17.4534	-0.595163
2019-10-14.13:05:06	153.641	2170.77	25.3465	0.140946
2019-10-14.13:05:07	156.041	2163.54	30.7499	-0.878254
2019-10-14.13:05:08	158.683	2154.58	30.7456	-0.197245
2019-10-14.13:05:09	160.785	2147.8	30.7426	-0.0553268
2019-10-14.13:05:10	162.921	2140.85	30.7367	-0.412899
2019-10-14.13:05:11	165.095	2132.98	30.7343	-0.67336
2019-10-14.13:05:12	167.234	2124.77	30.7324	-0.758237
2019-10-14.13:05:13	169.226	2116.7	30.7301	-0.582038
2019-10-14.13:05:14	170.969	2109.32	30.7289	-0.252428
2019-10-14.13:05:15	172.414	2103.07	30.7279	-0.0546124
2019-10-14.13:05:16	173.841	2096.96	30.7244	-0.41656
2019-10-14.13:05:17	175.313	2090.18	30.7212	-0.565742
2019-10-14.13:05:18	176.753	2083.11	30.7185	-0.600336
2019-10-14.13:05:19	178.109	2076.07	30.7165	-0.543668
2019-10-14.13:05:20	179.332	2069.41	30.7148	-0.378975
2019-10-14.13:05:21	180.372	2063.41	30.7133	-0.137418
2019-10-14.13:05:22	181.342	2057.76	30.7102	-0.389293
2019-10-14.13:05:23	182.364	2051.62	30.7074	-0.526241
2019-10-14.13:05:24	183.382	2045.18	30.7046	-0.574191
2019-10-14.13:05:25	184.356	2038.68	30.7023	-0.560586
2019-10-14.13:05:26	185.256	2032.35	30.7003	-0.481896
2019-10-14.13:05:27	186.049	2026.39	30.6984	-0.335241
2019-10-14.13:05:28	186.726	2020.93	30.6287	-0.343927
2019-10-14.13:05:29	187.413	2015.6	25.046	-0.515096
2019-10-14.13:05:30	188.196	2010.45	20.7452	-0.739671
2019-10-14.13:05:31	188.882	2005.5	17.6458	-0.643903
2019-10-14.13:05:32	189.542	2000.49	14.7445	-0.767743
2019-10-14.13:05:33	190.219	1995.52	12.2007	-0.72341
2019-10-14.13:05:34	190.828	1990.82	10.4141	-0.805509
2019-10-14.13:05:35	191.436	1985.86	8.77678	-0.861451
2019-10-14.13:05:36	192.046	1980.85	7.2882	-0.859737
2019-10-14.13:05:37	192.604	1976.01	6.18746	-0.775447
2019-10-14.13:05:38	193.087	1971.41	5.23838	-0.841625
2019-10-14.13:05:39	193.608	1966.56	4.3569	-0.938482
2019-10-14.13:05:40	194.148	1961.46	3.69748	-0.994354
2019-10-14.13:05:41	194.671	1956.24	3.13571	-1.01168
2019-10-14.13:05:42	195.172	1951.01	2.60608	-0.999719
2019-10-14.13:05:43	195.634	1945.88	2.19683	-0.9578
2019-10-14.13:05:44	196.038	1940.95	1.85817	-0.888177
2019-10-14.13:05:45	196.378	1936.3	1.54109	-0.80963
2019-10-14.13:05:46	196.701	1931.7	1.28587	-0.930939
2019-10-14.13:05:47	197.06	1926.78	1.08378	-1.01616
2019-10-14.13:05:48	197.44	1921.61	0.901336	-1.08121
2019-10-14.13:05:49	197.826	1916.25	0.744477	-1.12438
2019-10-14.13:05:50	198.209	1910.78	0.619704	-1.14668
2019-10-14.13:05:51	198.577	1905.27	0.50894	-1.14846
2019-10-14.13:05:52	198.919	1899.8	0.413174	-1.13019
2019-10-14.13:05:53	199.228	1894.42	0.336274	-1.09396
2019-10-14.13:05:54	199.495	1889.19	0.26885	-1.04164
2019-10-14.13:05:55	199.715	1884.18	0.210458	-0.975216
2019-10-14.13:05:56	199.884	1879.41	0.163124	-0.89752
2019-10-14.13:05:57	200.011	1874.89	0.119399	-0.931997
2019-10-14.13:05:58	200.17	1870.14	0.0777991	-1.02112
2019-10-14.13:05:59	200.367	1865.1	0.054239	-1.10216
2019-10-14.13:06:00	200.595	1859.8	0.0290037	-1.17203
2019-10-14.13:06:01	200.842	1854.27	0.0041843	-1.22852
2019-10-14.13:06:02	201.103	1848.57	-0.0109598	-1.27142
2019-10-14.13:06:03	201.369	1842.75	-0.0262139	-1.30016
2019-10-14.13:06:04	201.631	1836.85	-0.0409867	-1.31421
2019-10-14.13:06:05	201.882	1830.93	-0.0505583	-1.31427
2019-10-14.13:06:06	202.116	1825.03	-0.0598179	-1.30098
2019-10-14.13:06:07	202.326	1819.2	-0.0686105	-1.27515
2019-10-14.13:06:08	202.507	1813.49	-0.0746028	-1.23827
2019-10-14.13:06:09	202.655	1807.92	-0.0802468	-1.19175
2019-10-14.13:06:10	202.77	1802.53	-0.085476	-1.13681
2019-10-14.13:06:11	202.848	1797.35	-0.0892087	-1.07541
2019-10-14.13:06:12	202.888	1792.4	-0.0926954	-1.00954
2019-10-14.13:06:13	202.889	1787.68	-0.0958894	-0.941212
2019-10-14.13:06:14	202.854	1783.21	-0.0982795	-0.87253
2019-10-14.13:06:15	202.784	1778.97	-0.100499	-0.805472
2019-10-14.13:06:16	202.681	1774.97	-0.102523	-0.741875
2019-10-14.13:06:17	202.55	1771.18	-0.104111	-0.683447
2019-10-14.13:06:18	202.396	1767.59	-0.10556	-0.631351
2019-10-14.13:06:19	202.224	1764.17	-0.106856	-0.586463
2019-10-14.13:06:20	202.04	1760.89	-0.107917	-0.549585
2019-10-14.13:06:21	201.849	1757.72	-0.108882	-0.518329
[State]	Landing
2019-10-14.13:06:22	201.622	1754.82	-0.103915	-0.341326
2019-10-14.13:06:23	201.319	1752.48	-0.104229	-0.184842
2019-10-14.13:06:24	200.952	1750.66	-0.108637	-0.0436663
2019-10-14.13:06:25	200.535	1749.29	-0.106334	0.0783516
2019-10-14.13:06:26	200.082	1748.3	-0.106725	0.178819
2019-10-14.13:06:27	199.606	1747.61	-0.109303	0.256435
2019-10-14.13:06:28	199.122	1747.13	-0.108518	0.309765
2019-10-14.13:06:29	198.643	1746.78	-0.108913	0.338474
2019-10-14.13:06:30	198.182	1746.48	-0.110529	0.34315
2019-10-14.13:06:31	197.751	1746.13	-0.110431	0.324623
2019-10-14.13:06:32	197.359	1745.68	-0.110758	0.284499
2019-10-14.13:06:33	197.016	1745.04	-0.111767	0.225066
2019-10-14.13:06:34	196.729	1744.16	-0.111882	0.148866
2019-10-14.13:06:35	196.503	1742.99	-0.11207	0.05887
2019-10-14.13:06:36	196.316	1741.6	-0.106502	0.168537
2019-10-14.13:06:37	196.056	1740.69	-0.0978237	0.335078
2019-10-14.13:06:38	195.724	1740.32	-0.106452	0.489524
2019-10-14.13:06:39	195.33	1740.44	-0.105655	0.625693
2019-10-14.13:06:40	194.892	1740.97	-0.10078	0.739439
2019-10-14.13:06:41	194.423	1741.83	-0.105109	0.829509
2019-10-14.13:06:42	193.938	1742.93	-0.105813	0.894046
2019-10-14.13:06:43	193.481	1744.05	-0.1086	0.784626
2019-10-14.13:06:44	193.114	1744.76	-0.11279	0.652185
2019-10-14.13:06:45	192.844	1744.98	-0.109176	0.500741
2019-10-14.13:06:46	192.675	1744.66	-0.10992	0.336101
2019-10-14.13:06:47	192.606	1743.76	-0.112525	0.164258
2019-10-14.13:06:48	192.627	1742.32	-0.108042	0.165054
2019-10-14.13:06:49	192.57	1741.23	-0.0881838	0.418081
2019-10-14.13:06:50	192.387	1740.95	-0.0974465	0.656206
2019-10-14.13:06:51	192.086	1741.45	-0.103215	0.883543
2019-10-14.13:06:52	191.701	1742.6	-0.0977339	0.849499
2019-10-14.13:06:53	191.43	1743.27	-0.1206	0.591281
2019-10-14.13:06:54	191.314	1743.06	-0.114959	0.322404
2019-10-14.13:06:55	191.355	1741.93	-0.104631	0.110128
2019-10-14.13:06:56	191.368	1740.79	-0.0885438	0.488744
2019-10-14.13:06:57	191.203	1740.73	-0.0888472	0.811056
2019-10-14.13:06:58	190.875	1741.71	-0.0999673	0.977858
2019-10-14.13:06:59	190.622	1742.53	-0.123302	0.590783
2019-10-14.13:07:00	190.57	1742.18	-0.116049	0.238232
2019-10-14.13:07:01	190.669	1740.86	-0.0939678	0.377269
2019-10-14.13:07:02	190.594	1740.42	-0.0762247	0.766738
2019-10-14.13:07:03	190.311	1741.27	-0.0972912	1.0418
2019-10-14.13:07:04	190.079	1742.12	-0.131338	0.564176
2019-10-14.13:07:05	190.085	1741.58	-0.116849	0.145432
2019-10-14.13:07:06	190.179	1740.37	-0.0754156	0.549905
2019-10-14.13:07:07	190.026	1740.51	-0.0765151	0.999843
2019-10-14.13:07:08	189.735	1741.68	-0.124659	0.718516
2019-10-14.13:07:09	189.682	1741.61	-0.135388	0.25416
2019-10-14.13:07:10	189.813	1740.35	-0.0797362	0.49521
2019-10-14.13:07:11	189.702	1740.32	-0.0616586	0.990706
2019-10-14.13:07:12	189.422	1741.49	-0.127337	0.71877
2019-10-14.13:07:13	189.394	1741.36	-0.145789	0.207695
2019-10-14.13:07:14	189.525	1740.14	-0.0658495	0.58883
2019-10-14.13:07:15	189.368	1740.43	-0.0572035	1.12769
2019-10-14.13:07:16	189.137	1741.48	-0.152941	0.571875
2019-10-14.13:07:17	189.215	1740.8	-0.14027	0.13918
2019-10-14.13:07:18	189.263	1739.97	-0.0322195	0.824555
2019-10-14.13:07:19	189.004	1740.97	-0.0842006	0.905461
2019-10-14.13:07:20	188.934	1741.25	-0.184539	0.27698
2019-10-14.13:07:21	189.086	1740.04	-0.0792254	0.592722
2019-10-14.13:07:22	188.936	1740.35	-0.0212907	1.17964
2019-10-14.13:07:23	188.746	1741.29	-0.171502	0.482003
2019-10-14.13:07:24	188.884	1740.31	-0.152487	0.363511
2019-10-14.13:07:25	188.845	1740.01	0.0016917	1.04476
2019-10-14.13:07:26	188.6	1741.17	-0.118353	0.62831
2019-10-14.13:07:27	188.689	1740.58	-0.205166	0.151463
2019-10-14.13:07:28	188.732	1739.87	-0.0129493	0.933072
2019-10-14.13:07:29	188.475	1741.01	-0.0592488	0.74245
2019-10-14.13:07:30	188.52	1740.75	-0.226576	0.0995892
