DateTime	AltitudeTape:altitude	AirspeedTape:airspeed	HeadingIndicator:heading	AttitudeIndicator:roll
[State]	Standing
2019-10-11.16:00:34	0.474726	1654.61	-0.0010306	0.0033878
[State]	Taxiing
2019-10-11.16:00:35	0.138669	1654.73	-0.0187188	0.449202
2019-10-11.16:00:36	0.0624603	1654.78	-0.0349405	0.0343216
2019-10-11.16:00:37	0.894569	1654.79	-0.0687657	-0.124905
2019-10-11.16:00:38	3.90275	1654.79	-0.159822	0.099103
2019-10-11.16:00:39	7.69202	1654.79	-0.183611	0.226899
2019-10-11.16:00:40	11.6073	1654.79	-0.217456	0.281031
2019-10-11.16:00:41	15.4696	1654.79	-0.382102	0.326126
2019-10-11.16:00:42	19.2608	1654.79	-0.723908	0.450636
2019-10-11.16:00:43	22.9946	1654.79	-1.09899	0.5482
2019-10-11.16:00:44	26.6564	1654.8	-1.43921	0.610739
2019-10-11.16:00:45	30.2458	1654.8	-1.67979	0.634866
2019-10-11.16:00:46	33.7496	1654.8	-1.83644	0.658275
2019-10-11.16:00:47	37.1222	1654.8	-1.9882	0.697106
2019-10-11.16:00:48	40.3661	1654.81	-2.09976	0.733705
2019-10-11.16:00:49	43.5008	1654.81	-2.15654	0.769201
2019-10-11.16:00:50	46.5549	1654.81	-2.16759	0.814826
2019-10-11.16:00:51	49.5589	1654.82	-2.12495	0.86943
2019-10-11.16:00:52	52.5394	1654.82	-2.03055	0.932849
2019-10-11.16:00:53	55.5147	1654.82	-1.90516	0.994571
2019-10-11.16:00:54	58.4976	1654.83	-1.7565	1.05623
2019-10-11.16:00:55	61.4972	1654.83	-1.58932	1.11879
2019-10-11.16:00:56	64.52	1654.84	-1.40646	1.18271
2019-10-11.16:00:57	67.571	1654.85	-1.20988	1.24799
2019-10-11.16:00:58	70.6536	1654.85	-1.00114	1.31449
2019-10-11.16:00:59	73.7704	1654.86	-0.781649	1.38203
2019-10-11.16:01:00	76.9226	1654.87	-0.552715	1.45033
2019-10-11.16:01:01	80.1104	1654.87	-0.315703	1.5191
2019-10-11.16:01:02	83.3457	1654.88	-0.16855	1.58055
2019-10-11.16:01:03	86.6637	1654.89	-0.0842775	1.8986
[State]	TakeOff
2019-10-11.16:01:04	89.9654	1655	0.0397876	6.39022
2019-10-11.16:01:05	91.3649	1658.25	0.0267553	13.2561
2019-10-11.16:01:06	90.8586	1666.55	0.0454559	11.4889
2019-10-11.16:01:07	90.4444	1674.09	0.0671784	11.3764
2019-10-11.16:01:08	90.2227	1680.76	0.0781744	11.2649
2019-10-11.16:01:09	89.9782	1687.15	0.0724871	11.5285
2019-10-11.16:01:10	89.7122	1693.62	0.0594825	11.4965
2019-10-11.16:01:11	89.4948	1699.93	0.0504296	11.428
2019-10-11.16:01:12	89.2598	1706.09	0.0497777	11.5208
2019-10-11.16:01:13	89.0138	1712.21	0.055417	11.5376
2019-10-11.16:01:14	88.7904	1718.26	0.0609463	11.578
2019-10-11.16:01:15	88.5971	1724.27	0.0622159	11.5924
2019-10-11.16:01:16	88.428	1730.21	0.0592931	11.6064
2019-10-11.16:01:17	88.2673	1736.08	0.055197	11.6191
2019-10-11.16:01:18	88.1053	1741.9	0.0528384	11.6371
2019-10-11.16:01:19	87.9417	1747.66	0.0530478	11.6575
2019-10-11.16:01:20	87.7831	1753.38	0.0546266	11.6771
2019-10-11.16:01:21	87.6363	1759.04	0.0557998	11.6931
[State]	Climb
2019-10-11.16:01:22	87.5056	1764.66	0.0556243	11.7037
2019-10-11.16:01:23	87.3915	1770.22	0.0543687	11.7134
2019-10-11.16:01:24	87.2894	1775.72	0.0529708	11.7235
2019-10-11.16:01:25	87.1964	1781.18	0.0522003	11.7333
2019-10-11.16:01:26	87.1117	1786.58	0.0521764	11.7429
2019-10-11.16:01:27	87.0367	1791.94	0.0524857	11.7509
2019-10-11.16:01:28	86.9722	1797.26	0.0526225	11.7568
2019-10-11.16:01:29	86.9175	1802.55	0.0523604	11.7608
2019-10-11.16:01:30	86.8711	1807.81	0.0518204	11.7636
2019-10-11.16:01:31	86.831	1813.04	0.0512838	11.7658
2019-10-11.16:01:32	86.796	1818.24	0.0509528	11.7677
2019-10-11.16:01:33	86.7659	1823.42	0.0508366	11.7691
2019-10-11.16:01:34	86.7407	1828.57	0.0508027	11.7697
2019-10-11.16:01:35	86.7204	1833.71	0.050708	11.7695
2019-10-11.16:01:36	86.7046	1838.83	0.0504985	11.7686
2019-10-11.16:01:37	86.6925	1843.94	0.0502183	11.7671
2019-10-11.16:01:38	86.6835	1849.03	0.0499502	11.7654
2019-10-11.16:01:39	86.6771	1854.11	0.0497478	11.7633
2019-10-11.16:01:40	86.6731	1859.18	0.0496079	11.761
2019-10-11.16:01:41	86.6715	1864.24	0.0494893	11.7584
2019-10-11.16:01:42	86.6721	1869.29	0.0493513	11.7554
2019-10-11.16:01:43	86.6747	1874.33	0.0491812	11.7521
2019-10-11.16:01:44	86.6789	1879.36	0.0489939	11.7486
2019-10-11.16:01:45	86.6847	1884.39	0.0488136	11.7449
2019-10-11.16:01:46	86.6917	1889.41	0.0486544	11.7411
2019-10-11.16:01:47	86.6998	1894.43	0.0485138	11.7371
2019-10-11.16:01:48	86.7089	1899.44	0.0483783	11.7334
2019-10-11.16:01:49	86.7188	1904.45	0.0482352	11.7303
2019-10-11.16:01:50	86.7289	1909.46	0.0480814	11.7281
2019-10-11.16:01:51	86.7387	1914.46	0.0479222	11.7269
2019-10-11.16:01:52	86.7477	1919.47	0.0477649	11.7264
2019-10-11.16:01:53	86.7557	1924.47	0.0476136	11.7264
2019-10-11.16:01:54	86.7625	1929.48	0.0474669	11.7266
2019-10-11.16:01:55	86.7684	1934.49	0.047321	11.7266
2019-10-11.16:01:56	86.7735	1939.5	0.0471726	11.726
2019-10-11.16:01:57	86.7785	1944.51	0.0470215	11.7245
2019-10-11.16:01:58	86.7837	1949.51	0.0468696	11.7222
2019-10-11.16:01:59	86.7896	1954.51	0.0467195	11.719
2019-10-11.16:02:00	86.7964	1959.51	0.0465722	11.7154
2019-10-11.16:02:01	86.8043	1964.5	0.0464273	11.7116
2019-10-11.16:02:02	86.8132	1969.49	0.0462835	11.708
2019-10-11.16:02:03	86.8227	1974.47	0.0461396	11.7049
2019-10-11.16:02:04	86.8325	1979.46	0.0459954	11.7026
2019-10-11.16:02:05	86.842	1984.44	0.045851	11.7011
2019-10-11.16:02:06	86.851	1989.42	0.045707	11.7004
2019-10-11.16:02:07	86.8591	1994.4	0.0455635	11.7002
2019-10-11.16:02:08	86.8661	1999.38	0.0454202	11.7002
2019-10-11.16:02:09	86.8723	2004.36	0.0452769	11.7001
2019-10-11.16:02:10	86.8778	2009.34	0.0451336	11.6994
2019-10-11.16:02:11	86.8829	2014.32	0.0449904	11.6981
2019-10-11.16:02:12	86.8883	2019.3	0.0448477	11.696
2019-10-11.16:02:13	86.8941	2024.28	0.044706	11.6931
2019-10-11.16:02:14	86.9008	2029.25	0.0445654	11.6897
2019-10-11.16:02:15	86.9085	2034.22	0.0444259	11.6861
2019-10-11.16:02:16	86.917	2039.18	0.0442873	11.6827
2019-10-11.16:02:17	86.9262	2044.14	0.0441493	11.6796
2019-10-11.16:02:18	86.9357	2049.1	0.0440119	11.6772
2019-10-11.16:02:19	86.945	2054.05	0.0438747	11.6756
2019-10-11.16:02:20	86.954	2059.01	0.0437377	11.6746
2019-10-11.16:02:21	86.9621	2063.96	0.0436008	11.6742
2019-10-11.16:02:22	86.9694	2068.92	0.0434638	11.674
2019-10-11.16:02:23	86.9758	2073.88	0.0433268	11.6737
2019-10-11.16:02:24	86.9815	2078.83	0.0431899	11.6731
2019-10-11.16:02:25	86.9869	2083.79	0.0430534	11.6719
2019-10-11.16:02:26	86.9924	2088.74	0.0429174	11.6699
2019-10-11.16:02:27	86.9982	2093.69	0.0427822	11.6673
2019-10-11.16:02:28	87.0048	2098.64	0.0426479	11.6642
2019-10-11.16:02:29	87.0122	2103.58	0.0425144	11.6608
2019-10-11.16:02:30	87.0204	2108.52	0.0423819	11.6575
2019-10-11.16:02:31	87.0293	2113.46	0.0422501	11.6544
2019-10-11.16:02:32	87.0385	2118.39	0.0421188	11.652
2019-10-11.16:02:33	87.0477	2123.32	0.0419879	11.6502
2019-10-11.16:02:34	87.0565	2128.25	0.0418571	11.649
2019-10-11.16:02:35	87.0647	2133.18	0.0417264	11.6484
2019-10-11.16:02:36	87.0722	2138.11	0.0415957	11.648
2019-10-11.16:02:37	87.0788	2143.04	0.041465	11.6476
2019-10-11.16:02:38	87.0848	2147.97	0.0413345	11.647
2019-10-11.16:02:39	87.0904	2152.9	0.0412042	11.6458
2019-10-11.16:02:40	87.096	2157.83	0.0410744	11.644
2019-10-11.16:02:41	87.1019	2162.75	0.0409453	11.6416
2019-10-11.16:02:42	87.1084	2167.68	0.040817	11.6387
2019-10-11.16:02:43	87.1156	2172.59	0.0406895	11.6355
2019-10-11.16:02:44	87.1235	2177.51	0.0405628	11.6323
2019-10-11.16:02:45	87.1321	2182.42	0.0404368	11.6294
2019-10-11.16:02:46	87.141	2187.33	0.0403114	11.6269
2019-10-11.16:02:47	87.15	2192.23	0.0401864	11.625
2019-10-11.16:02:48	87.1588	2197.14	0.0400616	11.6236
2019-10-11.16:02:49	87.167	2202.04	0.0399369	11.6228
2019-10-11.16:02:50	87.1746	2206.95	0.0398122	11.6222
2019-10-11.16:02:51	87.1814	2211.85	0.0396875	11.6217
2019-10-11.16:02:52	87.1876	2216.76	0.0395629	11.621
2019-10-11.16:02:53	87.1934	2221.66	0.0394386	11.6199
2019-10-11.16:02:54	87.1991	2226.56	0.0393148	11.6183
2019-10-11.16:02:55	87.2051	2231.46	0.0391915	11.6161
2019-10-11.16:02:56	87.2115	2236.36	0.0390689	11.6134
2019-10-11.16:02:57	87.2185	2241.26	0.0389471	11.6104
2019-10-11.16:02:58	87.2262	2246.15	0.038826	11.6073
2019-10-11.16:02:59	87.2345	2251.03	0.0387056	11.6044
2019-10-11.16:03:00	87.2432	2255.92	0.0385858	11.6019
2019-10-11.16:03:01	87.252	2260.8	0.0384664	11.5999
2019-10-11.16:03:02	87.2607	2265.68	0.0383472	11.5984
2019-10-11.16:03:03	87.2689	2270.56	0.0382282	11.5974
2019-10-11.16:03:04	87.2765	2275.44	0.0381092	11.5966
2019-10-11.16:03:05	87.2835	2280.32	0.0379903	11.596
2019-10-11.16:03:06	87.29	2285.2	0.0378715	11.5953
2019-10-11.16:03:07	87.296	2290.07	0.0377529	11.5942
2019-10-11.16:03:08	87.3018	2294.95	0.0376346	11.5927
2019-10-11.16:03:09	87.3078	2299.83	0.0375169	11.5906
2019-10-11.16:03:10	87.3142	2304.7	0.0373998	11.5881
2019-10-11.16:03:11	87.321	2309.57	0.0372834	11.5853
2019-10-11.16:03:12	87.3285	2314.43	0.0371677	11.5824
2019-10-11.16:03:13	87.3366	2319.3	0.0370527	11.5796
2019-10-11.16:03:14	87.345	2324.16	0.0369382	11.5771
2019-10-11.16:03:15	87.3537	2329.01	0.0368242	11.575
2019-10-11.16:03:16	87.3622	2333.87	0.0367104	11.5733
2019-10-11.16:03:17	87.3704	2338.72	0.0365968	11.5721
2019-10-11.16:03:18	87.3781	2343.58	0.0364833	11.5713
2019-10-11.16:03:19	87.3853	2348.43	0.0363698	11.5705
2019-10-11.16:03:20	87.3919	2353.28	0.0362564	11.5697
2019-10-11.16:03:21	87.3981	2358.14	0.0361433	11.5687
2019-10-11.16:03:22	87.4041	2362.99	0.0360304	11.5672
2019-10-11.16:03:23	87.4101	2367.84	0.035918	11.5653
2019-10-11.16:03:24	87.4164	2372.69	0.0358062	11.563
2019-10-11.16:03:25	87.4232	2377.53	0.035695	11.5604
2019-10-11.16:03:26	87.4305	2382.37	0.0355844	11.5576
2019-10-11.16:03:27	87.4383	2387.21	0.0354745	11.5549
2019-10-11.16:03:28	87.4465	2392.05	0.0353651	11.5524
2019-10-11.16:03:29	87.4549	2396.88	0.0352561	11.5502
2019-10-11.16:03:30	87.4634	2401.71	0.0351475	11.5485
2019-10-11.16:03:31	87.4715	2406.54	0.035039	11.5471
2019-10-11.16:03:32	87.4793	2411.37	0.0349307	11.5461
2019-10-11.16:03:33	87.4866	2416.2	0.0348225	11.5452
2019-10-11.16:03:34	87.4933	2421.03	0.0347143	11.5444
2019-10-11.16:03:35	87.4997	2425.85	0.0346063	11.5433
2019-10-11.16:03:36	87.5058	2430.68	0.0344986	11.5419
2019-10-11.16:03:37	87.5119	2435.51	0.0343913	11.5402
2019-10-11.16:03:38	87.5182	2440.33	0.0342845	11.538
2019-10-11.16:03:39	87.5249	2445.15	0.0341782	11.5356
2019-10-11.16:03:40	87.532	2449.97	0.0340726	11.5329
2019-10-11.16:03:41	87.5397	2454.78	0.0339675	11.5303
2019-10-11.16:03:42	87.5477	2459.59	0.033863	11.5278
2019-10-11.16:03:43	87.5559	2464.4	0.0337589	11.5256
2019-10-11.16:03:44	87.5642	2469.21	0.0336552	11.5237
2019-10-11.16:03:45	87.5723	2474.01	0.0335516	11.5223
2019-10-11.16:03:46	87.5801	2478.82	0.0334483	11.5211
2019-10-11.16:03:47	87.5874	2483.62	0.033345	11.5201
[State]	Cruise
2019-10-11.16:03:48	87.5943	2488.42	0.0332418	11.5192
2019-10-11.16:03:49	87.6008	2493.23	0.0331387	11.5181
2019-10-11.16:03:50	87.6071	2498.03	0.0330359	11.5168
2019-10-11.16:03:51	87.6133	2502.83	0.0329335	11.5152
2019-10-11.16:03:52	87.6196	2507.62	0.0328315	11.5132
2019-10-11.16:03:53	87.6262	2512.42	0.03273	11.5109
2019-10-11.16:03:54	87.6332	2517.21	0.032629	11.5084
2019-10-11.16:03:55	87.6406	2522	0.0325286	11.5058
2019-10-11.16:03:56	87.6484	2526.79	0.0324288	11.5034
2019-10-11.16:03:57	87.6565	2531.57	0.0323293	11.5011
2019-10-11.16:03:58	87.6646	2536.36	0.0322302	11.4992
2019-10-11.16:03:59	87.6727	2541.14	0.0321314	11.4976
2019-10-11.16:04:00	87.6805	2545.92	0.0320327	11.4963
2019-10-11.16:04:01	87.6879	2550.7	0.0319341	11.4952
2019-10-11.16:04:02	87.6949	2555.47	0.0318356	11.4942
2019-10-11.16:04:03	87.7016	2560.25	0.0317373	11.4932
2019-10-11.16:04:04	87.7079	2565.03	0.0316392	11.4919
2019-10-11.16:04:05	87.7142	2569.8	0.0315414	11.4903
2019-10-11.16:04:06	87.7205	2574.58	0.031444	11.4884
2019-10-11.16:04:07	87.7518	2579.32	0.0318643	11.2429
2019-10-11.16:04:08	87.9304	2583.79	0.0326812	10.8641
2019-10-11.16:04:09	88.252	2587.86	0.0331145	10.5765
2019-10-11.16:04:10	88.6949	2591.63	0.0334078	10.2615
2019-10-11.16:04:11	89.2461	2595.12	0.0337059	9.96904
2019-10-11.16:04:12	89.8881	2598.39	0.0342615	9.68119
2019-10-11.16:04:13	90.6083	2601.48	0.0351142	9.40219
2019-10-11.16:04:14	91.3968	2604.44	0.0361427	9.12737
2019-10-11.16:04:15	92.2468	2607.29	0.0371684	8.8564
2019-10-11.16:04:16	93.1523	2610.05	0.0380922	8.58804
2019-10-11.16:04:17	94.104	2612.73	0.0389236	8.32405
2019-10-11.16:04:18	95.097	2615.37	0.0397672	8.0567
2019-10-11.16:04:19	96.1307	2617.98	0.04067	7.79138
2019-10-11.16:04:20	97.2044	2620.54	0.0416194	7.52599
2019-10-11.16:04:21	98.3155	2623.08	0.042555	7.26323
2019-10-11.16:04:22	99.4604	2625.57	0.0434446	7.00651
2019-10-11.16:04:23	100.637	2627.93	0.0441389	6.79333
2019-10-11.16:04:24	101.837	2630.17	0.0447902	6.57381
2019-10-11.16:04:25	103.053	2632.31	0.0454264	6.38832
2019-10-11.16:04:26	104.277	2634.37	0.0461168	6.19991
2019-10-11.16:04:27	105.507	2636.41	0.0468581	6.00616
2019-10-11.16:04:28	106.741	2638.44	0.0475837	5.81208
2019-10-11.16:04:29	107.979	2640.48	0.0482248	5.6196
2019-10-11.16:04:30	109.224	2642.5	0.0487845	5.42973
2019-10-11.16:04:31	110.474	2644.51	0.0493091	5.24317
2019-10-11.16:04:32	111.72	2646.5	0.0498296	5.06183
2019-10-11.16:04:33	112.963	2648.46	0.0503431	4.88372
2019-10-11.16:04:34	114.197	2650.4	0.0508194	4.71046
2019-10-11.16:04:35	115.425	2652.29	0.0512474	4.54099
2019-10-11.16:04:36	116.645	2654.16	0.0516377	4.37564
2019-10-11.16:04:37	117.859	2655.98	0.0520074	4.21481
2019-10-11.16:04:38	119.067	2657.75	0.0523622	4.05833
2019-10-11.16:04:39	120.269	2659.48	0.0526955	3.90637
2019-10-11.16:04:40	121.464	2661.16	0.0530016	3.75895
2019-10-11.16:04:41	122.648	2662.79	0.0532809	3.61756
2019-10-11.16:04:42	123.82	2664.38	0.0535416	3.48027
2019-10-11.16:04:43	124.979	2665.92	0.0537852	3.34788
2019-10-11.16:04:44	126.124	2667.41	0.0540095	3.22005
2019-10-11.16:04:45	127.257	2668.85	0.0542133	3.09665
2019-10-11.16:04:46	128.376	2670.25	0.0543989	2.97771
2019-10-11.16:04:47	129.445	2671.54	-3.78447	1.49875
2019-10-11.16:04:48	131.553	2668.26	-12.3118	-2.10403
2019-10-11.16:04:49	133.524	2660.82	-20.477	-0.0852086
2019-10-11.16:04:50	135.095	2654.58	-28.8012	-0.92243
2019-10-11.16:04:51	137.285	2646.08	-30.0769	-2.41095
2019-10-11.16:04:52	139.403	2636.58	-30.0892	-1.80494
2019-10-11.16:04:53	140.915	2629.05	-30.0883	-1.09106
2019-10-11.16:04:54	142.332	2622.14	-30.0799	-1.32922
2019-10-11.16:04:55	143.757	2614.61	-30.0795	-1.5563
2019-10-11.16:04:56	145.174	2606.85	-30.0813	-1.78371
2019-10-11.16:04:57	146.495	2599.16	-30.081	-1.66754
2019-10-11.16:04:58	147.591	2591.95	-30.0802	-1.29014
2019-10-11.16:04:59	148.448	2585.54	-30.0797	-1.28796
2019-10-11.16:05:00	149.345	2579.03	-30.0788	-1.50157
2019-10-11.16:05:01	150.241	2572.24	-30.078	-1.57213
2019-10-11.16:05:02	151.075	2565.41	-30.0774	-1.51775
2019-10-11.16:05:03	151.8	2558.81	-30.0775	-1.39281
2019-10-11.16:05:04	152.398	2552.62	-30.0776	-1.34099
2019-10-11.16:05:05	152.993	2546.48	-30.0763	-1.44201
2019-10-11.16:05:06	153.571	2540.2	-30.0757	-1.45595
2019-10-11.16:05:07	154.106	2533.96	-30.0755	-1.42512
2019-10-11.16:05:08	154.572	2527.9	-30.0755	-1.34039
2019-10-11.16:05:09	154.947	2522.15	-29.9079	-1.20071
2019-10-11.16:05:10	155.147	2517.23	-23.0613	-0.854456
2019-10-11.16:05:11	155.02	2514.63	-17.8759	-0.984159
2019-10-11.16:05:12	155.101	2511.98	-14.9002	-1.13714
2019-10-11.16:05:13	155.202	2508.86	-12.3979	-1.08186
2019-10-11.16:05:14	155.281	2505.89	-9.60172	-1.07797
2019-10-11.16:05:15	155.315	2503.34	-7.40424	-0.914486
2019-10-11.16:05:16	155.21	2501.48	-6.21098	-0.571426
2019-10-11.16:05:17	154.912	2500.47	-5.19357	-0.204247
2019-10-11.16:05:18	154.482	2500.32	-3.96399	-0.184426
2019-10-11.16:05:19	154.19	2499.99	-3.06501	-0.422512
2019-10-11.16:05:20	154.031	2499.07	-2.63386	-0.622936
2019-10-11.16:05:21	153.972	2497.58	-2.22136	-0.819911
2019-10-11.16:05:22	154.033	2495.56	-1.65866	-0.990385
2019-10-11.16:05:23	154.074	2493.48	-1.2137	-0.66546
2019-10-11.16:05:24	153.956	2492.14	-1.03503	-0.381973
2019-10-11.16:05:25	153.686	2491.54	-0.892381	-0.101225
2019-10-11.16:05:26	153.294	2491.64	-0.642386	0.147052
2019-10-11.16:05:27	152.821	2492.33	-0.44168	0.257164
2019-10-11.16:05:28	152.415	2492.99	-0.405212	0.0569236
2019-10-11.16:05:29	152.125	2493.14	-0.368918	-0.135398
2019-10-11.16:05:30	151.966	2492.73	-0.237996	-0.355623
2019-10-11.16:05:31	151.951	2491.72	-0.133544	-0.591695
2019-10-11.16:05:32	152.056	2490.1	-0.12482	-0.67266
2019-10-11.16:05:33	152.072	2488.6	-0.0911901	-0.371456
2019-10-11.16:05:34	151.951	2487.79	-0.0208209	-0.11873
2019-10-11.16:05:35	151.709	2487.62	0.0081761	0.120195
2019-10-11.16:05:36	151.36	2488.04	-0.0028756	0.338972
2019-10-11.16:05:37	150.923	2488.98	0.0070811	0.481614
2019-10-11.16:05:38	150.539	2489.96	0.024947	0.268501
2019-10-11.16:05:39	150.289	2490.42	0.0301703	0.0640203
2019-10-11.16:05:40	150.171	2490.3	0.0358107	-0.160908
2019-10-11.16:05:41	150.184	2489.58	0.0473116	-0.394094
2019-10-11.16:05:42	150.321	2488.25	0.0565092	-0.596278
2019-10-11.16:05:43	150.436	2486.76	0.080021	-0.31037
2019-10-11.16:05:44	150.408	2485.9	0.0987447	-0.0687211
2019-10-11.16:05:45	150.251	2485.67	0.0843671	0.171891
2019-10-11.16:05:46	149.978	2486.04	0.0717966	0.397949
2019-10-11.16:05:47	149.609	2486.94	0.0837665	0.596368
2019-10-11.16:05:48	149.234	2488.12	0.0845558	0.43571
2019-10-11.16:05:49	148.987	2488.85	0.0594435	0.239671
2019-10-11.16:05:50	148.867	2489.02	0.0601347	0.0210945
2019-10-11.16:05:51	148.877	2488.61	0.0822455	-0.207891
2019-10-11.16:05:52	149.011	2487.61	0.0862661	-0.434187
2019-10-11.16:05:53	149.216	2486.13	0.0786542	-0.347728
2019-10-11.16:05:54	149.294	2485.02	0.102964	-0.112843
2019-10-11.16:05:55	149.245	2484.53	0.11161	0.121937
2019-10-11.16:05:56	149.075	2484.64	0.0921116	0.351361
2019-10-11.16:05:57	148.795	2485.31	0.0821604	0.564344
2019-10-11.16:05:58	148.432	2486.47	0.0938427	0.653429
2019-10-11.16:05:59	148.143	2487.56	0.0811045	0.431974
2019-10-11.16:06:00	147.981	2488.12	0.0633604	0.223534
2019-10-11.16:06:01	147.945	2488.12	0.0731842	0.0015575
2019-10-11.16:06:02	148.033	2487.54	0.089476	-0.223148
2019-10-11.16:06:03	148.234	2486.4	0.08512	-0.436088
2019-10-11.16:06:04	148.448	2484.97	0.0876459	-0.226582
2019-10-11.16:06:05	148.525	2484.06	0.111785	-0.0061087
2019-10-11.16:06:06	148.478	2483.74	0.109259	0.222782
2019-10-11.16:06:07	148.31	2484	0.0885426	0.446958
2019-10-11.16:06:08	148.037	2484.81	0.0866074	0.65404
2019-10-11.16:06:09	147.695	2486.07	0.097681	0.652375
2019-10-11.16:06:10	147.454	2487.1	0.0770092	0.445057
2019-10-11.16:06:11	147.336	2487.6	0.0629032	0.233924
2019-10-11.16:06:12	147.342	2487.54	0.0787388	0.013004
2019-10-11.16:06:13	147.468	2486.91	0.0930357	-0.206773
2019-10-11.16:06:14	147.7	2485.75	0.0838935	-0.405154
2019-10-11.16:06:15	147.926	2484.37	0.0888175	-0.179643
2019-10-11.16:06:16	148.018	2483.51	0.114066	0.0354375
2019-10-11.16:06:17	147.987	2483.23	0.109897	0.259976
2019-10-11.16:06:18	147.837	2483.52	0.0881313	0.481497
2019-10-11.16:06:19	147.58	2484.35	0.0872642	0.687311
2019-10-11.16:06:20	147.254	2485.63	0.0994849	0.689708
2019-10-11.16:06:21	147.027	2486.7	0.0781066	0.480917
[State]	Descent
2019-10-11.16:06:22	146.92	2487.23	0.0626711	0.270867
2019-10-11.16:06:23	146.936	2487.21	0.0789077	0.052005
2019-10-11.16:06:24	147.071	2486.63	0.0944683	-0.164931
2019-10-11.16:06:25	147.309	2485.52	0.0852694	-0.366098
2019-10-11.16:06:26	147.56	2484.14	0.0860477	-0.17923
2019-10-11.16:06:27	147.749	2483.2	3.85054	0.016334
2019-10-11.16:06:28	148.753	2480.56	11.9196	-2.01781
2019-10-11.16:06:29	150.744	2473.36	19.7184	-0.165247
2019-10-11.16:06:30	152.6	2467.27	27.6416	0.347972
2019-10-11.16:06:31	155.021	2460.15	30.0625	-0.480938
2019-10-11.16:06:32	157.8	2451.25	30.0664	-0.798093
2019-10-11.16:06:33	160.229	2442.99	30.0654	-0.0308658
2019-10-11.16:06:34	162.139	2436.51	30.0639	0.133592
2019-10-11.16:06:35	164.129	2429.77	30.0649	-0.429515
2019-10-11.16:06:36	166.217	2422.17	30.0643	-0.707881
2019-10-11.16:06:37	168.247	2414.17	30.0624	-0.654363
2019-10-11.16:06:38	170.114	2406.32	30.0629	-0.509621
2019-10-11.16:06:39	171.774	2399.12	30.0648	-0.273843
2019-10-11.16:06:40	173.161	2392.97	30.0654	0.0017025
2019-10-11.16:06:41	174.492	2387.07	30.0639	-0.3301
2019-10-11.16:06:42	175.873	2380.55	30.0633	-0.502058
2019-10-11.16:06:43	177.238	2373.72	30.0628	-0.547095
2019-10-11.16:06:44	178.524	2366.91	30.0627	-0.486509
2019-10-11.16:06:45	179.686	2360.42	30.0632	-0.342587
2019-10-11.16:06:46	180.685	2354.54	30.0638	-0.118053
2019-10-11.16:06:47	181.604	2349.04	30.0629	-0.33583
2019-10-11.16:06:48	182.573	2343.09	30.0623	-0.465498
2019-10-11.16:06:49	183.539	2336.85	30.0617	-0.515056
2019-10-11.16:06:50	184.467	2330.56	30.0616	-0.502123
2019-10-11.16:06:51	185.324	2324.41	30.0616	-0.428161
2019-10-11.16:06:52	186.081	2318.62	30.0618	-0.29171
2019-10-11.16:06:53	186.735	2313.39	25.812	-0.476598
2019-10-11.16:06:54	187.512	2308.24	21.15	-0.611646
2019-10-11.16:06:55	188.227	2303.38	17.9688	-0.650209
2019-10-11.16:06:56	188.881	2298.44	15.1037	-0.570514
2019-10-11.16:06:57	189.516	2293.77	12.4833	-0.770373
2019-10-11.16:06:58	190.204	2288.8	10.5752	-0.810541
2019-10-11.16:06:59	190.828	2283.82	8.98493	-0.742008
2019-10-11.16:07:00	191.378	2279.16	7.44039	-0.684501
2019-10-11.16:07:01	191.941	2274.51	6.27607	-0.850067
2019-10-11.16:07:02	192.524	2269.5	5.36316	-0.924261
2019-10-11.16:07:03	193.104	2264.3	4.4787	-0.959946
2019-10-11.16:07:04	193.673	2259.07	3.75239	-0.955014
2019-10-11.16:07:05	194.193	2253.94	3.19723	-0.907529
2019-10-11.16:07:06	194.649	2249.02	2.67474	-0.828642
2019-10-11.16:07:07	195.037	2244.42	2.22977	-0.724601
2019-10-11.16:07:08	195.341	2240.22	1.89026	-0.597096
2019-10-11.16:07:09	195.554	2236.49	1.58059	-0.454344
2019-10-11.16:07:10	195.697	2233.16	1.30926	-0.397239
2019-10-11.16:07:11	195.798	2230.07	1.10225	-0.326554
2019-10-11.16:07:12	195.855	2227.24	0.921486	-0.251024
2019-10-11.16:07:13	195.866	2224.67	0.757442	-0.171855
2019-10-11.16:07:14	195.833	2222.37	0.629788	-0.092125
2019-10-11.16:07:15	195.761	2220.34	0.521093	-0.0149136
2019-10-11.16:07:16	195.651	2218.56	0.422236	0.0585967
2019-10-11.16:07:17	195.508	2217.03	0.343658	0.12608
2019-10-11.16:07:18	195.34	2215.7	0.278004	0.185426
2019-10-11.16:07:19	195.151	2214.56	0.218459	0.235786
2019-10-11.16:07:20	194.948	2213.57	0.169999	0.26876
2019-10-11.16:07:21	194.743	2212.66	0.129805	0.287245
2019-10-11.16:07:22	194.543	2211.78	0.0942707	0.294867
2019-10-11.16:07:23	194.352	2210.91	0.0646642	0.291992
2019-10-11.16:07:24	194.175	2210.01	0.0402124	0.279101
2019-10-11.16:07:25	194.018	2209.04	0.0187522	0.257142
2019-10-11.16:07:26	193.884	2207.98	0.000672	0.227235
2019-10-11.16:07:27	193.775	2206.81	-0.0142048	0.190601
2019-10-11.16:07:28	193.693	2205.5	-0.0271355	0.148706
2019-10-11.16:07:29	193.639	2204.04	-0.0381163	0.103096
2019-10-11.16:07:30	193.613	2202.42	-0.0471333	0.0553035
2019-10-11.16:07:31	193.615	2200.63	-0.0548801	0.0068984
2019-10-11.16:07:32	193.642	2198.69	-0.0614844	-0.0405955
2019-10-11.16:07:33	193.663	2196.74	-0.0606501	0.101308
2019-10-11.16:07:34	193.599	2195.29	-0.0608031	0.261436
2019-10-11.16:07:35	193.452	2194.38	-0.0716545	0.418513
2019-10-11.16:07:36	193.23	2193.97	-0.0732094	0.566562
2019-10-11.16:07:37	192.945	2194.04	-0.0727869	0.700946
2019-10-11.16:07:38	192.607	2194.52	-0.078794	0.819051
2019-10-11.16:07:39	192.229	2195.36	-0.0810806	0.917272
2019-10-11.16:07:40	191.864	2196.27	-0.0884467	0.787082
2019-10-11.16:07:41	191.592	2196.73	-0.0946486	0.6415
2019-10-11.16:07:42	191.418	2196.68	-0.0899467	0.481374
2019-10-11.16:07:43	191.343	2196.06	-0.0925295	0.313063
2019-10-11.16:07:44	191.363	2194.88	-0.0969592	0.142693
2019-10-11.16:07:45	191.434	2193.33	-0.0852715	0.292293
2019-10-11.16:07:46	191.387	2192.42	-0.0723204	0.527994
2019-10-11.16:07:47	191.214	2192.29	-0.0880332	0.763433
2019-10-11.16:07:48	190.924	2192.93	-0.0872387	0.987786
2019-10-11.16:07:49	190.585	2194.04	-0.0896081	0.828471
2019-10-11.16:07:50	190.385	2194.45	-0.110504	0.577592
2019-10-11.16:07:51	190.335	2194.01	-0.0984753	0.313999
2019-10-11.16:07:52	190.429	2192.7	-0.0913485	0.240806
2019-10-11.16:07:53	190.439	2191.7	-0.075323	0.581746
2019-10-11.16:07:54	190.28	2191.74	-0.0795821	0.893359
2019-10-11.16:07:55	189.967	2192.77	-0.0896968	0.990545
2019-10-11.16:07:56	189.746	2193.51	-0.112198	0.633403
2019-10-11.16:07:57	189.717	2193.14	-0.104047	0.296147
2019-10-11.16:07:58	189.839	2191.81	-0.0849538	0.402462
2019-10-11.16:07:59	189.8	2191.25	-0.0665086	0.774329
2019-10-11.16:08:00	189.562	2191.93	-0.0848242	1.12937
2019-10-11.16:08:01	189.306	2192.96	-0.115241	0.702745
2019-10-11.16:08:02	189.274	2192.73	-0.110738	0.309909
2019-10-11.16:08:03	189.41	2191.44	-0.0795397	0.462182
2019-10-11.16:08:04	189.356	2191.08	-0.0610215	0.881547
2019-10-11.16:08:05	189.084	2192.07	-0.0910537	1.01783
2019-10-11.16:08:06	188.924	2192.71	-0.128005	0.543598
2019-10-11.16:08:07	188.757	2192.52	-4.43309	3.06619
2019-10-11.16:08:08	186.343	2201.51	-13.359	2.42074
2019-10-11.16:08:09	182.68	2214.2	-22.3249	1.99192
2019-10-11.16:08:10	178.46	2226.96	-30.0039	4.07038
2019-10-11.16:08:11	174.253	2239.07	-30.0811	6.43358
2019-10-11.16:08:12	170.494	2252.07	-30.1004	5.19771
2019-10-11.16:08:13	166.194	2266.48	-30.0676	2.80004
2019-10-11.16:08:14	162.125	2279.07	-30.068	5.47469
2019-10-11.16:08:15	158.978	2290.92	-30.0961	5.78836
2019-10-11.16:08:16	155.171	2304.83	-30.0742	4.57737
2019-10-11.16:08:17	152.221	2315.88	-30.0904	6.02697
2019-10-11.16:08:18	148.737	2329.2	-30.0852	5.97481
2019-10-11.16:08:19	145.879	2341.27	-30.0827	5.22194
2019-10-11.16:08:20	143.264	2351.77	-30.0905	5.98471
2019-10-11.16:08:21	140.548	2362.95	-30.0926	6.23322
2019-10-11.16:08:22	137.959	2374.1	-30.0918	6.21875
2019-10-11.16:08:23	135.64	2384.46	-30.0895	5.9201
2019-10-11.16:08:24	133.736	2393.37	-30.0864	5.30657
2019-10-11.16:08:25	132.371	2400.31	-30.0824	4.42644
2019-10-11.16:08:26	131.403	2405.41	-30.0864	4.47991
2019-10-11.16:08:27	130.469	2410.25	-30.086	4.38683
2019-10-11.16:08:28	129.671	2414.75	-30.0843	4.22637
2019-10-11.16:08:29	129.053	2418.63	-29.505	3.97719
2019-10-11.16:08:30	128.558	2422.21	-22.1591	3.85663
2019-10-11.16:08:31	127.812	2427.07	-15.0753	4.27457
2019-10-11.16:08:32	127.057	2432.76	-11.9772	3.54247
2019-10-11.16:08:33	126.748	2437.19	-10.4745	3.35522
2019-10-11.16:08:34	126.624	2440.62	-8.54412	3.03467
2019-10-11.16:08:35	126.74	2443.29	-5.8324	2.53746
2019-10-11.16:08:36	127.028	2445.26	-3.78478	2.221
2019-10-11.16:08:37	127.38	2446.79	-3.2537	2.17258
2019-10-11.16:08:38	127.777	2448.22	-3.2766	2.21102
2019-10-11.16:08:39	128.092	2449.73	-2.57965	2.26646
2019-10-11.16:08:40	128.395	2451.43	-1.34333	2.28497
2019-10-11.16:08:41	128.61	2453.33	-0.679083	2.40735
2019-10-11.16:08:42	128.74	2455.56	-0.885082	2.5864
2019-10-11.16:08:43	128.781	2458.19	-1.11083	2.78309
2019-10-11.16:08:44	128.761	2461.12	-0.718959	2.5518
2019-10-11.16:08:45	128.935	2463.54	-0.128562	2.2284
2019-10-11.16:08:46	129.236	2465.29	0.0006892	1.96235
[State]	Climb
2019-10-11.16:08:47	129.667	2466.52	-0.28575	1.73837
2019-10-11.16:08:48	130.165	2467.34	-0.392538	1.57761
2019-10-11.16:08:49	130.707	2467.89	-0.0953698	1.45741
2019-10-11.16:08:50	131.269	2468.28	0.19389	1.39677
2019-10-11.16:08:51	131.792	2468.67	0.121855	1.42172
2019-10-11.16:08:52	132.266	2469.22	-0.0997178	1.50653
2019-10-11.16:08:53	132.635	2470.06	-0.085278	1.64966
2019-10-11.16:08:54	132.907	2471.31	0.134625	1.8168
2019-10-11.16:08:55	133.057	2472.99	0.224663	1.89186
2019-10-11.16:08:56	133.265	2474.64	0.0647823	1.63185
2019-10-11.16:08:57	133.568	2475.85	-0.0625515	1.45449
2019-10-11.16:08:58	133.935	2476.71	0.0412554	1.30571
2019-10-11.16:08:59	134.357	2477.29	0.195338	1.1902
2019-10-11.16:09:00	134.792	2477.7	0.172301	1.1337
2019-10-11.16:09:01	135.221	2478.06	0.0453211	1.12652
2019-10-11.16:09:02	135.605	2478.5	0.0291748	1.17069
2019-10-11.16:09:03	135.934	2479.11	0.133749	1.24831
2019-10-11.16:09:04	136.187	2479.98	0.183579	1.36434
2019-10-11.16:09:05	136.373	2481.12	0.112181	1.31133
2019-10-11.16:09:06	136.615	2482.1	0.0308598	1.16772
2019-10-11.16:09:07	136.901	2482.81	0.0672662	1.05916
2019-10-11.16:09:08	137.227	2483.31	0.148629	0.976038
2019-10-11.16:09:09	137.562	2483.69	0.145985	0.933145
2019-10-11.16:09:10	137.89	2484.02	0.0817075	0.927743
2019-10-11.16:09:11	138.185	2484.42	0.0681927	0.959969
2019-10-11.16:09:12	138.437	2484.94	0.118676	1.01897
2019-10-11.16:09:13	138.636	2485.65	0.144301	1.0662
2019-10-11.16:09:14	138.842	2486.39	0.0995984	0.944138
2019-10-11.16:09:15	139.077	2486.93	0.0625463	0.874709
2019-10-11.16:09:16	139.326	2487.35	0.0921721	0.827186
2019-10-11.16:09:17	139.582	2487.7	0.131575	0.80203
2019-10-11.16:09:18	139.826	2488.04	0.119059	0.805174
2019-10-11.16:09:19	140.042	2488.44	0.085512	0.835359
2019-10-11.16:09:20	140.221	2488.94	0.0881026	0.842364
2019-10-11.16:09:21	140.411	2489.42	0.108203	0.765519
2019-10-11.16:09:22	140.62	2489.79	0.109597	0.721538
2019-10-11.16:09:23	140.831	2490.08	0.0954994	0.700309
2019-10-11.16:09:24	141.03	2490.36	0.0925114	0.701122
2019-10-11.16:09:25	141.211	2490.68	0.104244	0.721052
2019-10-11.16:09:26	141.375	2491.06	0.108162	0.68689
2019-10-11.16:09:27	141.549	2491.38	0.0948591	0.653232
2019-10-11.16:09:28	141.722	2491.65	0.0900303	0.638045
2019-10-11.16:09:29	141.887	2491.91	0.100719	0.639431
2019-10-11.16:09:30	142.04	2492.2	0.106994	0.622174
2019-10-11.16:09:31	142.196	2492.46	0.0968781	0.598547
2019-10-11.16:09:32	142.347	2492.69	0.0904006	0.593043
2019-10-11.16:09:33	142.49	2492.93	0.0973801	0.574531
2019-10-11.16:09:34	142.635	2493.14	0.102365	0.560272
2019-10-11.16:09:35	142.774	2493.35	0.0984004	0.551342
2019-10-11.16:09:36	142.909	2493.54	0.0926832	0.536132
2019-10-11.16:09:37	143.04	2493.72	0.0946627	0.523337
2019-10-11.16:09:38	143.168	2493.89	0.0990325	0.514061
2019-10-11.16:09:39	143.294	2494.05	0.0980631	0.501293
2019-10-11.16:09:40	143.415	2494.2	0.0940305	0.489932
2019-10-11.16:09:41	143.532	2494.34	0.0937084	0.480409
2019-10-11.16:09:42	143.646	2494.47	0.0965528	0.470954
2019-10-11.16:09:43	143.757	2494.6	0.0970292	0.461311
2019-10-11.16:09:44	143.864	2494.72	0.0945482	0.452306
2019-10-11.16:09:45	143.967	2494.83	0.0934267	0.444038
2019-10-11.16:09:46	144.067	2494.93	0.0949159	0.436062
2019-10-11.16:09:47	144.164	2495.03	0.0957959	0.42829
2019-10-11.16:09:48	144.258	2495.13	0.0944995	0.420915
2019-10-11.16:09:49	144.349	2495.22	0.0933166	0.413947
2019-10-11.16:09:50	144.436	2495.3	0.0938921	0.407258
2019-10-11.16:09:51	144.52	2495.38	0.0946871	0.400822
2019-10-11.16:09:52	144.601	2495.46	0.0941315	0.394685
2019-10-11.16:09:53	144.68	2495.53	0.0931826	0.388833
2019-10-11.16:09:54	144.755	2495.6	0.0932476	0.383217
2019-10-11.16:09:55	144.828	2495.67	0.0938	0.377826
2019-10-11.16:09:56	144.898	2495.73	0.0936363	0.372676
2019-10-11.16:09:57	144.966	2495.79	0.0929771	0.367749
2019-10-11.16:09:58	145.031	2495.85	0.0928121	0.363019
2019-10-11.16:09:59	145.094	2495.9	0.0931256	0.358479
2019-10-11.16:10:00	145.154	2495.96	0.0931308	0.354134
2019-10-11.16:10:01	145.213	2496.01	0.092715	0.349974
2019-10-11.16:10:02	145.269	2496.06	0.0924831	0.345978
2019-10-11.16:10:03	145.323	2496.1	0.0926188	0.342141
2019-10-11.16:10:04	145.374	2496.15	0.0926721	0.338464
2019-10-11.16:10:05	145.424	2496.19	0.0924275	0.33494
2019-10-11.16:10:06	145.472	2496.23	0.0922078	0.331556
2019-10-11.16:10:07	145.519	2496.27	0.0922324	0.328305
2019-10-11.16:10:08	145.563	2496.31	0.0922793	0.325186
2019-10-11.16:10:09	145.606	2496.34	0.0921415	0.322195
2019-10-11.16:10:10	145.647	2496.38	0.091963	0.319323
2019-10-11.16:10:11	145.687	2496.41	0.0919286	0.316563
2019-10-11.16:10:12	145.725	2496.44	0.091952	0.313913
2019-10-11.16:10:13	145.761	2496.47	0.0918745	0.311371
2019-10-11.16:10:14	145.797	2496.5	0.0917403	0.308929
2019-10-11.16:10:15	145.83	2496.53	0.0916814	0.306582
2019-10-11.16:10:16	145.863	2496.55	0.0916818	0.304327
2019-10-11.16:10:17	145.894	2496.58	0.0916349	0.302162
2019-10-11.16:10:18	145.924	2496.6	0.091538	0.300084
2019-10-11.16:10:19	145.953	2496.63	0.0914742	0.298085
2019-10-11.16:10:20	145.981	2496.65	0.0914579	0.296164
2019-10-11.16:10:21	146.008	2496.67	0.0914252	0.29432
2019-10-11.16:10:22	146.034	2496.69	0.0913558	0.292547
2019-10-11.16:10:23	146.059	2496.71	0.0912968	0.290844
2019-10-11.16:10:24	146.082	2496.73	0.0912709	0.289206
2019-10-11.16:10:25	146.105	2496.75	0.0912441	0.287632
2019-10-11.16:10:26	146.127	2496.77	0.0911936	0.286119
2019-10-11.16:10:27	146.148	2496.78	0.0911428	0.284665
2019-10-11.16:10:28	146.169	2496.8	0.091113	0.283266
2019-10-11.16:10:29	146.188	2496.82	0.0910886	0.281922
2019-10-11.16:10:30	146.207	2496.83	0.0910504	0.28063
2019-10-11.16:10:31	146.225	2496.85	0.0910083	0.279387
2019-10-11.16:10:32	146.243	2496.86	0.0909783	0.278192
2019-10-11.16:10:33	146.259	2496.87	0.0909551	0.277042
2019-10-11.16:10:34	146.275	2496.89	0.090925	0.275937
2019-10-11.16:10:35	146.291	2496.9	0.0908905	0.274874
2019-10-11.16:10:36	146.306	2496.91	0.0908624	0.273851
2019-10-11.16:10:37	146.32	2496.92	0.0908403	0.272867
2019-10-11.16:10:38	146.334	2496.93	0.0908155	0.271921
2019-10-11.16:10:39	146.347	2496.94	0.0907871	0.27101
2019-10-11.16:10:40	146.36	2496.95	0.0907618	0.270134
2019-10-11.16:10:41	146.372	2496.96	0.0907411	0.26929
2019-10-11.16:10:42	146.383	2496.97	0.09072	0.268479
2019-10-11.16:10:43	146.395	2496.98	0.0906965	0.267698
2019-10-11.16:10:44	146.406	2496.99	0.0906742	0.266946
2019-10-11.16:10:45	146.416	2497	0.0906551	0.266222
2019-10-11.16:10:46	146.426	2497.01	0.0906367	0.265525
2019-10-11.16:10:47	146.436	2497.01	0.0906168	0.264854
2019-10-11.16:10:48	146.445	2497.02	0.0905974	0.264208
2019-10-11.16:10:49	146.454	2497.03	0.0905801	0.263586
2019-10-11.16:10:50	146.463	2497.04	0.0905638	0.262986
2019-10-11.16:10:51	146.471	2497.04	0.0905468	0.262409
2019-10-11.16:10:52	146.479	2497.05	0.0905299	0.261853
2019-10-11.16:10:53	146.486	2497.06	0.0905144	0.261317
2019-10-11.16:10:54	146.494	2497.06	0.0904998	0.260801
2019-10-11.16:10:55	146.501	2497.07	0.0904851	0.260303
2019-10-11.16:10:56	146.508	2497.07	0.0904703	0.259824
2019-10-11.16:10:57	146.514	2497.08	0.0904564	0.259361
2019-10-11.16:10:58	146.521	2497.08	0.0904434	0.258915
2019-10-11.16:10:59	146.527	2497.09	0.0904305	0.258485
2019-10-11.16:11:00	146.532	2497.09	0.0904176	0.258071
2019-10-11.16:11:01	146.538	2497.1	0.0904052	0.257671
2019-10-11.16:11:02	146.544	2497.1	0.0903935	0.257285
2019-10-11.16:11:03	146.549	2497.11	0.090382	0.256913
2019-10-11.16:11:04	146.554	2497.11	0.0903706	0.256553
2019-10-11.16:11:05	146.559	2497.11	0.0903596	0.256207
2019-10-11.16:11:06	146.563	2497.12	0.0903491	0.255872
2019-10-11.16:11:07	146.568	2497.12	0.0903388	0.255549
2019-10-11.16:11:08	146.572	2497.12	0.0903287	0.255237
2019-10-11.16:11:09	146.576	2497.13	0.0903188	0.254935
2019-10-11.16:11:10	146.58	2497.13	0.0903094	0.254644
2019-10-11.16:11:11	146.584	2497.13	0.0903002	0.254362
2019-10-11.16:11:12	146.588	2497.14	0.0902911	0.25409
2019-10-11.16:11:13	146.591	2497.14	0.0902822	0.253827
2019-10-11.16:11:14	146.595	2497.14	0.0902737	0.253573
2019-10-11.16:11:15	146.598	2497.15	0.0902653	0.253327
2019-10-11.16:11:16	146.601	2497.15	0.0902572	0.253089
2019-10-11.16:11:17	146.604	2497.15	0.0902492	0.252858
2019-10-11.16:11:18	146.607	2497.15	0.0902414	0.252635
2019-10-11.16:11:19	146.61	2497.16	0.0902338	0.25242
2019-10-11.16:11:20	146.613	2497.16	0.0902264	0.252211
2019-10-11.16:11:21	146.616	2497.16	0.0902191	0.252008
2019-10-11.16:11:22	146.618	2497.16	0.090212	0.251812
2019-10-11.16:11:23	146.621	2497.16	0.0902051	0.251622
[State]	Cruise
2019-10-11.16:11:24	146.623	2497.17	0.0901983	0.251438
2019-10-11.16:11:25	146.625	2497.17	0.0901917	0.251259
2019-10-11.16:11:26	146.628	2497.17	0.0901852	0.251085
2019-10-11.16:11:27	146.63	2497.17	0.0901788	0.250917
2019-10-11.16:11:28	146.632	2497.17	0.0901726	0.250754
2019-10-11.16:11:29	146.634	2497.18	0.0901665	0.250595
2019-10-11.16:11:30	146.636	2497.18	0.0901605	0.250441
2019-10-11.16:11:31	146.638	2497.18	0.0901546	0.250292
2019-10-11.16:11:32	146.639	2497.18	0.0901489	0.250146
2019-10-11.16:11:33	146.641	2497.18	0.0901432	0.250005
2019-10-11.16:11:34	146.643	2497.18	0.0901377	0.249867
2019-10-11.16:11:35	146.645	2497.18	0.0901322	0.249734
2019-10-11.16:11:36	146.646	2497.19	0.0901269	0.249603
2019-10-11.16:11:37	146.648	2497.19	0.0901216	0.249477
2019-10-11.16:11:38	146.649	2497.19	0.0901165	0.249353
2019-10-11.16:11:39	146.651	2497.19	0.0901114	0.249233
2019-10-11.16:11:40	146.652	2497.19	0.0901064	0.249115
2019-10-11.16:11:41	146.653	2497.19	0.0901015	0.249001
2019-10-11.16:11:42	146.655	2497.19	0.0900966	0.24889
2019-10-11.16:11:43	146.656	2497.19	0.0900919	0.248781
2019-10-11.16:11:44	146.657	2497.2	0.0900872	0.248675
2019-10-11.16:11:45	146.658	2497.2	0.0900825	0.248571
2019-10-11.16:11:46	146.659	2497.2	0.090078	0.248469
2019-10-11.16:11:47	146.66	2497.2	0.0900735	0.24837
2019-10-11.16:11:48	146.662	2497.2	0.090069	0.248274
2019-10-11.16:11:49	146.663	2497.2	0.0900647	0.248179
2019-10-11.16:11:50	146.664	2497.2	0.0900603	0.248086
2019-10-11.16:11:51	146.665	2497.2	0.0900561	0.247995
2019-10-11.16:11:52	146.666	2497.2	0.0900519	0.247907
2019-10-11.16:11:53	146.666	2497.2	0.0900477	0.247819
2019-10-11.16:11:54	146.667	2497.21	0.0900436	0.247734
2019-10-11.16:11:55	146.668	2497.21	0.0900395	0.24765
2019-10-11.16:11:56	146.669	2497.21	0.0900355	0.247568
2019-10-11.16:11:57	146.67	2497.21	0.0900316	0.247488
2019-10-11.16:11:58	146.671	2497.21	0.0900276	0.247409
2019-10-11.16:11:59	146.672	2497.21	0.0900238	0.247331
2019-10-11.16:12:00	146.672	2497.21	0.0900199	0.247255
2019-10-11.16:12:01	146.673	2497.21	0.0900161	0.24718
2019-10-11.16:12:02	146.674	2497.21	0.0900124	0.247106
2019-10-11.16:12:03	146.674	2497.21	0.0900086	0.247034
2019-10-11.16:12:04	146.675	2497.21	0.090005	0.246962
2019-10-11.16:12:05	146.676	2497.21	0.0900013	0.246892
2019-10-11.16:12:06	146.677	2497.21	0.0899977	0.246823
2019-10-11.16:12:07	146.677	2497.21	0.0899941	0.246754
2019-10-11.16:12:08	146.678	2497.22	0.0899905	0.246687
2019-10-11.16:12:09	146.678	2497.22	0.089987	0.246621
2019-10-11.16:12:10	146.679	2497.22	0.0899835	0.246556
2019-10-11.16:12:11	146.68	2497.22	0.08998	0.246491
2019-10-11.16:12:12	146.68	2497.22	0.0899766	0.246428
2019-10-11.16:12:13	146.681	2497.22	0.0899732	0.246365
2019-10-11.16:12:14	146.681	2497.22	0.0899698	0.246303
2019-10-11.16:12:15	146.682	2497.22	0.0899664	0.246241
2019-10-11.16:12:16	146.682	2497.22	0.0899631	0.246181
2019-10-11.16:12:17	146.683	2497.22	0.0899598	0.246121
2019-10-11.16:12:18	146.683	2497.22	0.0899565	0.246062
2019-10-11.16:12:19	146.684	2497.22	0.0899532	0.246003
2019-10-11.16:12:20	146.684	2497.22	0.08995	0.245945
2019-10-11.16:12:21	146.685	2497.22	0.0899468	0.245888
2019-10-11.16:12:22	146.685	2497.22	0.0899436	0.245831
2019-10-11.16:12:23	146.686	2497.22	0.0899404	0.245774
2019-10-11.16:12:24	146.686	2497.22	0.0899372	0.245719
2019-10-11.16:12:25	146.687	2497.22	0.0899341	0.245663
2019-10-11.16:12:26	146.687	2497.22	0.089931	0.245608
2019-10-11.16:12:27	146.688	2497.23	0.0899278	0.245554
2019-10-11.16:12:28	146.688	2497.23	0.0899248	0.2455
2019-10-11.16:12:29	146.688	2497.23	0.0899217	0.245447
2019-10-11.16:12:30	146.689	2497.23	0.0899186	0.245393
2019-10-11.16:12:31	146.689	2497.23	0.0899156	0.245341
2019-10-11.16:12:32	146.69	2497.23	0.0899126	0.245288
2019-10-11.16:12:33	146.69	2497.23	0.0899095	0.245236
2019-10-11.16:12:34	146.691	2497.23	0.0899066	0.245185
2019-10-11.16:12:35	146.691	2497.23	0.0899036	0.245133
2019-10-11.16:12:36	146.691	2497.23	0.0899006	0.245082
2019-10-11.16:12:37	146.692	2497.23	0.0898977	0.245032
2019-10-11.16:12:38	146.692	2497.23	0.0898947	0.244981
2019-10-11.16:12:39	146.692	2497.23	0.0898918	0.244931
2019-10-11.16:12:40	146.693	2497.23	0.0898889	0.244881
2019-10-11.16:12:41	146.693	2497.23	0.089886	0.244832
2019-10-11.16:12:42	146.694	2497.23	0.0898831	0.244782
2019-10-11.16:12:43	146.694	2497.23	0.0898802	0.244733
2019-10-11.16:12:44	146.694	2497.23	0.0898774	0.244684
2019-10-11.16:12:45	146.695	2497.23	0.0898745	0.244636
2019-10-11.16:12:46	146.695	2497.23	0.0898717	0.244587
2019-10-11.16:12:47	146.695	2497.23	0.0898689	0.244539
2019-10-11.16:12:48	146.696	2497.23	0.0898661	0.244491
2019-10-11.16:12:49	146.696	2497.23	0.0898632	0.244443
2019-10-11.16:12:50	146.696	2497.24	0.0898605	0.244396
2019-10-11.16:12:51	146.697	2497.24	0.0898577	0.244348
2019-10-11.16:12:52	146.697	2497.24	0.0898549	0.244301
2019-10-11.16:12:53	146.697	2497.24	0.0898521	0.244254
2019-10-11.16:12:54	146.698	2497.24	0.0898494	0.244207
2019-10-11.16:12:55	146.698	2497.24	0.0898466	0.24416
2019-10-11.16:12:56	146.698	2497.24	0.0898439	0.244113
2019-10-11.16:12:57	146.699	2497.24	0.0898412	0.244067
2019-10-11.16:12:58	146.699	2497.24	0.0898385	0.24402
2019-10-11.16:12:59	146.699	2497.24	0.0898358	0.243974
2019-10-11.16:13:00	146.7	2497.24	0.0898331	0.243927
2019-10-11.16:13:01	146.7	2497.24	0.0898304	0.243881
2019-10-11.16:13:02	146.7	2497.24	0.0898277	0.243835
2019-10-11.16:13:03	146.701	2497.24	0.089825	0.24379
2019-10-11.16:13:04	146.701	2497.24	0.0898224	0.243744
2019-10-11.16:13:05	146.701	2497.24	0.0898197	0.243698
2019-10-11.16:13:06	146.701	2497.24	0.0898171	0.243653
2019-10-11.16:13:07	146.816	2497.11	3.83509	-0.65613
2019-10-11.16:13:08	148.351	2492.7	11.9128	-2.05949
2019-10-11.16:13:09	150.087	2486.07	19.7118	0.275918
2019-10-11.16:13:10	152.028	2480.17	27.5925	-0.535608
2019-10-11.16:13:11	154.868	2471.14	30.1214	-0.0841497
2019-10-11.16:13:12	157.129	2463.98	30.1254	0.111561
2019-10-11.16:13:13	159.455	2457.02	30.1205	-0.510163
2019-10-11.16:13:14	161.869	2448.77	30.1178	-0.764613
2019-10-11.16:13:15	164.212	2440.08	30.1189	-0.655526
2019-10-11.16:13:16	166.298	2432.09	30.1205	-0.3324
2019-10-11.16:13:17	168.026	2425.39	30.1217	0.169592
2019-10-11.16:13:18	169.601	2419.38	30.1199	-0.285762
2019-10-11.16:13:19	171.266	2412.58	30.119	-0.531773
2019-10-11.16:13:20	172.924	2405.34	30.118	-0.599692
2019-10-11.16:13:21	174.493	2398.05	30.1177	-0.541149
2019-10-11.16:13:22	175.917	2391.1	30.1182	-0.382676
2019-10-11.16:13:23	177.147	2384.86	30.1189	-0.106637
2019-10-11.16:13:24	178.225	2379.27	30.1179	-0.284262
2019-10-11.16:13:25	179.364	2373.21	30.1171	-0.458746
2019-10-11.16:13:26	180.511	2366.77	30.1163	-0.534111
2019-10-11.16:13:27	181.616	2360.21	30.1158	-0.527582
2019-10-11.16:13:28	182.641	2353.79	30.1158	-0.450665
2019-10-11.16:13:29	183.551	2347.76	30.1159	-0.297177
2019-10-11.16:13:30	184.322	2342.3	30.1158	-0.248276
2019-10-11.16:13:31	185.111	2336.75	30.1149	-0.420133
2019-10-11.16:13:32	185.926	2330.83	30.1141	-0.508459
2019-10-11.16:13:33	186.718	2324.91	25.2935	-0.473031
2019-10-11.16:13:34	187.465	2319.91	20.8624	-0.871143
2019-10-11.16:13:35	188.341	2314.18	17.7585	-0.961041
2019-10-11.16:13:36	189.158	2308.23	14.8985	-0.89906
2019-10-11.16:13:37	189.891	2302.82	12.2601	-0.706943
2019-10-11.16:13:38	190.491	2298.19	10.4188	-0.841005
2019-10-11.16:13:39	191.172	2292.91	8.85514	-1.08172
2019-10-11.16:13:40	191.945	2286.93	7.3799	-1.26958
2019-10-11.16:13:41	192.765	2280.49	6.25305	-1.36947
2019-10-11.16:13:42	193.565	2273.83	5.31917	-1.3977
[State]	Descent
2019-10-11.16:13:43	194.328	2267.16	4.43559	-1.37606
2019-10-11.16:13:44	195.032	2260.67	3.73671	-1.30206
2019-10-11.16:13:45	195.639	2254.51	3.17345	-1.18039
2019-10-11.16:13:46	196.14	2248.82	2.6468	-1.02454
2019-10-11.16:13:47	196.527	2243.72	2.21834	-0.841153
2019-10-11.16:13:48	196.786	2239.3	1.87686	-0.635053
2019-10-11.16:13:49	196.916	2235.61	1.5632	-0.441323
2019-10-11.16:13:50	196.991	2232.32	1.29846	-0.472786
2019-10-11.16:13:51	197.068	2229	1.09556	-0.477988
2019-10-11.16:13:52	197.144	2225.68	0.915954	-0.478938
2019-10-11.16:13:53	197.212	2222.37	0.754497	-0.474262
2019-10-11.16:13:54	197.273	2219.08	0.628888	-0.465403
2019-10-11.16:13:55	197.326	2215.82	0.520072	-0.453285
2019-10-11.16:13:56	197.367	2212.62	0.42213	-0.437488
2019-10-11.16:13:57	197.397	2209.48	0.344574	-0.419098
2019-10-11.16:13:58	197.405	2206.45	0.280417	-0.299514
2019-10-11.16:13:59	197.33	2203.91	0.22542	-0.135501
2019-10-11.16:14:00	197.172	2201.93	0.17291	0.0249658
2019-10-11.16:14:01	196.938	2200.48	0.132332	0.176212
2019-10-11.16:14:02	196.64	2199.52	0.0988388	0.313954
2019-10-11.16:14:03	196.288	2199	0.0671912	0.435255
2019-10-11.16:14:04	195.895	2198.85	0.0419878	0.537263
2019-10-11.16:14:05	195.474	2199	0.0214469	0.61768
2019-10-11.16:14:06	195.04	2199.37	0.0022666	0.675345
2019-10-11.16:14:07	194.605	2199.89	-0.0134362	0.709583
2019-10-11.16:14:08	194.187	2200.43	-0.0273615	0.679536
2019-10-11.16:14:09	193.818	2200.81	-0.040336	0.619589
2019-10-11.16:14:10	193.507	2200.94	-0.04847	0.540046
2019-10-11.16:14:11	193.261	2200.77	-0.056522	0.444494
2019-10-11.16:14:12	193.082	2200.24	-0.0644159	0.336749
2019-10-11.16:14:13	192.974	2199.33	-0.0695772	0.220454
2019-10-11.16:14:14	192.936	2198.02	-0.0741709	0.0995015
2019-10-11.16:14:15	192.966	2196.31	-0.0784058	0.033409
2019-10-11.16:14:16	192.952	2194.75	-0.0660544	0.275329
2019-10-11.16:14:17	192.825	2193.9	-0.0706727	0.486037
2019-10-11.16:14:18	192.592	2193.75	-0.0819527	0.689217
2019-10-11.16:14:19	192.265	2194.24	-0.0767905	0.877395
2019-10-11.16:14:20	191.879	2195.24	-0.0825675	0.825184
2019-10-11.16:14:21	191.595	2195.81	-0.105051	0.615206
2019-10-11.16:14:22	191.444	2195.63	-0.0940476	0.389703
2019-10-11.16:14:23	191.428	2194.68	-0.0902861	0.156797
2019-10-11.16:14:24	191.49	2193.18	-0.0914521	0.321899
2019-10-11.16:14:25	191.412	2192.43	-0.070434	0.608098
2019-10-11.16:14:26	191.183	2192.64	-0.0826194	0.89224
2019-10-11.16:14:27	190.829	2193.7	-0.094369	0.888387
2019-10-11.16:14:28	190.595	2194.29	-0.109059	0.578059
2019-10-11.16:14:29	190.54	2193.84	-0.100917	0.263716
2019-10-11.16:14:30	190.632	2192.47	-0.0897518	0.343891
2019-10-11.16:14:31	190.578	2191.79	-0.0688261	0.702098
2019-10-11.16:14:32	190.334	2192.3	-0.0835457	1.05563
2019-10-11.16:14:33	190.028	2193.4	-0.111136	0.730278
2019-10-11.16:14:34	189.933	2193.36	-0.113866	0.356025
2019-10-11.16:14:35	190.038	2192.14	-0.089548	0.319255
2019-10-11.16:14:36	190.011	2191.44	-0.0628264	0.752797
2019-10-11.16:14:37	189.761	2192.12	-0.0840028	1.12128
2019-10-11.16:14:38	189.514	2193.07	-0.123515	0.63118
2019-10-11.16:14:39	189.514	2192.61	-0.111665	0.199697
2019-10-11.16:14:40	189.623	2191.36	-0.0653646	0.57649
2019-10-11.16:14:41	189.482	2191.45	-0.064385	1.03374
2019-10-11.16:14:42	189.195	2192.62	-0.116757	0.764195
2019-10-11.16:14:43	189.144	2192.57	-0.128904	0.298284
2019-10-11.16:14:44	189.282	2191.31	-0.0704627	0.526494
2019-10-11.16:14:45	189.181	2191.22	-0.0512657	1.01902
2019-10-11.16:14:46	188.903	2192.4	-0.117606	0.778381
2019-10-11.16:14:47	188.866	2192.34	-0.138727	0.276129
2019-10-11.16:14:48	189.255	2189.9	-0.115169	-1.01272
2019-10-11.16:14:49	190.189	2183.9	-0.112706	-0.901939
2019-10-11.16:14:50	190.775	2179.26	-0.0383706	-0.892594
2019-10-11.16:14:51	191.651	2173.29	-0.165198	-1.56386
2019-10-11.16:14:52	192.355	2167.35	-0.0650508	-0.503898
2019-10-11.16:14:53	192.97	2162.3	-0.0814268	-1.64316
2019-10-11.16:14:54	193.761	2155.65	-0.131996	-0.723752
2019-10-11.16:14:55	194.214	2150.98	-0.0614426	-1.45952
2019-10-11.16:14:56	194.99	2144.22	-0.122245	-0.884008
2019-10-11.16:14:57	195.358	2139.56	-0.0705873	-1.38371
2019-10-11.16:14:58	196.076	2132.87	-0.126992	-0.906291
2019-10-11.16:14:59	196.389	2128.2	-0.0649517	-1.47594
2019-10-11.16:15:00	197.035	2121.54	-0.121036	-0.713106
2019-10-11.16:15:01	197.344	2116.78	-0.0896316	-1.83438
2019-10-11.16:15:02	197.815	2110.57	-0.0820121	-0.446111
2019-10-11.16:15:03	198.319	2104.78	-0.128694	-1.22724
2019-10-11.16:15:04	198.525	2099.89	-0.0871954	-2.12343
2019-10-11.16:15:05	198.833	2094.11	-0.0628058	-1.16664
2019-10-11.16:15:06	199.19	2088.04	-0.0695221	0.138609
2019-10-11.16:15:07	199.46	2082.13	-0.066969	1.2452
2019-10-11.16:15:08	199.388	2076.58	-0.0272082	2.08346
2019-10-11.16:15:09	198.593	2071.9	0.0725667	0.446761
2019-10-11.16:15:10	196.853	2068.08	0.247408	-4.07769
2019-10-11.16:15:11	194.871	2064.32	0.343982	-6.61805
2019-10-11.16:15:12	192.981	2060.35	0.354863	-7.8554
2019-10-11.16:15:13	191.236	2056.14	0.393273	-8.49783
2019-10-11.16:15:14	189.631	2051.72	0.444605	-8.73541
2019-10-11.16:15:15	188.156	2047.11	0.464843	-8.64897
2019-10-11.16:15:16	186.802	2042.34	0.487717	-8.26347
2019-10-11.16:15:17	185.559	2037.41	0.521586	-7.58384
2019-10-11.16:15:18	184.424	2032.3	0.540888	-6.60942
2019-10-11.16:15:19	183.389	2027.01	0.5492	-5.34139
2019-10-11.16:15:20	182.45	2021.53	0.555533	-3.7785
2019-10-11.16:15:21	181.602	2015.86	0.550093	-1.92908
2019-10-11.16:15:22	180.827	2009.98	0.527803	0.190115
2019-10-11.16:15:23	180.119	2003.93	0.492978	2.53585
2019-10-11.16:15:24	179.486	1997.73	0.445611	5.00935
2019-10-11.16:15:25	178.954	1991.46	0.385539	7.41597
2019-10-11.16:15:26	178.566	1985.18	0.318866	9.41152
2019-10-11.16:15:27	178.338	1978.99	0.251901	10.5821
2019-10-11.16:15:28	178.211	1972.98	0.189602	10.6103
2019-10-11.16:15:29	178.12	1967.22	0.138447	9.2572
2019-10-11.16:15:30	178.011	1961.75	0.106915	6.47323
2019-10-11.16:15:31	177.811	1956.57	0.101303	2.58065
2019-10-11.16:15:32	177.435	1951.63	0.12474	-1.76757
2019-10-11.16:15:33	176.868	1946.83	0.178072	-5.93188
2019-10-11.16:15:34	176.219	1942.01	0.257502	-9.30392
2019-10-11.16:15:35	175.611	1937.02	0.350548	-11.3818
2019-10-11.16:15:36	175.089	1931.72	0.442472	-11.9625
2019-10-11.16:15:37	174.673	1926.05	0.516772	-11.0556
2019-10-11.16:15:38	174.378	1919.99	0.560727	-8.82255
2019-10-11.16:15:39	174.187	1913.53	0.570039	-5.58844
2019-10-11.16:15:40	174.073	1906.69	0.544804	-1.86436
2019-10-11.16:15:41	173.981	1899.58	0.487253	2.05623
2019-10-11.16:15:42	173.934	1892.36	0.404226	5.85152
2019-10-11.16:15:43	174.024	1885.23	0.309972	8.86226
2019-10-11.16:15:44	174.295	1878.39	0.217728	10.2947
2019-10-11.16:15:45	174.629	1871.98	0.140379	9.67287
2019-10-11.16:15:46	174.907	1866.07	0.0907293	6.85905
2019-10-11.16:15:47	175.028	1860.62	0.0785478	2.38097
2019-10-11.16:15:48	174.87	1855.54	0.108153	-2.641
2019-10-11.16:15:49	174.457	1850.61	0.177434	-7.18814
2019-10-11.16:15:50	173.972	1845.61	0.275348	-10.4036
2019-10-11.16:15:51	173.56	1840.3	0.380886	-11.8128
2019-10-11.16:15:52	173.244	1834.58	0.472427	-11.3788
2019-10-11.16:15:53	173.059	1828.42	0.531444	-9.31435
2019-10-11.16:15:54	172.984	1821.8	0.549979	-6.01188
2019-10-11.16:15:55	172.991	1814.78	0.528938	-2.10215
2019-10-11.16:15:56	173.014	1807.47	0.47199	1.99627
2019-10-11.16:15:57	173.076	1800.04	0.387335	5.92299
2019-10-11.16:15:58	173.27	1792.76	0.291824	9.01011
2019-10-11.16:15:59	173.575	1786.1	0.204984	10.4401
2019-10-11.16:16:00	173.836	1780.39	0.130109	9.71435
2019-10-11.16:16:01	173.939	1775.74	0.0808785	6.6843
2019-10-11.16:16:02	173.776	1772.09	0.0769622	1.96168
2019-10-11.16:16:03	173.217	1769.29	0.122853	-3.1808
2019-10-11.16:16:04	172.361	1767.03	0.210821	-7.56385
2019-10-11.16:16:05	171.447	1764.96	0.325719	-10.1097
2019-10-11.16:16:06	170.606	1762.76	0.440783	-10.2986
2019-10-11.16:16:07	169.903	1760.25	0.519777	-8.14705
[State]	Landing
2019-10-11.16:16:08	169.347	1757.36	0.540105	-4.05297
2019-10-11.16:16:09	168.892	1754.07	0.499935	1.02958
2019-10-11.16:16:10	168.477	1750.6	0.405325	6.24927
2019-10-11.16:16:11	168.249	1747.38	0.279504	10.2878
2019-10-11.16:16:12	168.282	1744.9	0.155829	11.4033
2019-10-11.16:16:13	168.298	1743.47	0.0709278	8.50177
2019-10-11.16:16:14	168.023	1743.12	0.0588974	2.29622
2019-10-11.16:16:15	167.195	1743.53	0.133952	-4.33167
2019-10-11.16:16:16	166.131	1744	0.276683	-8.59116
2019-10-11.16:16:17	165.227	1743.85	0.422468	-8.85646
2019-10-11.16:16:18	164.61	1742.75	0.499817	-5.28216
2019-10-11.16:16:19	164.238	1740.68	0.476642	0.723816
2019-10-11.16:16:20	163.984	1738.06	0.36617	6.95275
2019-10-11.16:16:21	164.02	1735.68	0.213984	10.9996
2019-10-11.16:16:22	164.295	1734.4	0.0801523	10.3191
2019-10-11.16:16:23	164.342	1734.56	0.0274178	4.32693
2019-10-11.16:16:24	163.729	1735.8	0.0923781	-3.24472
2019-10-11.16:16:25	162.759	1737.09	0.25001	-7.86416
2019-10-11.16:16:26	162.024	1737.43	0.398636	-7.21563
2019-10-11.16:16:27	161.677	1736.44	0.443598	-2.1553
2019-10-11.16:16:28	161.564	1734.38	0.369573	4.48988
2019-10-11.16:16:29	161.69	1732.18	0.218997	9.68541
2019-10-11.16:16:30	162.148	1730.97	0.0681543	10.1937
2019-10-11.16:16:31	162.425	1731.32	-0.0040252	4.77088
2019-10-11.16:16:32	162.022	1732.87	0.0514087	-2.71514
2019-10-11.16:16:33	161.235	1734.45	0.206475	-7.04813
2019-10-11.16:16:34	160.702	1734.92	0.346057	-5.75932
2019-10-11.16:16:35	160.57	1733.93	0.373146	-0.281196
2019-10-11.16:16:36	160.649	1731.98	0.282256	6.06823
2019-10-11.16:16:37	161.026	1730.19	0.12939	9.97123
2019-10-11.16:16:38	161.588	1729.69	9.39e-05	8.30679
2019-10-11.16:16:39	161.744	1730.75	-0.0256538	1.6103
2019-10-11.16:16:40	161.198	1732.58	0.0772813	-4.85732
2019-10-11.16:16:41	160.575	1733.88	0.238896	-6.59923
2019-10-11.16:16:42	160.337	1733.77	0.333174	-3.05089
2019-10-11.16:16:43	160.396	1732.32	0.304188	3.08449
2019-10-11.16:16:44	160.668	1730.43	0.178101	8.46543
2019-10-11.16:16:45	161.255	1729.34	0.0320913	9.5816
2019-10-11.16:16:46	161.699	1729.79	-0.0468897	4.79839
2019-10-11.16:16:47	161.472	1731.47	-0.0002798	-2.27965
2019-10-11.16:16:48	160.843	1733.18	0.14892	-6.37979
2019-10-11.16:16:49	160.446	1733.78	0.286074	-4.96387
2019-10-11.16:16:50	160.428	1732.89	0.31412	0.405557
2019-10-11.16:16:51	160.606	1731.11	0.227223	6.41981
2019-10-11.16:16:52	161.076	1729.58	0.0825466	9.73063
2019-10-11.16:16:53	161.66	1729.35	-0.0339956	7.44074
2019-10-11.16:16:54	161.769	1730.61	-0.0443111	0.719217
2019-10-11.16:16:55	161.229	1732.48	0.0690134	-5.19594
2019-10-11.16:16:56	160.676	1733.68	0.228021	-6.22489
2019-10-11.16:16:57	160.508	1733.45	0.311933	-2.28388
2019-10-11.16:16:58	160.598	1731.97	0.275068	3.7989
2019-10-11.16:16:59	160.906	1730.17	0.148066	8.79595
2019-10-11.16:17:00	161.5	1729.26	0.008883	9.29034
2019-10-11.16:17:01	161.888	1729.87	-0.0576437	4.09394
2019-10-11.16:17:02	161.59	1731.61	0.0009137	-2.84081
2019-10-11.16:17:03	160.956	1733.27	0.15453	-6.48881
2019-10-11.16:17:04	160.58	1733.75	0.287161	-4.69406
2019-10-11.16:17:05	160.564	1732.79	0.308636	0.801429
2019-10-11.16:17:06	160.736	1730.99	0.217771	6.74597
2019-10-11.16:17:07	161.206	1729.51	0.0736792	9.81719
2019-10-11.16:17:08	161.763	1729.36	-0.0387836	7.2515
2019-10-11.16:17:09	161.827	1730.66	-0.0434555	0.441543
2019-10-11.16:17:10	161.257	1732.53	0.074296	-5.37306
2019-10-11.16:17:11	160.698	1733.69	0.233791	-6.22934
2019-10-11.16:17:12	160.526	1733.41	0.315084	-2.17118
2019-10-11.16:17:13	160.607	1731.9	0.275337	3.94624
2019-10-11.16:17:14	160.912	1730.1	0.146685	8.90152
