DateTime	AltitudeTape:altitude	AirspeedTape:airspeed	HeadingIndicator:heading	AttitudeIndicator:roll
[State]	Standing
2019-10-14.09:35:29	0.474726	1654.61	-0.0010306	0.0033878
[State]	Taxiing
2019-10-14.09:35:30	0.0697241	1654.77	-0.0293537	0.357484
2019-10-14.09:35:31	0.110837	1654.78	-0.0431497	-0.211024
2019-10-14.09:35:32	2.21836	1654.79	-0.137093	-0.0126075
2019-10-14.09:35:33	5.76195	1654.79	-0.179596	0.182399
2019-10-14.09:35:34	9.64803	1654.79	-0.198347	0.259634
2019-10-14.09:35:35	13.5544	1654.79	-0.280961	0.308572
2019-10-14.09:35:36	17.3729	1654.79	-0.52969	0.376119
2019-10-14.09:35:37	21.1359	1654.79	-0.907562	0.500027
2019-10-14.09:35:38	24.8354	1654.79	-1.27956	0.585927
2019-10-14.09:35:39	28.4594	1654.8	-1.57068	0.624382
2019-10-14.09:35:40	32.0135	1654.8	-1.74564	0.636015
2019-10-14.09:35:41	35.4527	1654.8	-1.91372	0.676615
2019-10-14.09:35:42	38.7594	1654.8	-2.05023	0.715643
2019-10-14.09:35:43	41.9455	1654.81	-2.13466	0.750983
2019-10-14.09:35:44	45.0359	1654.81	-2.16801	0.790854
2019-10-14.09:35:45	48.0613	1654.82	-2.15483	0.840069
2019-10-14.09:35:46	51.0508	1654.82	-2.08225	0.901555
2019-10-14.09:35:47	54.0268	1654.82	-1.97118	0.963795
2019-10-14.09:35:48	57.0046	1654.83	-1.83339	1.02533
2019-10-14.09:35:49	59.9949	1654.83	-1.67502	1.08735
2019-10-14.09:35:50	63.0054	1654.84	-1.49972	1.15057
2019-10-14.09:35:51	66.0417	1654.84	-1.30978	1.21518
2019-10-14.09:35:52	69.1082	1654.85	-1.10694	1.2811
2019-10-14.09:35:53	72.2077	1654.86	-0.892658	1.34815
2019-10-14.09:35:54	75.3421	1654.86	-0.668279	1.4161
2019-10-14.09:35:55	78.5121	1654.87	-0.43513	1.48467
2019-10-14.09:35:56	81.7181	1654.88	-0.203177	1.55252
2019-10-14.09:35:57	84.9958	1654.89	-0.137403	1.61437
2019-10-14.09:35:58	88.3373	1654.92	-0.028272	2.86307
[State]	TakeOff
2019-10-14.09:35:59	91.1394	1655.6	0.0451161	11.6732
2019-10-14.09:36:00	90.9051	1662.48	5.47147	11.9191
2019-10-14.09:36:01	90.0186	1670.54	11.6523	11.5909
2019-10-14.09:36:02	89.205	1676.9	18.5153	12.1193
2019-10-14.09:36:03	88.3674	1682.06	26.3426	12.8594
2019-10-14.09:36:04	87.7202	1685.94	30.3123	13.0081
2019-10-14.09:36:05	87.2193	1688.94	30.3783	12.2469
2019-10-14.09:36:06	86.9229	1691.55	30.3756	11.5666
2019-10-14.09:36:07	86.7246	1693.93	30.3631	11.4716
2019-10-14.09:36:08	86.5465	1696.19	30.3504	11.8428
2019-10-14.09:36:09	86.3427	1698.38	30.3449	12.2971
2019-10-14.09:36:10	86.1226	1700.51	30.3475	12.5118
2019-10-14.09:36:11	85.9198	1702.55	30.3527	12.434
2019-10-14.09:36:12	85.7585	1704.51	30.3552	12.2193
2019-10-14.09:36:13	85.6394	1706.38	30.3535	12.0641
2019-10-14.09:36:14	85.5442	1708.16	30.3491	12.0594
2019-10-14.09:36:15	85.4018	1710	25.6178	12.2274
2019-10-14.09:36:16	84.8554	1713.15	19.1156	12.9385
2019-10-14.09:36:17	83.795	1718.44	12.5638	12.8034
2019-10-14.09:36:18	82.6429	1724.51	5.64051	12.9586
2019-10-14.09:36:19	81.4544	1730.59	-1.90927	13.4514
2019-10-14.09:36:20	80.4356	1736.28	-0.352094	13.1042
2019-10-14.09:36:21	79.9584	1741.02	3.11868	12.0763
2019-10-14.09:36:22	79.8902	1744.25	5.27167	12.2416
2019-10-14.09:36:23	79.7777	1746.88	4.22465	12.5918
2019-10-14.09:36:24	79.687	1749.68	0.567017	12.3236
2019-10-14.09:36:25	79.6697	1752.68	-3.07031	12.5544
[State]	Climb
2019-10-14.09:36:26	79.4429	1755.88	-3.79124	12.9999
2019-10-14.09:36:27	79.1777	1759.24	-0.975764	12.7201
2019-10-14.09:36:28	79.1231	1762.46	3.2715	12.3598
2019-10-14.09:36:29	79.1091	1765.11	5.60347	12.5187
2019-10-14.09:36:30	79.1071	1767.3	4.07626	12.6196
2019-10-14.09:36:31	79.1523	1769.64	-0.281441	12.3517
2019-10-14.09:36:32	79.2075	1772.31	-4.18713	12.8246
2019-10-14.09:36:33	78.9499	1775.32	-4.44343	13.4122
2019-10-14.09:36:34	78.6319	1778.65	-0.750409	13.053
2019-10-14.09:36:35	78.5131	1781.9	4.01075	12.7917
2019-10-14.09:36:36	78.4131	1784.54	6.51754	13.0693
2019-10-14.09:36:37	78.4235	1786.57	4.32968	12.6629
2019-10-14.09:36:38	78.6205	1788.51	-0.958546	12.2477
2019-10-14.09:36:39	78.822	1790.7	-5.31427	12.8685
2019-10-14.09:36:40	78.6617	1793.22	-5.15359	13.4888
2019-10-14.09:36:41	78.4451	1796.15	-0.611995	12.9492
2019-10-14.09:36:42	78.4149	1799.08	3.88136	12.7749
2019-10-14.09:36:43	78.336	1801.49	7.85654	13.2639
2019-10-14.09:36:44	78.3264	1803.33	5.23812	12.9396
2019-10-14.09:36:45	78.516	1805.17	-0.969694	12.2571
2019-10-14.09:36:46	78.7191	1807.28	-6.15414	13.0633
2019-10-14.09:36:47	78.506	1809.72	-6.06162	13.8198
2019-10-14.09:36:48	78.2407	1812.59	-1.14063	13.0432
2019-10-14.09:36:49	78.2378	1815.45	3.12148	12.7081
2019-10-14.09:36:50	78.187	1817.75	6.78846	13.1485
2019-10-14.09:36:51	78.2378	1819.33	6.99643	13.3927
2019-10-14.09:36:52	78.3484	1820.99	0.61687	12.5642
2019-10-14.09:36:53	78.4894	1823.2	-5.90754	13.3259
2019-10-14.09:36:54	78.1197	1825.87	-7.05279	14.6179
2019-10-14.09:36:55	77.5776	1829.09	-2.39174	13.8882
2019-10-14.09:36:56	77.3898	1832.35	1.8966	13.1549
2019-10-14.09:36:57	77.2648	1834.92	5.22004	13.3528
2019-10-14.09:36:58	77.314	1836.57	9.34033	13.4556
2019-10-14.09:36:59	77.573	1837.55	3.73307	13.0037
2019-10-14.09:37:00	77.9265	1839.09	-3.1653	12.8173
2019-10-14.09:37:01	77.8375	1841.2	-7.71383	14.5913
2019-10-14.09:37:02	77.2894	1844	-4.72381	14.6657
2019-10-14.09:37:03	76.9949	1847.2	0.211253	13.2272
2019-10-14.09:37:04	77.0018	1849.78	3.56392	13.0344
2019-10-14.09:37:05	77.1068	1851.39	7.05306	13.1467
2019-10-14.09:37:06	77.4516	1852.11	8.63588	13.5775
2019-10-14.09:37:07	77.7452	1853.15	0.976651	12.8283
2019-10-14.09:37:08	77.8355	1855.17	-5.17378	14.0402
2019-10-14.09:37:09	77.2817	1858	-7.53277	15.4123
2019-10-14.09:37:10	76.7042	1861.28	-2.58364	13.8674
2019-10-14.09:37:11	76.7404	1864.09	1.46861	12.7203
2019-10-14.09:37:12	76.9742	1865.8	4.61731	12.6011
2019-10-14.09:37:13	77.359	1866.49	8.6375	13.242
2019-10-14.09:37:14	77.7004	1866.98	5.73058	13.4193
2019-10-14.09:37:15	77.9357	1868.52	-1.27027	13.1998
2019-10-14.09:37:16	77.6424	1871.13	-7.24891	14.8813
2019-10-14.09:37:17	76.971	1874.3	-6.12022	15.0003
2019-10-14.09:37:18	76.6184	1877.49	-0.855796	13.2945
2019-10-14.09:37:19	76.784	1879.89	2.64658	12.6159
2019-10-14.09:37:20	77.0866	1881.14	5.92192	12.6846
2019-10-14.09:37:21	77.5042	1881.58	10.0974	13.5606
2019-10-14.09:37:22	77.7912	1882.34	2.90553	13.049
2019-10-14.09:37:23	77.9222	1884.27	-3.4971	13.7874
2019-10-14.09:37:24	77.4189	1887.16	-8.41358	15.2411
2019-10-14.09:37:25	76.7787	1890.38	-3.98227	14.3695
2019-10-14.09:37:26	76.6836	1893.35	0.5724	12.871
2019-10-14.09:37:27	76.8973	1895.32	3.77173	12.5903
2019-10-14.09:37:28	77.2606	1896.19	7.41021	12.9528
2019-10-14.09:37:29	77.6576	1896.55	7.85213	13.6113
2019-10-14.09:37:30	77.9168	1897.74	0.3916	12.9788
2019-10-14.09:37:31	77.823	1900.05	-5.6569	14.4683
2019-10-14.09:37:32	77.1941	1903.12	-7.33496	15.2383
2019-10-14.09:37:33	76.6906	1906.35	-2.05206	13.6773
2019-10-14.09:37:34	76.7836	1909	1.81636	12.6507
2019-10-14.09:37:35	77.0443	1910.54	4.97149	12.5863
2019-10-14.09:37:36	77.4506	1911.1	9.16176	13.3049
2019-10-14.09:37:37	77.786	1911.61	4.86691	13.267
2019-10-14.09:37:38	78.0106	1913.24	-1.94215	13.3122
2019-10-14.09:37:39	77.6506	1915.92	-7.93549	14.9734
2019-10-14.09:37:40	76.9855	1919.08	-5.50466	14.8025
2019-10-14.09:37:41	76.7157	1922.2	-0.413812	13.1143
2019-10-14.09:37:42	76.9015	1924.45	2.9798	12.5743
2019-10-14.09:37:43	77.2221	1925.57	6.34547	12.7158
2019-10-14.09:37:44	77.6411	1925.96	9.66618	13.5856
2019-10-14.09:37:45	77.9166	1926.82	2.09939	12.9492
2019-10-14.09:37:46	77.9925	1928.86	-4.16763	13.9686
2019-10-14.09:37:47	77.4435	1931.8	-7.91212	15.2546
2019-10-14.09:37:48	76.8357	1935.02	-3.35132	14.1092
2019-10-14.09:37:49	76.8101	1937.89	0.982664	12.7448
2019-10-14.09:37:50	77.0377	1939.71	4.15191	12.5542
2019-10-14.09:37:51	77.4166	1940.47	7.95483	13.0302
2019-10-14.09:37:52	77.7953	1940.84	6.85317	13.4928
2019-10-14.09:37:53	78.0529	1942.17	-0.410749	13.0085
2019-10-14.09:37:54	77.8674	1944.6	-6.4087	14.6247
2019-10-14.09:37:55	77.2177	1947.7	-6.88432	15.0955
2019-10-14.09:37:56	76.7843	1950.89	-1.47315	13.4307
2019-10-14.09:37:57	76.9207	1953.4	2.22233	12.5774
2019-10-14.09:37:58	77.2002	1954.79	5.43186	12.5745
2019-10-14.09:37:59	77.6143	1955.27	9.8412	13.3849
2019-10-14.09:38:00	77.9256	1955.88	3.8603	13.0926
2019-10-14.09:38:01	78.113	1957.64	-2.73699	13.4797
2019-10-14.09:38:02	77.6777	1960.42	-8.574	15.0671
2019-10-14.09:38:03	77.021	1963.6	-4.73048	14.5344
2019-10-14.09:38:04	76.8455	1966.63	0.10554	12.9218
2019-10-14.09:38:05	77.046	1968.73	3.40096	12.53
2019-10-14.09:38:06	77.3881	1969.71	6.90756	12.7804
2019-10-14.09:38:07	77.7976	1970.05	8.7514	13.5766
2019-10-14.09:38:08	78.0613	1971.08	1.14455	12.885
2019-10-14.09:38:09	78.0524	1973.25	-4.99034	14.1936
2019-10-14.09:38:10	77.4555	1976.25	-7.54834	15.2153
2019-10-14.09:38:11	76.9008	1979.47	-2.62374	13.8063
2019-10-14.09:38:12	76.9474	1982.21	1.4597	12.6258
2019-10-14.09:38:13	77.1923	1983.86	4.62279	12.5174
2019-10-14.09:38:14	77.5869	1984.49	8.64617	13.1362
2019-10-14.09:38:15	77.9397	1984.92	5.67553	13.3145
2019-10-14.09:38:16	78.184	1986.41	-1.32619	13.1083
2019-10-14.09:38:17	77.8938	1988.97	-7.30606	14.7854
2019-10-14.09:38:18	77.2316	1992.1	-6.09608	14.8809
2019-10-14.09:38:19	76.8926	1995.24	-0.830851	13.1741
2019-10-14.09:38:20	77.0646	1997.59	2.68955	12.5157
2019-10-14.09:38:21	77.3673	1998.81	5.99479	12.5974
2019-10-14.09:38:22	77.7855	1999.21	10.0372	13.4679
2019-10-14.09:38:23	78.0713	1999.96	2.71632	12.928
2019-10-14.09:38:24	78.1955	2001.88	-3.66483	13.7252
2019-10-14.09:38:25	77.6852	2004.75	-8.261	15.1506
2019-10-14.09:38:26	77.0542	2007.95	-3.83861	14.2037
2019-10-14.09:38:27	76.9789	2010.87	0.686981	12.7416
2019-10-14.09:38:28	77.1952	2012.78	3.9061	12.4947
2019-10-14.09:38:29	77.5594	2013.6	7.61033	12.8945
2019-10-14.09:38:30	77.9463	2013.95	7.45395	13.4898
2019-10-14.09:38:31	78.2035	2015.17	0.0492171	12.8977
2019-10-14.09:38:32	78.0765	2017.51	-5.98152	14.4477
2019-10-14.09:38:33	77.4381	2020.57	-7.17857	15.0966
2019-10-14.09:38:34	76.963	2023.76	-1.80986	13.4857
2019-10-14.09:38:35	77.0755	2026.34	2.01136	12.5366
2019-10-14.09:38:36	77.3422	2027.79	5.21178	12.5068
2019-10-14.09:38:37	77.7483	2028.31	9.52002	13.2778
2019-10-14.09:38:38	78.0666	2028.85	4.31472	13.1028
2019-10-14.09:38:39	78.2725	2030.53	-2.38901	13.3204
2019-10-14.09:38:40	77.8719	2033.24	-8.36723	14.958
2019-10-14.09:38:41	77.209	2036.4	-5.07933	14.5833
2019-10-14.09:38:42	76.9916	2039.45	-0.117956	12.9339
2019-10-14.09:38:43	77.1844	2041.6	3.24031	12.4828
2019-10-14.09:38:44	77.5144	2042.62	6.70076	12.6939
2019-10-14.09:38:45	77.9238	2042.96	9.10822	13.531
2019-10-14.09:38:46	78.1875	2043.91	1.4692	12.8402
2019-10-14.09:38:47	78.2111	2046.02	-4.71374	14.0513
2019-10-14.09:38:48	77.6294	2048.98	-7.63431	15.1787
2019-10-14.09:38:49	77.0535	2052.18	-2.87546	13.8485
2019-10-14.09:38:50	77.0759	2054.95	1.31017	12.6055
2019-10-14.09:38:51	77.3129	2056.64	4.48884	12.4772
2019-10-14.09:38:52	77.6992	2057.29	8.44987	13.0581
2019-10-14.09:38:53	78.055	2057.69	5.98328	13.3198
2019-10-14.09:38:54	78.3024	2059.12	-1.09843	13.0229
2019-10-14.09:38:55	78.0403	2061.62	-7.08002	14.6983
2019-10-14.09:38:56	77.3787	2064.72	-6.30041	14.8919
2019-10-14.09:38:57	77.0132	2067.86	-0.994213	13.1894
2019-10-14.09:38:58	77.1764	2070.23	2.58425	12.4843
2019-10-14.09:38:59	77.471	2071.47	5.87485	12.5498
2019-10-14.09:39:00	77.8848	2071.88	10.1019	13.4159
2019-10-14.09:39:01	78.1719	2072.58	2.9452	12.9191
2019-10-14.09:39:02	78.3102	2074.45	-3.48194	13.6278
2019-10-14.09:39:03	77.8143	2077.28	-8.38871	15.1006
2019-10-14.09:39:04	77.1756	2080.45	-4.02064	14.2299
[State]	Cruise
2019-10-14.09:39:05	77.0809	2083.37	0.579132	12.7338
2019-10-14.09:39:06	77.2935	2085.3	3.82197	12.4642
2019-10-14.09:39:07	77.6519	2086.13	7.49361	12.8395
2019-10-14.09:39:08	78.0407	2086.45	7.66492	13.4772
2019-10-14.09:39:09	78.297	2087.62	0.212163	12.8534
2019-10-14.09:39:10	78.1907	2089.91	-5.83272	14.3732
2019-10-14.09:39:11	77.5579	2092.93	-7.268	15.0844
2019-10-14.09:39:12	77.0697	2096.11	-1.93506	13.4953
2019-10-14.09:39:13	77.1737	2098.68	1.93571	12.5121
2019-10-14.09:39:14	77.4363	2100.15	5.13644	12.4749
2019-10-14.09:39:15	77.8394	2100.65	9.4071	13.2287
2019-10-14.09:39:16	78.1606	2101.16	4.48171	13.0974
2019-10-14.09:39:17	78.3725	2102.79	-2.26122	13.2545
2019-10-14.09:39:18	77.9856	2105.45	-8.2565	14.9054
2019-10-14.09:39:19	77.3223	2108.58	-5.21174	14.5885
2019-10-14.09:39:20	77.0907	2111.62	-0.202857	12.9257
2019-10-14.09:39:21	77.2815	2113.77	3.18186	12.4542
2019-10-14.09:39:22	77.607	2114.8	6.62809	12.6514
2019-10-14.09:39:23	78.0166	2115.12	9.22488	13.4994
2019-10-14.09:39:24	78.2809	2116.03	1.58093	12.8126
2019-10-14.09:39:25	78.3161	2118.09	-4.62012	13.987
2019-10-14.09:39:26	77.7411	2121.02	-7.67329	15.1489
2019-10-14.09:39:27	77.1598	2124.19	-2.96542	13.8463
2019-10-14.09:39:28	77.1749	2126.95	1.2606	12.5826
2019-10-14.09:39:29	77.4098	2128.64	4.44908	12.4499
2019-10-14.09:39:30	77.7932	2129.29	8.39204	13.0164
2019-10-14.09:39:31	78.1502	2129.66	6.07952	13.3044
2019-10-14.09:39:32	78.3989	2131.05	-1.02843	12.9793
2019-10-14.09:39:33	78.1463	2133.51	-7.01089	14.6522
2019-10-14.09:39:34	77.4864	2136.59	-6.37262	14.8759
2019-10-14.09:39:35	77.1143	2139.7	-1.04244	13.1731
2019-10-14.09:39:36	77.2755	2142.06	2.55894	12.4561
2019-10-14.09:39:37	77.5676	2143.3	5.84926	12.519
2019-10-14.09:39:38	77.9801	2143.68	10.1098	13.3821
2019-10-14.09:39:39	78.2675	2144.35	2.99347	12.8953
2019-10-14.09:39:40	78.4096	2146.19	-3.44538	13.583
2019-10-14.09:39:41	77.918	2148.99	-8.42163	15.0663
2019-10-14.09:39:42	77.3963	2152.17	-1.97836	14.0284
2019-10-14.09:39:43	77.8039	2154.86	2.57853	12.8364
2019-10-14.09:39:44	78.8738	2156.04	0.0800952	12.6242
2019-10-14.09:39:45	80.361	2156.36	-10.3947	11.6721
2019-10-14.09:39:46	82.3467	2156.17	-18.8649	13.1185
2019-10-14.09:39:47	83.9824	2155.74	-27.1227	15.3845
2019-10-14.09:39:48	85.4925	2154.79	-29.4365	14.9529
2019-10-14.09:39:49	87.1567	2153.99	-29.4009	11.3877
2019-10-14.09:39:50	88.9533	2153.43	-29.3969	8.77367
2019-10-14.09:39:51	90.2893	2153.51	-29.3725	8.98645
2019-10-14.09:39:52	91.1187	2155.11	-29.3265	10.9281
2019-10-14.09:39:53	91.7721	2158.12	-29.3068	12.4118
2019-10-14.09:39:54	92.1581	2161.81	-29.3217	13.2119
2019-10-14.09:39:55	92.4699	2165.83	-29.3485	12.6793
2019-10-14.09:39:56	92.8756	2169.86	-29.3618	11.6952
2019-10-14.09:39:57	93.3796	2173.84	-29.3588	11.0648
2019-10-14.09:39:58	93.8534	2177.89	-29.3483	11.2255
2019-10-14.09:39:59	94.209	2182.23	-29.3394	11.6551
2019-10-14.09:40:00	94.433	2186.92	-25.6719	12.046
2019-10-14.09:40:01	94.514	2192.43	-20.8926	11.7691
2019-10-14.09:40:02	94.4161	2198.69	-16.0204	11.7618
2019-10-14.09:40:03	94.1255	2205.61	-10.7802	12.0337
2019-10-14.09:40:04	93.7243	2213.02	-4.9853	12.4445
2019-10-14.09:40:05	93.2714	2220.7	1.34507	12.8054
2019-10-14.09:40:06	92.812	2228.38	1.95669	12.9687
2019-10-14.09:40:07	92.4712	2236.02	-0.320985	12.8106
2019-10-14.09:40:08	92.233	2243.45	-1.68502	12.7371
2019-10-14.09:40:09	92.0668	2250.55	-0.902921	12.4795
2019-10-14.09:40:10	92.1284	2257.21	1.18095	12.0443
2019-10-14.09:40:11	92.2949	2263.26	2.49067	11.8126
2019-10-14.09:40:12	92.5562	2268.83	1.70605	11.6702
2019-10-14.09:40:13	92.8939	2274.34	-0.448637	11.6862
2019-10-14.09:40:14	93.1946	2280.08	-1.90044	11.8893
2019-10-14.09:40:15	93.3106	2286.19	-1.23906	12.1057
2019-10-14.09:40:16	93.361	2292.69	0.859857	12.1978
2019-10-14.09:40:17	93.2345	2299.44	2.31405	12.4871
2019-10-14.09:40:18	92.9708	2306.4	1.69412	12.677
2019-10-14.09:40:19	92.718	2313.58	-0.404286	12.7343
2019-10-14.09:40:20	92.4924	2320.88	-1.9458	12.8523
2019-10-14.09:40:21	92.2108	2328.19	-1.42706	12.8447
2019-10-14.09:40:22	92.0548	2335.35	0.64535	12.5698
2019-10-14.09:40:23	91.9619	2342.1	2.27358	12.4261
2019-10-14.09:40:24	91.9433	2348.41	1.88926	12.2257
2019-10-14.09:40:25	92.0998	2354.4	-0.15999	11.948
2019-10-14.09:40:26	92.4067	2360.17	-1.91652	11.854
2019-10-14.09:40:27	92.6664	2365.87	-1.66158	11.8432
2019-10-14.09:40:28	92.9699	2371.61	0.365851	11.6956
2019-10-14.09:40:29	93.2231	2377.36	2.1964	11.5931
2019-10-14.09:40:30	93.5272	2382.85	2.02068	11.1913
2019-10-14.09:40:31	94.0442	2387.93	-0.0252369	10.734
2019-10-14.09:40:32	94.8077	2392.62	-1.95127	10.3722
2019-10-14.09:40:33	95.6146	2396.99	-1.83752	10.0498
2019-10-14.09:40:34	96.6197	2401.06	0.185757	9.50685
2019-10-14.09:40:35	97.7045	2404.76	2.06497	9.31763
2019-10-14.09:40:36	98.7496	2408.33	1.87833	9.04758
2019-10-14.09:40:37	99.9299	2411.82	-0.182541	8.62146
2019-10-14.09:40:38	101.252	2415.18	-1.93969	8.35391
2019-10-14.09:40:39	102.55	2418.45	-1.52278	8.01149
2019-10-14.09:40:40	104.016	2421.57	0.539096	7.5712
2019-10-14.09:40:41	105.453	2424.53	1.92102	7.44122
2019-10-14.09:40:42	106.849	2427.49	1.10034	7.17167
2019-10-14.09:40:43	108.393	2430.33	-0.90546	6.87956
2019-10-14.09:40:44	109.926	2433.02	-1.70611	6.73257
2019-10-14.09:40:45	111.493	2435.58	-0.433884	6.38676
2019-10-14.09:40:46	113.133	2437.92	1.24104	6.22649
2019-10-14.09:40:47	114.662	2440.28	1.24264	6.04428
2019-10-14.09:40:48	116.26	2442.65	-0.311451	5.7865
2019-10-14.09:40:49	117.875	2444.97	-1.32097	5.62355
2019-10-14.09:40:50	119.458	2447.27	-0.538971	5.34747
2019-10-14.09:40:51	121.105	2449.44	0.821226	5.17119
2019-10-14.09:40:52	122.648	2451.59	0.885227	5.01103
2019-10-14.09:40:53	124.242	2453.72	-0.294809	4.7997
2019-10-14.09:40:54	125.831	2455.78	-0.945328	4.65065
2019-10-14.09:40:55	127.409	2457.78	-0.226497	4.42426
2019-10-14.09:40:56	128.995	2459.67	0.653601	4.29584
2019-10-14.09:40:57	130.51	2461.55	0.400354	4.13302
2019-10-14.09:40:58	132.077	2463.36	-0.455668	3.96986
2019-10-14.09:40:59	133.604	2465.11	-0.550184	3.82742
2019-10-14.09:41:00	135.155	2466.78	0.135035	3.66833
2019-10-14.09:41:01	136.644	2468.39	0.422768	3.55329
2019-10-14.09:41:02	138.124	2469.96	-0.0705356	3.41793
2019-10-14.09:41:03	139.602	2471.47	-0.434626	3.30011
2019-10-14.09:41:04	141.05	2472.91	-0.115177	3.16211
2019-10-14.09:41:05	142.468	2474.28	0.242708	3.06297
2019-10-14.09:41:06	143.84	2475.61	0.0439469	2.95333
2019-10-14.09:41:07	145.216	2476.89	-0.276637	2.8494
2019-10-14.09:41:08	146.554	2478.11	-0.160101	2.74242
2019-10-14.09:41:09	147.872	2479.26	0.104076	2.65649
2019-10-14.09:41:10	149.142	2480.38	0.0306871	2.56717
2019-10-14.09:41:11	150.407	2481.45	-0.18375	2.47965
2019-10-14.09:41:12	151.639	2482.47	-0.135776	2.39442
2019-10-14.09:41:13	152.845	2483.44	0.0292993	2.32197
2019-10-14.09:41:14	154.006	2484.37	-0.0112039	2.24913
2019-10-14.09:41:15	155.15	2485.26	-0.139535	2.17792
2019-10-14.09:41:16	156.26	2486.11	-0.104389	2.10885
2019-10-14.09:41:17	157.338	2486.92	-0.010976	2.04825
2019-10-14.09:41:18	158.379	2487.7	-0.0476515	1.98866
2019-10-14.09:41:19	159.399	2488.44	-0.116509	1.93121
2019-10-14.09:41:20	160.388	2489.14	-0.0825051	1.875
2019-10-14.09:41:21	161.345	2489.82	-0.0374318	1.82407
2019-10-14.09:41:22	161.324	2493.96	0.101	6.20397
2019-10-14.09:41:23	159.07	2508.95	0.189088	10.1311
2019-10-14.09:41:24	154.892	2533.92	0.0380979	13.8341
2019-10-14.09:41:25	149.103	2567.02	-0.0292668	17.1149
2019-10-14.09:41:26	142.043	2605.84	0.0739533	19.8204
2019-10-14.09:41:27	134.106	2647.72	0.114835	21.8012
2019-10-14.09:41:28	125.756	2690.01	0.0081418	22.8897
2019-10-14.09:41:29	117.534	2730.24	-0.10081	22.9458
2019-10-14.09:41:30	110.002	2766.31	-0.103233	21.8595
2019-10-14.09:41:31	103.739	2796.57	-0.0502098	19.5851
2019-10-14.09:41:32	99.3273	2819.85	-0.0516872	16.1721
2019-10-14.09:41:33	97.255	2835.41	-0.148681	11.8386
2019-10-14.09:41:34	97.7903	2842.91	-0.275015	7.01051
2019-10-14.09:41:35	100.886	2842.38	-0.308853	2.26176
2019-10-14.09:41:36	106.197	2834.28	-0.183978	-1.85681
2019-10-14.09:41:37	113.152	2819.49	0.0151429	-4.94366
2019-10-14.09:41:38	121.04	2799.4	0.109123	-6.79303
2019-10-14.09:41:39	129.169	2775.95	0.0397643	-7.40984
2019-10-14.09:41:40	136.923	2751.45	-0.032404	-6.91917
2019-10-14.09:41:41	143.763	2728.4	0.0305602	-5.49556
2019-10-14.09:41:42	149.257	2709.26	0.116531	-3.32709
[State]	StraightAndLevel
2019-10-14.09:41:43	153.132	2696.19	0.0847873	-0.604095
2019-10-14.09:41:44	155.237	2690.82	0.0231685	2.47382
2019-10-14.09:41:45	155.519	2694.08	0.047892	5.7224
2019-10-14.09:41:46	154.023	2706.09	0.0865617	8.97077
2019-10-14.09:41:47	150.903	2726.22	0.0567037	12.0506
2019-10-14.09:41:48	146.396	2753.18	0.0168591	14.8021
2019-10-14.09:41:49	140.791	2785.17	0.0260857	17.0847
2019-10-14.09:41:50	134.418	2820.16	0.0431573	18.7621
2019-10-14.09:41:51	127.661	2856.01	0.0168276	19.7037
2019-10-14.09:41:52	120.969	2890.68	-0.0345914	19.8054
2019-10-14.09:41:53	114.807	2922.39	-0.0679866	18.9937
2019-10-14.09:41:54	109.639	2949.68	-0.0769909	17.2527
2019-10-14.09:41:55	105.906	2971.44	-0.0880667	14.6465
2019-10-14.09:41:56	103.968	2986.95	-0.120132	11.3474
2019-10-14.09:41:57	104.037	2995.85	-0.15875	7.65156
2019-10-14.09:41:58	106.114	2998.12	-0.166194	3.94615
2019-10-14.09:41:59	109.982	2994.09	-0.118693	0.62552
2019-10-14.09:42:00	115.244	2984.5	-0.0397478	-1.99234
2019-10-14.09:42:01	121.39	2970.47	0.014396	-3.71587
2019-10-14.09:42:02	127.882	2953.52	0.0177117	-4.4876
2019-10-14.09:42:03	134.213	2935.44	0.008408	-4.35413
2019-10-14.09:42:04	139.935	2918.21	0.030377	-3.42033
2019-10-14.09:42:05	144.665	2903.78	0.0623854	-1.83181
2019-10-14.09:42:06	148.146	2893.86	0.0610537	0.260928
2019-10-14.09:42:07	150.217	2889.83	0.0415395	2.69892
2019-10-14.09:42:08	150.806	2892.5	0.0426056	5.32565
2019-10-14.09:42:09	149.93	2902.13	0.0548042	7.98958
2019-10-14.09:42:10	147.692	2918.36	0.0482819	10.5451
2019-10-14.09:42:11	144.264	2940.31	0.0297988	12.8557
2019-10-14.09:42:12	139.881	2966.69	0.022124	14.795
2019-10-14.09:42:13	134.813	2995.94	0.0216457	16.2437
2019-10-14.09:42:14	129.377	3026.36	0.0088055	17.0955
2019-10-14.09:42:15	123.94	3056.29	-0.0178118	17.2703
2019-10-14.09:42:16	118.879	3084.21	-0.04408	16.7167
2019-10-14.09:42:17	114.572	3108.85	-0.062351	15.4285
2019-10-14.09:42:18	111.36	3129.2	-0.0775141	13.4653
2019-10-14.09:42:19	109.525	3144.56	-0.095154	10.9585
2019-10-14.09:42:20	109.238	3154.56	-0.110666	8.11851
2019-10-14.09:42:21	110.529	3159.1	-0.110952	5.2148
2019-10-14.09:42:22	113.269	3158.43	-0.0876605	2.53213
2019-10-14.09:42:23	117.191	3153.1	-0.0490815	0.317734
2019-10-14.09:42:24	121.929	3143.99	-0.0155269	-1.254
2019-10-14.09:42:25	127.07	3132.27	0.0012365	-2.10181
2019-10-14.09:42:26	132.209	3119.37	0.0098662	-2.22428
2019-10-14.09:42:27	136.972	3106.81	0.0240017	-1.67707
2019-10-14.09:42:28	141.036	3096.15	0.0401198	-0.555796
2019-10-14.09:42:29	144.15	3088.8	0.0442954	1.01846
2019-10-14.09:42:30	146.156	3085.88	0.0389532	2.9209
2019-10-14.09:42:31	146.972	3088.16	0.0378147	5.02114
2019-10-14.09:42:32	146.589	3095.93	0.0411458	7.19033
2019-10-14.09:42:33	145.067	3109.07	0.0385111	9.30347
2019-10-14.09:42:34	142.532	3126.99	0.0290057	11.2417
2019-10-14.09:42:35	139.166	3148.78	0.0206491	12.8953
2019-10-14.09:42:36	135.183	3173.25	0.014785	14.1607
2019-10-14.09:42:37	130.842	3199.09	0.0043428	14.95
2019-10-14.09:42:38	126.439	3224.95	-0.0126167	15.1982
2019-10-14.09:42:39	122.281	3249.56	-0.0311962	14.8662
2019-10-14.09:42:40	118.67	3271.82	-0.0472835	13.951
2019-10-14.09:42:41	115.884	3290.82	-0.0612189	12.4964
2019-10-14.09:42:42	114.149	3305.9	-0.0740459	10.6023
2019-10-14.09:42:43	113.609	3316.67	-0.0829823	8.42016
2019-10-14.09:42:44	114.31	3322.99	-0.082474	6.14212
2019-10-14.09:42:45	116.184	3325.01	-0.0695239	3.97629
2019-10-14.09:42:46	119.052	3323.11	-0.0479095	2.11575
2019-10-14.09:42:47	122.654	3317.98	-0.0259222	0.709636
2019-10-14.09:42:48	126.683	3310.51	-0.0092429	-0.154505
2019-10-14.09:42:49	130.819	3301.8	0.0033478	-0.448147
2019-10-14.09:42:50	134.753	3293.06	0.0155304	-0.192319
2019-10-14.09:42:51	138.218	3285.52	0.0265122	0.555115
2019-10-14.09:42:52	140.984	3280.32	0.0322001	1.70733
2019-10-14.09:42:53	142.894	3278.43	0.0321225	3.16425
2019-10-14.09:42:54	143.858	3280.52	0.031533	4.82128
2019-10-14.09:42:55	143.849	3286.93	0.0323096	6.57071
2019-10-14.09:42:56	142.896	3297.67	0.0307892	8.30632
2019-10-14.09:42:57	141.086	3312.38	0.0251805	9.92625
2019-10-14.09:42:58	138.555	3330.44	0.0182341	11.3359
2019-10-14.09:42:59	135.468	3350.97	0.011457	12.4455
2019-10-14.09:43:00	132.034	3372.96	0.0024877	13.1816
2019-10-14.09:43:01	128.49	3395.32	-0.0096149	13.4891
2019-10-14.09:43:02	125.081	3417.03	-0.0231358	13.3353
2019-10-14.09:43:03	122.054	3437.12	-0.0360623	12.7165
2019-10-14.09:43:04	119.632	3454.8	-0.0476914	11.6638
2019-10-14.09:43:05	118.004	3469.46	-0.057591	10.248
2019-10-14.09:43:06	117.298	3480.71	-0.0640348	8.57839
2019-10-14.09:43:07	117.566	3488.37	-0.0643716	6.79499
2019-10-14.09:43:08	118.779	3492.47	-0.0572352	5.05266
2019-10-14.09:43:09	120.824	3493.3	-0.0442761	3.50044
2019-10-14.09:43:10	123.519	3491.35	-0.0293213	2.26197
2019-10-14.09:43:11	126.638	3487.31	-0.0155136	1.42233
2019-10-14.09:43:12	129.933	3482.01	-0.0035025	1.0236
2019-10-14.09:43:13	133.157	3476.4	0.0072741	1.0678
2019-10-14.09:43:14	136.082	3471.45	0.016311	1.52382
2019-10-14.09:43:15	138.516	3468.11	0.022267	2.33557
2019-10-14.09:43:16	140.304	3467.17	0.0248676	3.42668
2019-10-14.09:43:17	141.351	3469.25	0.0252703	4.7134
2019-10-14.09:43:18	141.616	3474.7	0.0251517	6.1082
2019-10-14.09:43:19	141.106	3483.61	0.0241019	7.52231
2019-10-14.09:43:20	139.875	3495.81	0.0208555	8.86941
2019-10-14.09:43:21	138.02	3510.88	0.0156435	10.0682
2019-10-14.09:43:22	135.667	3528.18	0.0091554	11.0412
2019-10-14.09:43:23	132.981	3546.95	0.0013944	11.7262
2019-10-14.09:43:24	130.148	3566.33	-0.0075536	12.0753
2019-10-14.09:43:25	127.367	3585.49	-0.0174495	12.0589
2019-10-14.09:43:26	124.834	3603.62	-0.0277317	11.6708
2019-10-14.09:43:27	122.734	3620.03	-0.0374714	10.9311
2019-10-14.09:43:28	121.224	3634.17	-0.0454709	9.8894
2019-10-14.09:43:29	120.418	3645.64	-0.0504579	8.62386
2019-10-14.09:43:30	120.374	3654.24	-0.0513842	7.23602
2019-10-14.09:43:31	121.088	3659.94	-0.0478222	5.84096
2019-10-14.09:43:32	122.494	3662.91	-0.0402875	4.554
2019-10-14.09:43:33	124.47	3663.49	-0.0301817	3.47698
2019-10-14.09:43:34	126.852	3662.19	-0.019239	2.68742
2019-10-14.09:43:35	129.449	3659.65	-0.0088192	2.23263
2019-10-14.09:43:36	132.066	3656.61	0.0003755	2.12892
2019-10-14.09:43:37	134.516	3653.83	0.0080148	2.36457
2019-10-14.09:43:38	136.631	3652.09	0.0138096	2.90495
2019-10-14.09:43:39	138.278	3652.04	0.0175852	3.6981
2019-10-14.09:43:40	139.356	3654.24	0.0194062	4.67886
2019-10-14.09:43:41	139.814	3659.04	0.019403	5.7761
2019-10-14.09:43:42	139.639	3666.6	0.0182701	6.91738
2019-10-14.09:43:43	138.864	3676.85	0.0162329	8.03039
2019-10-14.09:43:44	137.55	3689.53	0.0128182	9.04506
2019-10-14.09:43:45	135.794	3704.2	0.0074558	9.89626
2019-10-14.09:43:46	133.722	3720.29	0.0007776	10.5298
2019-10-14.09:43:47	131.479	3737.15	-0.006276	10.903
2019-10-14.09:43:48	129.223	3754.1	-0.0136408	10.9886
2019-10-14.09:43:49	127.113	3770.47	-0.0215916	10.777
2019-10-14.09:43:50	125.301	3785.67	-0.0296192	10.2796
2019-10-14.09:43:51	123.919	3799.21	-0.036391	9.52965
2019-10-14.09:43:52	123.067	3810.7	-0.0406785	8.58234
2019-10-14.09:43:53	122.807	3819.92	-0.0420049	7.51123
2019-10-14.09:43:54	123.153	3826.8	-0.0404502	6.40195
2019-10-14.09:43:55	124.07	3831.41	-0.0362028	5.34348
2019-10-14.09:43:56	125.479	3833.98	-0.0295772	4.41856
2019-10-14.09:43:57	127.264	3834.88	-0.0213718	3.69516
2019-10-14.09:43:58	129.284	3834.58	-0.0128482	3.2207
2019-10-14.09:43:59	131.385	3833.66	-0.0051072	3.01947
2019-10-14.09:44:00	133.414	3832.71	0.0014307	3.09315
2019-10-14.09:44:01	135.232	3832.35	0.0067879	3.42342
2019-10-14.09:44:02	136.719	3833.15	0.0108511	3.97576
2019-10-14.09:44:03	137.783	3835.58	0.0133252	4.70353
2019-10-14.09:44:04	138.365	3839.98	0.0141673	5.55189
2019-10-14.09:44:05	138.44	3846.55	0.01368	6.46152
2019-10-14.09:44:06	138.015	3855.3	0.0121047	7.37191
2019-10-14.09:44:07	137.132	3866.09	0.009393	8.2242
2019-10-14.09:44:08	135.859	3878.63	0.0054785	8.96393
2019-10-14.09:44:09	134.291	3892.51	0.0005471	9.5436
2019-10-14.09:44:10	132.539	3907.23	-0.0050872	9.92516
2019-10-14.09:44:11	130.727	3922.26	-0.0111955	10.0824
2019-10-14.09:44:12	128.983	3937.05	-0.0175663	10.0035
2019-10-14.09:44:13	127.432	3951.1	-0.023787	9.69225
2019-10-14.09:44:14	126.185	3963.97	-0.0292115	9.16993
2019-10-14.09:44:15	125.33	3975.32	-0.0331612	8.47449
2019-10-14.09:44:16	124.929	3984.91	-0.0351371	7.65865
2019-10-14.09:44:17	125.007	3992.63	-0.034893	6.78582
[State]	Climb
2019-10-14.09:44:18	125.552	3998.48	-0.0324315	5.92425
2019-10-14.09:44:19	126.517	4002.6	-0.0280281	5.14033
2019-10-14.09:44:20	127.822	4005.25	-0.0222492	4.49209
2019-10-14.09:44:21	129.365	4006.77	-0.0158436	4.02405
2019-10-14.09:44:22	131.027	4007.59	-0.0095158	3.76411
2019-10-14.09:44:23	132.688	4008.18	-0.0037547	3.72263
2019-10-14.09:44:24	134.23	4009.05	0.0011486	3.8933
2019-10-14.09:44:25	135.55	4010.65	0.0049879	4.25535
2019-10-14.09:44:26	136.564	4013.39	0.0076138	4.77643
2019-10-14.09:44:27	137.211	4017.59	0.0089915	5.41563
2019-10-14.09:44:28	137.459	4023.46	0.0091979	6.12664
2019-10-14.09:44:29	137.301	4031.08	0.0083257	6.8606
2019-10-14.09:44:30	136.757	4040.38	0.0064257	7.56879
2019-10-14.09:44:31	135.875	4051.2	0.0035553	8.20511
2019-10-14.09:44:32	134.721	4063.24	-0.0001626	8.72839
2019-10-14.09:44:33	133.378	4076.14	-0.0045508	9.10456
2019-10-14.09:44:34	131.944	4089.5	-0.0094114	9.30872
2019-10-14.09:44:35	130.52	4102.86	-0.0145056	9.32695
2019-10-14.09:44:36	129.208	4115.83	-0.0195057	9.15776
2019-10-14.09:44:37	128.1	4128.01	-0.0239928	8.81296
2019-10-14.09:44:38	127.274	4139.09	-0.0275199	8.3176
2019-10-14.09:44:39	126.79	4148.84	-0.0296974	7.70867
2019-10-14.09:44:40	126.68	4157.11	-0.0302609	7.03251
2019-10-14.09:44:41	126.946	4163.88	-0.0291226	6.34089
2019-10-14.09:44:42	127.565	4169.2	-0.0264069	5.68636
2019-10-14.09:44:43	128.485	4173.23	-0.0224484	5.11735
2019-10-14.09:44:44	129.634	4176.22	-0.0177228	4.67391
2019-10-14.09:44:45	130.924	4178.49	-0.0127332	4.38461
2019-10-14.09:44:46	132.26	4180.4	-0.0079135	4.26493
2019-10-14.09:44:47	133.548	4182.33	-0.0035969	4.31701
2019-10-14.09:44:48	134.7	4184.69	-2.66e-05	4.53065
2019-10-14.09:44:49	135.639	4187.8	0.0026361	4.88508
2019-10-14.09:44:50	136.308	4191.96	0.0043157	5.3512
2019-10-14.09:44:51	136.669	4197.37	0.0050093	5.89401
2019-10-14.09:44:52	136.706	4204.15	0.0047509	6.47502
2019-10-14.09:44:53	136.425	4212.31	0.0035874	7.05465
2019-10-14.09:44:54	135.852	4221.75	0.0015839	7.59438
2019-10-14.09:44:55	135.035	4232.28	-0.0011611	8.05885
2019-10-14.09:44:56	134.033	4243.66	-0.0045152	8.41776
2019-10-14.09:44:57	132.92	4255.56	-0.0083163	8.64768
2019-10-14.09:44:58	131.776	4267.66	-0.0123645	8.73352
2019-10-14.09:44:59	130.682	4279.6	-0.0164085	8.6698
2019-10-14.09:45:00	129.715	4291.07	-0.0201483	8.4614
2019-10-14.09:45:01	128.945	4301.78	-0.0232627	8.12367
2019-10-14.09:45:02	128.424	4311.52	-0.0254527	7.68168
2019-10-14.09:45:03	128.188	4320.12	-0.026487	7.1686
2019-10-14.09:45:04	128.252	4327.52	-0.0262455	6.62307
2019-10-14.09:45:05	128.606	4333.73	-0.0247511	6.08602
2019-10-14.09:45:06	129.222	4338.84	-0.0221764	5.59701
2019-10-14.09:45:07	130.05	4343.01	-0.0188139	5.19088
2019-10-14.09:45:08	131.027	4346.46	-0.0150149	4.89493
2019-10-14.09:45:09	132.081	4349.48	-0.0111282	4.72705
2019-10-14.09:45:10	133.137	4352.36	-0.0074587	4.69491
2019-10-14.09:45:11	134.121	4355.42	-0.0042502	4.79604
2019-10-14.09:45:12	134.969	4358.93	-0.0016799	5.01878
2019-10-14.09:45:13	135.624	4363.17	0.0001426	5.34374
2019-10-14.09:45:14	136.05	4368.32	0.001168	5.74555
2019-10-14.09:45:15	136.222	4374.52	0.0013906	6.19484
2019-10-14.09:45:16	136.137	4381.81	0.0008343	6.66015
2019-10-14.09:45:17	135.806	4390.17	-0.0004527	7.10989
2019-10-14.09:45:18	135.258	4399.48	-0.0023953	7.51412
2019-10-14.09:45:19	134.537	4409.58	-0.0048911	7.84626
2019-10-14.09:45:20	133.696	4420.25	-0.0078107	8.0846
2019-10-14.09:45:21	132.795	4431.21	-0.0109953	8.2137
2019-10-14.09:45:22	131.9	4442.2	-0.0142523	8.2254
2019-10-14.09:45:23	131.075	4452.96	-0.0173588	8.11957
2019-10-14.09:45:24	130.377	4463.23	-0.0200754	7.90437
2019-10-14.09:45:25	129.855	4472.82	-0.0221705	7.59587
2019-10-14.09:45:26	129.546	4481.56	-0.0234501	7.21706
2019-10-14.09:45:27	129.469	4489.37	-0.023788	6.79617
2019-10-14.09:45:28	129.627	4496.22	-0.0231511	6.36444
2019-10-14.09:45:29	130.006	4502.14	-0.0216111	5.95349
2019-10-14.09:45:30	130.576	4507.23	-0.0193349	5.59273
2019-10-14.09:45:31	131.293	4511.65	-0.0165553	5.30698
2019-10-14.09:45:32	132.104	4515.59	-0.0135324	5.11463
2019-10-14.09:45:33	132.951	4519.29	-0.0105194	5.02654
2019-10-14.09:45:34	133.775	4522.99	-0.0077382	5.04557
2019-10-14.09:45:35	134.519	4526.93	-0.0053662	5.16693
2019-10-14.09:45:36	135.135	4531.32	-0.0035307	5.37894
2019-10-14.09:45:37	135.586	4536.36	-0.00231	5.66425
2019-10-14.09:45:38	135.844	4542.17	-0.0017401	6.00131
2019-10-14.09:45:39	135.898	4548.84	-0.0018232	6.36585
2019-10-14.09:45:40	135.75	4556.37	-0.0025334	6.73255
2019-10-14.09:45:41	135.416	4564.71	-0.0038196	7.07656
2019-10-14.09:45:42	134.922	4573.77	-0.005606	7.37495
2019-10-14.09:45:43	134.308	4583.37	-0.0077931	7.60808
2019-10-14.09:45:44	133.619	4593.34	-0.0102575	7.7608
2019-10-14.09:45:45	132.904	4603.47	-0.0128518	7.8234
2019-10-14.09:45:46	132.215	4613.52	-0.0154072	7.79232
2019-10-14.09:45:47	131.601	4623.31	-0.0177417	7.67048
2019-10-14.09:45:48	131.105	4632.65	-0.0196746	7.46723
2019-10-14.09:45:49	130.762	4641.38	-0.021045	7.19777
2019-10-14.09:45:50	130.594	4649.41	-0.021733	6.88205
2019-10-14.09:45:51	130.612	4656.68	-0.0216787	6.54334
2019-10-14.09:45:52	130.813	4663.19	-0.0208934	6.20632
2019-10-14.09:45:53	131.18	4668.98	-0.019461	5.89512
2019-10-14.09:45:54	131.684	4674.16	-0.0175248	5.63142
2019-10-14.09:45:55	132.289	4678.87	-0.0152667	5.43279
2019-10-14.09:45:56	132.951	4683.27	-0.0128821	5.31148
2019-10-14.09:45:57	133.623	4687.55	-0.0105582	5.27374
2019-10-14.09:45:58	134.26	4691.91	-0.0084585	5.31967
2019-10-14.09:45:59	134.818	4696.52	-0.0067133	5.44352
2019-10-14.09:46:00	135.263	4701.56	-0.0054156	5.6344
2019-10-14.09:46:01	135.568	4707.14	-0.0046226	5.8773
2019-10-14.09:46:02	135.716	4713.37	-0.0043592	6.15421
2019-10-14.09:46:03	135.701	4720.29	-0.0046219	6.44542
2019-10-14.09:46:04	135.53	4727.87	-0.0053823	6.73078
2019-10-14.09:46:05	135.218	4736.08	-0.0065892	6.99099
2019-10-14.09:46:06	134.791	4744.8	-0.0081698	7.2087
2019-10-14.09:46:07	134.282	4753.91	-0.0100312	7.36962
2019-10-14.09:46:08	133.727	4763.25	-0.0120612	7.46341
2019-10-14.09:46:09	133.168	4772.64	-0.0141314	7.48431
2019-10-14.09:46:10	132.644	4781.92	-0.016102	7.43162
2019-10-14.09:46:11	132.193	4790.94	-0.0178312	7.30972
2019-10-14.09:46:12	131.846	4799.54	-0.0191868	7.12788
2019-10-14.09:46:13	131.628	4807.64	-0.0200608	6.89962
2019-10-14.09:46:14	131.552	4815.15	-0.0203827	6.64168
2019-10-14.09:46:15	131.622	4822.06	-0.0201303	6.37279
2019-10-14.09:46:16	131.833	4828.37	-0.0193341	6.11219
2019-10-14.09:46:17	132.167	4834.14	-0.0180738	5.87815
2019-10-14.09:46:18	132.601	4839.46	-0.0164675	5.68656
2019-10-14.09:46:19	133.102	4844.45	-0.0146564	5.54981
2019-10-14.09:46:20	133.635	4849.24	-0.0127884	5.47597
2019-10-14.09:46:21	134.164	4854	-0.0110037	5.46837
2019-10-14.09:46:22	134.653	4858.86	-0.009424	5.52561
2019-10-14.09:46:23	135.071	4863.97	-0.0081461	5.64181
2019-10-14.09:46:24	135.391	4869.46	-0.0072389	5.8073
2019-10-14.09:46:25	135.595	4875.4	-0.0067438	6.00936
2019-10-14.09:46:26	135.672	4881.87	-0.0066764	6.23323
2019-10-14.09:46:27	135.622	4888.88	-0.0070288	6.46306
2019-10-14.09:46:28	135.451	4896.42	-0.0077714	6.68301
2019-10-14.09:46:29	135.175	4904.41	-0.0088553	6.87821
2019-10-14.09:46:30	134.817	4912.78	-0.0102133	7.03567
2019-10-14.09:46:31	134.402	4921.42	-0.0117621	7.14511
2019-10-14.09:46:32	133.963	4930.2	-0.0134043	7.1996
2019-10-14.09:46:33	133.531	4938.98	-0.0150327	7.19603
2019-10-14.09:46:34	133.136	4947.62	-0.0165358	7.13526
2019-10-14.09:46:35	132.808	4956.02	-0.017806	7.02217
2019-10-14.09:46:36	132.569	4964.07	-0.018749	6.86527
2019-10-14.09:46:37	132.435	4971.69	-0.0192937	6.67608
2019-10-14.09:46:38	132.416	4978.84	-0.0194006	6.46833
2019-10-14.09:46:39	132.511	4985.5	-0.0190678	6.25688
2019-10-14.09:46:40	132.713	4991.71	-0.0183313	6.0566
2019-10-14.09:46:41	133.006	4997.5	-0.0172608	5.88123
2019-10-14.09:46:42	133.371	5002.97	-0.0159516	5.74242
2019-10-14.09:46:43	133.78	5008.2	-0.0145131	5.64889
2019-10-14.09:46:44	134.207	5013.32	-0.0130581	5.60587
2019-10-14.09:46:45	134.621	5018.44	-0.0116924	5.61494
2019-10-14.09:46:46	134.996	5023.68	-0.0105074	5.67395
2019-10-14.09:46:47	135.308	5029.15	-0.0095758	5.77742
2019-10-14.09:46:48	135.538	5034.93	-0.0089487	5.917
[State]	Cruise
2019-10-14.09:46:49	135.674	5041.1	-0.0086556	6.08214
2019-10-14.09:46:50	135.709	5047.69	-0.0087052	6.26087
2019-10-14.09:46:51	135.644	5054.7	-0.0090868	6.4406
2019-10-14.09:46:52	135.488	5062.11	-0.0097715	6.60896
2019-10-14.09:46:53	135.252	5069.86	-0.0107141	6.75459
2019-10-14.09:46:54	134.958	5077.9	-0.011855	6.86781
2019-10-14.09:46:55	134.626	5086.11	-0.0131221	6.94129
2019-10-14.09:46:56	134.282	5094.4	-0.0144337	6.97048
2019-10-14.09:46:57	133.951	5102.66	-0.0157029	6.95388
2019-10-14.09:46:58	133.657	5110.79	-0.016843	6.89319
2019-10-14.09:46:59	133.42	5118.7	-0.0177736	6.79313
2019-10-14.09:47:00	133.257	5126.32	-0.0184282	6.66113
2019-10-14.09:47:01	133.18	5133.58	-0.0187606	6.50679
2019-10-14.09:47:02	133.193	5140.46	-0.0187503	6.34116
2019-10-14.09:47:03	133.295	5146.97	-0.0184048	6.17591
2019-10-14.09:47:04	133.479	5153.12	-0.0177592	6.02246
2019-10-14.09:47:05	133.73	5158.96	-0.0168721	5.89115
2019-10-14.09:47:06	134.032	5164.55	-0.0158194	5.79051
2019-10-14.09:47:07	134.364	5169.99	-0.0146858	5.72667
2019-10-14.09:47:08	134.703	5175.36	-0.0135577	5.70302
2019-10-14.09:47:09	135.026	5180.76	-0.0125155	5.72005
2019-10-14.09:47:10	135.314	5186.27	-0.0116286	5.77543
2019-10-14.09:47:11	135.549	5191.98	-0.0109516	5.86428
2019-10-14.09:47:12	135.715	5197.96	-0.0105225	5.97956
2019-10-14.09:47:13	135.806	5204.24	-0.0103622	6.11266
2019-10-14.09:47:14	135.817	5210.86	-0.0104745	6.25397
2019-10-14.09:47:15	135.751	5217.81	-0.0108474	6.39358
2019-10-14.09:47:16	135.614	5225.06	-0.0114541	6.52187
2019-10-14.09:47:17	135.42	5232.57	-0.0122544	6.63019
2019-10-14.09:47:18	135.182	5240.29	-0.0131969	6.71139
2019-10-14.09:47:19	134.92	5248.12	-0.0142209	6.76023
2019-10-14.09:47:20	134.654	5256	-0.0152597	6.77375
2019-10-14.09:47:21	134.402	5263.84	-0.0162443	6.75146
2019-10-14.09:47:22	134.184	5271.55	-0.0171081	6.6953
2019-10-14.09:47:23	134.014	5279.07	-0.0177916	6.60958
2019-10-14.09:47:24	133.905	5286.34	-0.0182482	6.50057
2019-10-14.09:47:25	133.864	5293.34	-0.018448	6.3761
2019-10-14.09:47:26	133.894	5300.03	-0.0183812	6.24497
2019-10-14.09:47:27	133.994	5306.42	-0.0180593	6.11628
2019-10-14.09:47:28	134.155	5312.54	-0.0175136	5.99877
2019-10-14.09:47:29	134.366	5318.42	-0.0167921	5.90024
2019-10-14.09:47:30	134.614	5324.13	-0.0159546	5.82693
2019-10-14.09:47:31	134.881	5329.72	-0.0150671	5.78319
2019-10-14.09:47:32	135.15	5335.28	-0.0141958	5.77119
2019-10-14.09:47:33	135.403	5340.88	-0.0134022	5.79084
2019-10-14.09:47:34	135.625	5346.58	-0.0127392	5.83989
2019-10-14.09:47:35	135.802	5352.44	-0.012248	5.91414
2019-10-14.09:47:36	135.924	5358.53	-0.0119571	6.00778
2019-10-14.09:47:37	135.986	5364.86	-0.0118807	6.11387
2019-10-14.09:47:38	135.985	5371.45	-0.01202	6.22476
2019-10-14.09:47:39	135.925	5378.3	-0.0123629	6.33267
2019-10-14.09:47:40	135.81	5385.39	-0.0128852	6.43019
2019-10-14.09:47:41	135.653	5392.67	-0.0135525	6.51074
2019-10-14.09:47:42	135.465	5400.09	-0.0143214	6.56899
2019-10-14.09:47:43	135.26	5407.6	-0.0151421	6.60123
2019-10-14.09:47:44	135.056	5415.12	-0.015961	6.60555
2019-10-14.09:47:45	134.866	5422.6	-0.016724	6.58198
2019-10-14.09:47:46	134.704	5429.97	-0.0173803	6.53246
2019-10-14.09:47:47	134.583	5437.18	-0.0178862	6.46071
2019-10-14.09:47:48	134.511	5444.19	-0.0182086	6.37192
2019-10-14.09:47:49	134.493	5450.97	-0.0183283	6.27237
2019-10-14.09:47:50	134.531	5457.51	-0.0182415	6.16901
2019-10-14.09:47:51	134.622	5463.82	-0.0179603	6.06891
2019-10-14.09:47:52	134.76	5469.92	-0.0175113	5.97878
2019-10-14.09:47:53	134.936	5475.84	-0.0169333	5.90446
2019-10-14.09:47:54	135.137	5481.63	-0.0162732	5.85059
2019-10-14.09:47:55	135.352	5487.34	-0.0155822	5.82027
2019-10-14.09:47:56	135.565	5493.03	-0.0149114	5.81487
2019-10-14.09:47:57	135.764	5498.76	-0.014308	5.83404
2019-10-14.09:47:58	135.936	5504.58	-0.0138124	5.87574
2019-10-14.09:47:59	136.072	5510.54	-0.013456	5.93647
2019-10-14.09:48:00	136.164	5516.67	-0.01326	6.01152
2019-10-14.09:48:01	136.207	5523	-0.0132344	6.0953
2019-10-14.09:48:02	136.202	5529.53	-0.0133785	6.18181
2019-10-14.09:48:03	136.151	5536.27	-0.0136811	6.26496
2019-10-14.09:48:04	136.058	5543.18	-0.0141213	6.33904
2019-10-14.09:48:05	135.933	5550.24	-0.0146701	6.39904
2019-10-14.09:48:06	135.786	5557.4	-0.0152919	6.44099
2019-10-14.09:48:07	135.629	5564.62	-0.0159463	6.46222
2019-10-14.09:48:08	135.472	5571.85	-0.0165907	6.46152
2019-10-14.09:48:09	135.33	5579.03	-0.0171832	6.43916
2019-10-14.09:48:10	135.211	5586.12	-0.0176851	6.39692
2019-10-14.09:48:11	135.125	5593.08	-0.0180641	6.3379
2019-10-14.09:48:12	135.078	5599.87	-0.0182966	6.26631
2019-10-14.09:48:13	135.075	5606.48	-0.0183701	6.18716
2019-10-14.09:48:14	135.114	5612.91	-0.0182838	6.10589
2019-10-14.09:48:15	135.195	5619.15	-0.018049	6.02799
2019-10-14.09:48:16	135.311	5625.23	-0.0176877	5.95858
2019-10-14.09:48:17	135.456	5631.17	-0.0172307	5.9021
2019-10-14.09:48:18	135.62	5637.01	-0.0167148	5.862
2019-10-14.09:48:19	135.792	5642.8	-0.0161796	5.84051
2019-10-14.09:48:20	135.961	5648.58	-0.0156646	5.83852
2019-10-14.09:48:21	136.118	5654.39	-0.0152062	5.85557
2019-10-14.09:48:22	136.254	5660.28	-0.0148355	5.88993
2019-10-14.09:48:23	136.359	5666.28	-0.0145765	5.93872
2019-10-14.09:48:24	136.43	5672.42	-0.0144449	5.99816
2019-10-14.09:48:25	136.463	5678.72	-0.0144481	6.06383
2019-10-14.09:48:26	136.457	5685.17	-0.0145843	6.131
2019-10-14.09:48:27	136.416	5691.78	-0.0148437	6.19495
2019-10-14.09:48:28	136.343	5698.53	-0.0152088	6.25125
2019-10-14.09:48:29	136.246	5705.38	-0.0156556	6.2961
2019-10-14.09:48:30	136.133	5712.32	-0.0161554	6.32652
2019-10-14.09:48:31	136.013	5719.29	-0.0166759	6.34058
2019-10-14.09:48:32	135.895	5726.26	-0.0171835	6.33746
2019-10-14.09:48:33	135.788	5733.19	-0.0176457	6.31755
2019-10-14.09:48:34	135.701	5740.05	-0.0180332	6.28237
2019-10-14.09:48:35	135.641	5746.79	-0.0183217	6.23447
2019-10-14.09:48:36	135.612	5753.41	-0.0184944	6.1772
2019-10-14.09:48:37	135.616	5759.88	-0.0185428	6.11451
2019-10-14.09:48:38	135.654	5766.2	-0.0184677	6.05066
2019-10-14.09:48:39	135.724	5772.38	-0.0182787	5.98989
2019-10-14.09:48:40	135.821	5778.44	-0.0179936	5.93615
2019-10-14.09:48:41	135.939	5784.39	-0.0176368	5.8928
2019-10-14.09:48:42	136.072	5790.26	-0.0172367	5.86244
2019-10-14.09:48:43	136.21	5796.09	-0.0168243	5.8467
2019-10-14.09:48:44	136.346	5801.92	-0.0164301	5.84617
2019-10-14.09:48:45	136.471	5807.78	-0.0160822	5.86042
2019-10-14.09:48:46	136.578	5813.7	-0.0158045	5.88798
2019-10-14.09:48:47	136.662	5819.71	-0.0156157	5.92655
2019-10-14.09:48:48	136.718	5825.83	-0.0155275	5.97314
2019-10-14.09:48:49	136.745	5832.06	-0.0155453	6.02426
2019-10-14.09:48:50	136.741	5838.43	-0.0156673	6.07621
2019-10-14.09:48:51	136.71	5844.91	-0.015885	6.12533
2019-10-14.09:48:52	136.655	5851.5	-0.0161842	6.16819
2019-10-14.09:48:53	136.581	5858.17	-0.0165455	6.20189
2019-10-14.09:48:54	136.496	5864.9	-0.0169458	6.22416
2019-10-14.09:48:55	136.405	5871.66	-0.0173595	6.23358
2019-10-14.09:48:56	136.316	5878.41	-0.0177605	6.2296
2019-10-14.09:48:57	136.237	5885.13	-0.0181235	6.21261
2019-10-14.09:48:58	136.174	5891.78	-0.0184261	6.18385
2019-10-14.09:48:59	136.132	5898.35	-0.0186501	6.14536
2019-10-14.09:49:00	136.115	5904.81	-0.0187832	6.09981
2019-10-14.09:49:01	136.123	5911.16	-0.0188194	6.05029
2019-10-14.09:49:02	136.158	5917.4	-0.01876	6.0001
2019-10-14.09:49:03	136.218	5923.52	-0.0186129	5.95253
2019-10-14.09:49:04	136.298	5929.54	-0.0183923	5.91063
2019-10-14.09:49:05	136.395	5935.48	-0.0181171	5.87696
2019-10-14.09:49:06	136.503	5941.36	-0.0178095	5.85351
2019-10-14.09:49:07	136.614	5947.21	-0.0174935	5.84149
2019-10-14.09:49:08	136.724	5953.06	-0.0171927	5.84132
2019-10-14.09:49:09	136.824	5958.93	-0.0169289	5.8526
2019-10-14.09:49:10	136.911	5964.85	-0.0167207	5.87417
2019-10-14.09:49:11	136.978	5970.85	-0.0165825	5.90421
2019-10-14.09:49:12	137.024	5976.92	-0.0165234	5.94036
2019-10-14.09:49:13	137.047	5983.09	-0.0165474	5.97989
2019-10-14.09:49:14	137.047	5989.36	-0.0166527	6.01993
2019-10-14.09:49:15	137.025	5995.72	-0.0168327	6.05762
2019-10-14.09:49:16	136.985	6002.16	-0.0170757	6.09032
2019-10-14.09:49:17	136.93	6008.66	-0.0173664	6.11578
2019-10-14.09:49:18	136.867	6015.21	-0.0176865	6.13228
2019-10-14.09:49:19	136.799	6021.77	-0.0180158	6.13873
2019-10-14.09:49:20	136.734	6028.34	-0.018334	6.13476
2019-10-14.09:49:21	136.676	6034.87	-0.0186215	6.12068
2019-10-14.09:49:22	136.631	6041.35	-0.018861	6.09751
2019-10-14.09:49:23	136.602	6047.77	-0.0190387	6.06684
2019-10-14.09:49:24	136.592	6054.1	-0.0191454	6.03076
2019-10-14.09:49:25	136.603	6060.34	-0.0191768	5.99169
2019-10-14.09:49:26	136.634	6066.49	-0.0191341	5.95218
[State]	Descent
2019-10-14.09:49:27	136.684	6072.55	-0.0190236	5.91479
2019-10-14.09:49:28	136.751	6078.53	-0.0188564	5.88185
2019-10-14.09:49:29	136.83	6084.45	-0.018647	5.85537
2019-10-14.09:49:30	136.918	6090.32	-0.0184128	5.83685
2019-10-14.09:49:31	137.008	6096.17	-0.0181723	5.82723
2019-10-14.09:49:32	137.097	6102.01	-0.0179437	5.82682
2019-10-14.09:49:33	137.179	6107.88	-0.0177441	5.83531
2019-10-14.09:49:34	137.249	6113.78	-0.017588	5.85179
2019-10-14.09:49:35	137.305	6119.73	-0.0174864	5.87482
2019-10-14.09:49:36	137.345	6125.76	-0.0174468	5.90258
2019-10-14.09:49:37	137.366	6131.85	-0.0174721	5.93295
2019-10-14.09:49:38	137.369	6138.02	-0.017561	5.96368
2019-10-14.09:49:39	137.355	6144.26	-0.0177081	5.99257
2019-10-14.09:49:40	137.327	6150.56	-0.0179043	6.01756
2019-10-14.09:49:41	137.288	6156.91	-0.0181376	6.0369
2019-10-14.09:49:42	137.241	6163.29	-0.0183935	6.04928
2019-10-14.09:49:43	137.192	6169.69	-0.0186563	6.05384
2019-10-14.09:49:44	137.145	6176.09	-0.0189103	6.05029
2019-10-14.09:49:45	137.103	6182.46	-0.01914	6.0389
2019-10-14.09:49:46	137.071	6188.79	-0.0193324	6.02045
2019-10-14.09:49:47	137.052	6195.06	-0.0194766	5.99617
2019-10-14.09:49:48	137.048	6201.27	-0.0195656	5.96768
2019-10-14.09:49:49	137.059	6207.41	-0.0195962	5.93686
2019-10-14.09:49:50	137.087	6213.48	-0.0195692	5.90569
2019-10-14.09:49:51	137.129	6219.48	-0.0194896	5.87614
2019-10-14.09:49:52	137.185	6225.42	-0.0193658	5.85003
2019-10-14.09:49:53	137.25	6231.3	-0.0192091	5.82891
2019-10-14.09:49:54	137.321	6237.15	-0.0190329	5.81396
2019-10-14.09:49:55	137.395	6242.98	-0.0188513	5.80591
2019-10-14.09:49:56	137.467	6248.8	-0.0186878	5.80488
2019-10-14.09:49:57	137.534	6254.64	-0.0185711	5.81062
2019-10-14.09:49:58	137.592	6260.5	-0.018481	5.82244
2019-10-14.09:49:59	137.64	6266.41	-0.0184031	5.83927
2019-10-14.09:50:00	137.674	6272.36	-0.0183623	5.85975
2019-10-14.09:50:01	137.694	6278.37	-0.018388	5.88226
2019-10-14.09:50:02	137.701	6284.43	-0.0184729	5.90515
2019-10-14.09:50:03	137.695	6290.55	-0.0185878	5.92673
2019-10-14.09:50:04	137.678	6296.71	-0.0187228	5.94547
2019-10-14.09:50:05	137.653	6302.91	-0.01889	5.96004
2019-10-14.09:50:06	137.621	6309.14	-0.01909	5.96944
2019-10-14.09:50:07	137.588	6315.38	-0.0192981	5.97302
2019-10-14.09:50:08	137.555	6321.62	-0.0194887	5.97051
2019-10-14.09:50:09	137.527	6327.84	-0.0196575	5.96209
2019-10-14.09:50:10	137.506	6334.02	-0.0198096	5.9483
2019-10-14.09:50:11	137.494	6340.17	-0.019937	5.93002
2019-10-14.09:50:12	137.493	6346.27	-0.0200219	5.90842
2019-10-14.09:50:13	137.504	6352.32	-0.0200569	5.88487
2019-10-14.09:50:14	137.527	6358.31	-0.0200513	5.86082
2019-10-14.09:50:15	137.561	6364.24	-0.0200153	5.83773
2019-10-14.09:50:16	137.605	6370.13	-0.0199493	5.81697
2019-10-14.09:50:17	137.657	6375.97	-0.0198526	5.79971
2019-10-14.09:50:18	137.714	6381.79	-0.0197354	5.78687
2019-10-14.09:50:19	137.773	6387.58	-0.0196151	5.77903
2019-10-14.09:50:20	137.832	6393.37	-0.0195032	5.77646
2019-10-14.09:50:21	137.887	6399.17	-0.0194035	5.77906
2019-10-14.09:50:22	137.937	6404.98	-0.0193206	5.78638
2019-10-14.09:50:23	137.978	6410.81	-0.0192647	5.79769
2019-10-14.09:50:24	138.01	6416.69	-0.0192451	5.812
2019-10-14.09:50:25	138.032	6422.6	-0.0192625	5.82815
2019-10-14.09:50:26	138.044	6428.55	-0.0193127	5.84489
2019-10-14.09:50:27	138.045	6434.55	-0.0193931	5.86096
2019-10-14.09:50:28	138.038	6440.58	-0.0195032	5.87518
2019-10-14.09:50:29	138.024	6446.63	-0.0196384	5.8865
2019-10-14.09:50:30	138.005	6452.71	-0.0197888	5.89411
2019-10-14.09:50:31	137.984	6458.8	-0.0199441	5.89744
2019-10-14.09:50:32	137.963	6464.89	-0.0200969	5.89624
2019-10-14.09:50:33	137.945	6470.97	-0.0202413	5.89054
2019-10-14.09:50:34	137.931	6477.03	-0.0203699	5.88067
2019-10-14.09:50:35	137.924	6483.06	-0.0204741	5.86725
2019-10-14.09:50:36	137.924	6489.05	-0.020549	5.8511
2019-10-14.09:50:37	137.934	6495	-0.0205934	5.8332
2019-10-14.09:50:38	137.953	6500.91	-0.0206083	5.81463
2019-10-14.09:50:39	137.98	6506.78	-0.0205942	5.79649
2019-10-14.09:50:40	138.015	6512.61	-0.0205534	5.77984
2019-10-14.09:50:41	138.056	6518.4	-0.0204914	5.76558
2019-10-14.09:50:42	138.102	6524.17	-0.0204159	5.75446
2019-10-14.09:50:43	138.15	6529.92	-0.0203345	5.747
2019-10-14.09:50:44	138.198	6535.66	-0.0202534	5.74346
2019-10-14.09:50:45	138.245	6541.4	-0.0201793	5.74384
2019-10-14.09:50:46	138.287	6547.15	-0.0201196	5.74788
2019-10-14.09:50:47	138.324	6552.92	-0.0200802	5.75508
2019-10-14.09:50:48	138.354	6558.71	-0.0200649	5.76476
2019-10-14.09:50:49	138.376	6564.53	-0.0200751	5.77608
2019-10-14.09:50:50	138.391	6570.38	-0.0201114	5.78811
2019-10-14.09:50:51	138.398	6576.26	-0.0201733	5.79991
2019-10-14.09:50:52	138.398	6582.16	-0.0202583	5.81057
2019-10-14.09:50:53	138.393	6588.09	-0.0203616	5.81927
2019-10-14.09:50:54	138.384	6594.04	-0.0204776	5.82535
2019-10-14.09:50:55	138.372	6600	-0.0206005	5.82833
2019-10-14.09:50:56	138.359	6605.95	-0.0207243	5.82795
2019-10-14.09:50:57	138.348	6611.9	-0.0208427	5.82417
2019-10-14.09:50:58	138.341	6617.84	-0.0209495	5.81717
2019-10-14.09:50:59	138.337	6623.75	-0.0210397	5.80736
2019-10-14.09:51:00	138.34	6629.64	-0.0211098	5.7953
2019-10-14.09:51:01	138.349	6635.5	-0.0211577	5.78169
2019-10-14.09:51:02	138.364	6641.32	-0.0211823	5.76734
2019-10-14.09:51:03	138.387	6647.11	-0.0211843	5.75307
2019-10-14.09:51:04	138.415	6652.87	-0.0211659	5.73966
2019-10-14.09:51:05	138.448	6658.61	-0.021131	5.72785
2019-10-14.09:51:06	138.485	6664.32	-0.021084	5.71823
2019-10-14.09:51:07	138.525	6670.01	-0.0210301	5.71125
2019-10-14.09:51:08	138.565	6675.69	-0.0209748	5.70716
2019-10-14.09:51:09	138.604	6681.37	-0.0209237	5.70602
2019-10-14.09:51:10	138.641	6687.06	-0.0208819	5.70771
2019-10-14.09:51:11	138.674	6692.75	-0.0208538	5.7119
2019-10-14.09:51:12	138.702	6698.47	-0.0208426	5.71812
2019-10-14.09:51:13	138.724	6704.2	-0.0208504	5.72578
2019-10-14.09:51:14	138.741	6709.95	-0.0208783	5.73421
2019-10-14.09:51:15	138.752	6715.72	-0.0209256	5.74269
2019-10-14.09:51:16	138.757	6721.51	-0.0209907	5.75054
2019-10-14.09:51:17	138.758	6727.32	-0.0210707	5.75711
2019-10-14.09:51:18	138.756	6733.15	-0.0211618	5.76187
2019-10-14.09:51:19	138.751	6738.98	-0.0212598	5.76442
2019-10-14.09:51:20	138.746	6744.82	-0.0213598	5.7645
2019-10-14.09:51:21	138.741	6750.65	-0.0214572	5.76202
2019-10-14.09:51:22	138.737	6756.47	-0.0215473	5.75708
2019-10-14.09:51:23	138.737	6762.27	-0.0216262	5.74992
2019-10-14.09:51:24	138.741	6768.06	-0.021691	5.74092
2019-10-14.09:51:25	138.75	6773.82	-0.0217393	5.73057
2019-10-14.09:51:26	138.764	6779.56	-0.0217703	5.71947
2019-10-14.09:51:27	138.783	6785.27	-0.0217841	5.7082
2019-10-14.09:51:28	138.806	6790.96	-0.0217821	5.69739
2019-10-14.09:51:29	138.833	6796.62	-0.0217666	5.68758
2019-10-14.09:51:30	138.864	6802.27	-0.0217407	5.67927
2019-10-14.09:51:31	138.897	6807.9	-0.0217082	5.67284
2019-10-14.09:51:32	138.931	6813.52	-0.0216733	5.66851
2019-10-14.09:51:33	138.964	6819.13	-0.0216401	5.66639
2019-10-14.09:51:34	138.996	6824.75	-0.0216125	5.66642
2019-10-14.09:51:35	139.026	6830.37	-0.021594	5.66843
2019-10-14.09:51:36	139.052	6836	-0.0215873	5.6721
2019-10-14.09:51:37	139.074	6841.64	-0.0215946	5.67701
2019-10-14.09:51:38	139.092	6847.3	-0.0216166	5.68268
2019-10-14.09:51:39	139.105	6852.97	-0.0216536	5.68859
2019-10-14.09:51:40	139.114	6858.66	-0.0217043	5.69421
2019-10-14.09:51:41	139.12	6864.36	-0.0217671	5.69904
2019-10-14.09:51:42	139.123	6870.07	-0.0218394	5.70266
2019-10-14.09:51:43	139.123	6875.79	-0.021918	5.70473
2019-10-14.09:51:44	139.123	6881.51	-0.0219995	5.705
2019-10-14.09:51:45	139.123	6887.23	-0.0220802	5.70338
2019-10-14.09:51:46	139.123	6892.94	-0.0221567	5.69988
2019-10-14.09:51:47	139.126	6898.64	-0.022226	5.69464
2019-10-14.09:51:48	139.131	6904.33	-0.0222853	5.68791
2019-10-14.09:51:49	139.14	6910	-0.0223329	5.68003
2019-10-14.09:51:50	139.153	6915.65	-0.0223677	5.67141
2019-10-14.09:51:51	139.169	6921.28	-0.0223894	5.6625
2019-10-14.09:51:52	139.189	6926.89	-0.0223989	5.65375
2019-10-14.09:51:53	139.212	6932.48	-0.0223975	5.6456
2019-10-14.09:51:54	139.238	6938.05	-0.0223874	5.63844
2019-10-14.09:51:55	139.266	6943.62	-0.0223712	5.63257
2019-10-14.09:51:56	139.294	6949.17	-0.022352	5.62823
2019-10-14.09:51:57	139.323	6954.71	-0.0223328	5.62551
2019-10-14.09:51:58	139.351	6960.26	-0.0223167	5.62443
2019-10-14.09:51:59	139.378	6965.8	-0.0223064	5.62489
2019-10-14.09:52:00	139.402	6971.35	-0.0223043	5.6267
2019-10-14.09:52:01	139.424	6976.91	-0.022312	5.62956
2019-10-14.09:52:02	139.442	6982.47	-0.0223306	5.63313
2019-10-14.09:52:03	139.457	6988.05	-0.0223604	5.63705
2019-10-14.09:52:04	139.469	6993.64	-0.0224009	5.6409
2019-10-14.09:52:05	139.478	6999.24	-0.0224511	5.64431
2019-10-14.09:52:06	139.484	7004.84	-0.0225091	5.64694
2019-10-14.09:52:07	139.489	7010.45	-0.0225729	5.64851
2019-10-14.09:52:08	139.493	7016.07	-0.0226399	5.6488
