DateTime	AltitudeTape:altitude	AirspeedTape:airspeed	HeadingIndicator:heading	AttitudeIndicator:roll
[State]	Standing
2019-10-11.15:42:23	0.474726	1654.61	-0.0010306	0.0033878
[State]	Taxiing
2019-10-11.15:42:24	0.0731498	1654.75	-0.0268963	0.453951
2019-10-11.15:42:25	0.0572793	1654.78	-0.0383173	-0.11395
2019-10-11.15:42:26	1.63126	1654.79	-0.105679	-0.0721873
2019-10-11.15:42:27	5.00611	1654.79	-0.171809	0.152836
2019-10-11.15:42:28	8.86449	1654.79	-0.190993	0.247557
2019-10-11.15:42:29	12.7787	1654.79	-0.247276	0.296688
2019-10-11.15:42:30	16.614	1654.79	-0.44451	0.341623
2019-10-11.15:42:31	20.3879	1654.79	-0.829593	0.478771
2019-10-11.15:42:32	24.1016	1654.79	-1.2087	0.572093
2019-10-11.15:42:33	27.7403	1654.8	-1.52069	0.619471
2019-10-11.15:42:34	31.3096	1654.8	-1.71928	0.635074
2019-10-11.15:42:35	34.7754	1654.8	-1.88278	0.669183
2019-10-11.15:42:36	38.1083	1654.8	-2.02663	0.708235
2019-10-11.15:42:37	41.3168	1654.81	-2.12244	0.744098
2019-10-11.15:42:38	44.4241	1654.81	-2.16479	0.781836
2019-10-11.15:42:39	47.46	1654.81	-2.1614	0.829863
2019-10-11.15:42:40	50.4546	1654.82	-2.1002	0.889032
2019-10-11.15:42:41	53.4319	1654.82	-1.99578	0.951455
2019-10-11.15:42:42	56.4083	1654.83	-1.86274	1.01302
2019-10-11.15:42:43	59.3954	1654.83	-1.70814	1.07487
2019-10-11.15:42:44	62.4014	1654.84	-1.53601	1.13781
2019-10-11.15:42:45	65.4322	1654.84	-1.34885	1.20215
2019-10-11.15:42:46	68.4923	1654.85	-1.14847	1.26782
2019-10-11.15:42:47	71.585	1654.85	-0.936364	1.33466
2019-10-11.15:42:48	74.7123	1654.86	-0.7139	1.40245
2019-10-11.15:42:49	77.8752	1654.87	-0.482395	1.47092
[State]	TakeOff
2019-10-11.15:42:50	81.0736	1654.88	-0.24324	1.53978
2019-10-11.15:42:51	84.3327	1654.89	-0.150259	1.6004
2019-10-11.15:42:52	87.6683	1654.9	-0.0524857	2.36967
2019-10-11.15:42:53	90.7772	1655.18	0.0481568	9.85631
2019-10-11.15:42:54	91.0846	1660.73	4.28139	12.4797
2019-10-11.15:42:55	90.2022	1669.07	10.3757	11.5311
2019-10-11.15:42:56	89.3623	1675.76	17.0638	11.8879
2019-10-11.15:42:57	88.5301	1681.1	24.7095	12.8117
2019-10-11.15:42:58	87.8371	1685.28	30.3112	12.993
2019-10-11.15:42:59	87.3024	1688.37	30.3651	12.4517
2019-10-11.15:43:00	86.9707	1691.06	30.3764	11.6505
2019-10-11.15:43:01	86.7605	1693.47	30.3659	11.4474
2019-10-11.15:43:02	86.5835	1695.75	30.3526	11.7469
2019-10-11.15:43:03	86.3857	1697.95	30.3453	12.2191
2019-10-11.15:43:04	86.1663	1700.09	30.3465	12.4943
2019-10-11.15:43:05	85.9575	1702.15	30.3517	12.4673
2019-10-11.15:43:06	85.787	1704.13	30.355	12.2629
2019-10-11.15:43:07	85.6605	1706.01	30.3541	12.0839
2019-10-11.15:43:08	85.5625	1707.81	30.3501	12.0487
2019-10-11.15:43:09	85.449	1709.58	26.9426	12.1821
2019-10-11.15:43:10	85.0159	1712.35	20.3985	12.7233
2019-10-11.15:43:11	84.0225	1717.26	13.9	12.9344
2019-10-11.15:43:12	82.8778	1723.29	7.06598	12.839
2019-10-11.15:43:13	81.6875	1729.39	-0.338681	13.3859
2019-10-11.15:43:14	80.6077	1735.19	-1.07144	13.2805
2019-10-11.15:43:15	80.0103	1740.19	2.418	12.2659
2019-10-11.15:43:16	79.8959	1743.7	5.07994	12.0576
2019-10-11.15:43:17	79.8065	1746.35	4.69136	12.6302
2019-10-11.15:43:18	79.6947	1749.1	1.40366	12.3495
2019-10-11.15:43:19	79.6872	1752.07	-2.50378	12.4571
2019-10-11.15:43:20	79.5019	1755.22	-3.95374	12.9588
[State]	Climb
2019-10-11.15:43:21	79.2165	1758.57	-1.75277	12.8207
2019-10-11.15:43:22	79.1287	1761.85	2.47119	12.3779
2019-10-11.15:43:23	79.1091	1764.64	5.4224	12.4777
2019-10-11.15:43:24	79.1084	1766.87	4.68111	12.6538
2019-10-11.15:43:25	79.1328	1769.15	0.679844	12.3669
2019-10-11.15:43:26	79.2217	1771.75	-3.62624	12.6625
2019-10-11.15:43:27	79.0194	1774.69	-4.74816	13.3719
2019-10-11.15:43:28	78.6796	1777.97	-1.7087	13.1659
2019-10-11.15:43:29	78.5356	1781.29	3.12869	12.7695
2019-10-11.15:43:30	78.4288	1784.07	6.381	13.0496
2019-10-11.15:43:31	78.4073	1786.19	5.10858	12.7737
2019-10-11.15:43:32	78.5641	1788.1	0.173303	12.2756
2019-10-11.15:43:33	78.8125	1790.24	-4.73224	12.6589
2019-10-11.15:43:34	78.7132	1792.68	-5.60283	13.4749
2019-10-11.15:43:35	78.4698	1795.54	-1.67282	13.0854
2019-10-11.15:43:36	78.4264	1798.53	3.07188	12.7179
2019-10-11.15:43:37	78.3483	1801.07	7.03705	13.175
2019-10-11.15:43:38	78.3181	1802.98	6.1506	13.1125
2019-10-11.15:43:39	78.456	1804.78	0.370545	12.3015
2019-10-11.15:43:40	78.7142	1806.84	-5.4551	12.7938
2019-10-11.15:43:41	78.5706	1809.19	-6.56617	13.8151
2019-10-11.15:43:42	78.2705	1812	-2.19604	13.2329
2019-10-11.15:43:43	78.2417	1814.92	2.3717	12.6712
2019-10-11.15:43:44	78.1952	1817.35	6.01822	13.0648
2019-10-11.15:43:45	78.2248	1819.06	8.33762	13.4098
2019-10-11.15:43:46	78.3105	1820.61	2.06215	12.6809
2019-10-11.15:43:47	78.4995	1822.72	-4.67827	13.0091
2019-10-11.15:43:48	78.2276	1825.29	-7.37709	14.5149
2019-10-11.15:43:49	77.667	1828.41	-3.48917	14.1287
2019-10-11.15:43:50	77.4142	1831.73	1.1728	13.2019
2019-10-11.15:43:51	77.2852	1834.48	4.54373	13.302
2019-10-11.15:43:52	77.2768	1836.32	8.38698	13.4523
2019-10-11.15:43:53	77.5213	1837.33	5.35932	13.2526
2019-10-11.15:43:54	77.8666	1838.74	-1.91752	12.6293
2019-10-11.15:43:55	77.9045	1840.74	-7.72632	14.2427
2019-10-11.15:43:56	77.4067	1843.38	-5.81743	14.8712
2019-10-11.15:43:57	77.0009	1846.59	-0.607243	13.4392
2019-10-11.15:43:58	76.9987	1849.34	2.94286	13.0039
2019-10-11.15:43:59	77.0665	1851.15	6.26022	13.1351
2019-10-11.15:44:00	77.379	1852.01	9.90469	13.4995
2019-10-11.15:44:01	77.6811	1852.85	2.36723	12.9172
2019-10-11.15:44:02	77.877	1854.69	-3.99528	13.6355
2019-10-11.15:44:03	77.4249	1857.39	-7.94581	15.3838
2019-10-11.15:44:04	76.7762	1860.63	-3.63922	14.2503
2019-10-11.15:44:05	76.7073	1863.61	0.788137	12.8361
2019-10-11.15:44:06	76.9154	1865.55	3.97045	12.6023
2019-10-11.15:44:07	77.2763	1866.4	7.697	13.0396
2019-10-11.15:44:08	77.6511	1866.82	7.34796	13.5994
2019-10-11.15:44:09	77.8998	1868.12	-0.0132534	13.0268
2019-10-11.15:44:10	77.754	1870.53	-6.03226	14.5902
2019-10-11.15:44:11	77.1054	1873.65	-7.12223	15.2172
2019-10-11.15:44:12	76.6294	1876.89	-1.74416	13.5953
2019-10-11.15:44:13	76.7413	1879.5	2.02447	12.6531
2019-10-11.15:44:14	77.0114	1880.98	5.19682	12.6124
2019-10-11.15:44:15	77.4209	1881.51	9.49359	13.394
2019-10-11.15:44:16	77.7416	1882.09	4.39406	13.2271
2019-10-11.15:44:17	77.9474	1883.8	-2.30919	13.4313
2019-10-11.15:44:18	77.5479	1886.54	-8.30295	15.0651
2019-10-11.15:44:19	76.8826	1889.73	-5.14845	14.7319
2019-10-11.15:44:20	76.654	1892.82	-0.176928	13.0701
2019-10-11.15:44:21	76.8455	1895.02	3.15454	12.5953
2019-10-11.15:44:22	77.1766	1896.09	6.56881	12.781
2019-10-11.15:44:23	77.5931	1896.46	9.34286	13.6322
2019-10-11.15:44:24	77.8627	1897.4	1.73085	12.9598
2019-10-11.15:44:25	77.9052	1899.51	-4.4752	14.1023
2019-10-11.15:44:26	77.3345	1902.49	-7.74247	15.2927
2019-10-11.15:44:27	76.7437	1905.72	-3.06293	14.0388
2019-10-11.15:44:28	76.7457	1908.55	1.15883	12.7397
2019-10-11.15:44:29	76.9793	1910.32	4.30752	12.5793
2019-10-11.15:44:30	77.3653	1911.04	8.17953	13.1061
2019-10-11.15:44:31	77.7363	1911.44	6.45969	13.4755
2019-10-11.15:44:32	77.991	1912.83	-0.711426	13.0762
2019-10-11.15:44:33	77.7685	1915.31	-6.69611	14.7225
2019-10-11.15:44:34	77.1123	1918.43	-6.64863	15.0747
2019-10-11.15:44:35	76.7071	1921.62	-1.2583	13.3864
2019-10-11.15:44:36	76.8561	1924.09	2.36344	12.5957
2019-10-11.15:44:37	77.1435	1925.43	5.58821	12.6137
2019-10-11.15:44:38	77.5605	1925.89	10.0182	13.4484
2019-10-11.15:44:39	77.8649	1926.55	3.5403	13.0788
2019-10-11.15:44:40	78.036	1928.36	-2.98814	13.5842
2019-10-11.15:44:41	77.5774	1931.18	-8.60138	15.1328
2019-10-11.15:44:42	76.9252	1934.37	-4.47813	14.486
2019-10-11.15:44:43	76.7774	1937.39	0.264686	12.9073
2019-10-11.15:44:44	76.9823	1939.44	3.52332	12.5553
2019-10-11.15:44:45	77.3317	1940.38	7.06957	12.84
2019-10-11.15:44:46	77.7381	1940.73	8.45699	13.5979
2019-10-11.15:44:47	78.0001	1941.81	0.888085	12.9159
2019-10-11.15:44:48	77.9642	1944.03	-5.21479	14.2918
2019-10-11.15:44:49	77.3556	1947.06	-7.48182	15.2314
2019-10-11.15:44:50	76.817	1950.28	-2.42717	13.7662
2019-10-11.15:44:51	76.8802	1952.99	1.58198	12.637
2019-10-11.15:44:52	77.1304	1954.6	4.73915	12.5436
2019-10-11.15:44:53	77.5294	1955.21	8.8158	13.1974
2019-10-11.15:44:54	77.8765	1955.67	5.40597	13.3036
2019-10-11.15:44:55	78.1153	1957.21	-1.53092	13.1772
2019-10-11.15:44:56	77.8013	1959.81	-7.5123	14.854
2019-10-11.15:44:57	77.1373	1962.95	-5.90054	14.8622
2019-10-11.15:44:58	76.8204	1966.08	-0.691204	13.158
2019-10-11.15:44:59	76.9977	1968.4	2.78432	12.5392
2019-10-11.15:45:00	77.3064	1969.59	6.10634	12.6389
2019-10-11.15:45:01	77.7254	1969.98	9.95448	13.5133
2019-10-11.15:45:02	78.0079	1970.77	2.52959	12.9382
2019-10-11.15:45:03	78.1176	1972.73	-3.81313	13.8066
2019-10-11.15:45:04	77.5947	1975.63	-8.17297	15.1897
2019-10-11.15:45:05	76.9706	1978.83	-3.69117	14.1813
2019-10-11.15:45:06	76.9115	1981.74	0.774387	12.7452
2019-10-11.15:45:07	77.132	1983.62	3.97433	12.5161
2019-10-11.15:45:08	77.5018	1984.42	7.70523	12.9356
2019-10-11.15:45:09	77.8883	1984.77	7.2953	13.4955
2019-10-11.15:45:10	78.1472	1986.02	-0.0692382	12.9308
2019-10-11.15:45:11	78.0043	1988.39	-6.08883	14.5002
2019-10-11.15:45:12	77.3638	1991.46	-7.1178	15.1015
2019-10-11.15:45:13	76.9007	1994.65	-1.72148	13.4727
2019-10-11.15:45:14	77.0213	1997.21	2.06297	12.5486
2019-10-11.15:45:15	77.2922	1998.65	5.26271	12.5251
2019-10-11.15:45:16	77.7022	1999.15	9.59843	13.3031
2019-10-11.15:45:17	78.0209	1999.71	4.19764	13.0991
2019-10-11.15:45:18	78.2237	2001.41	-2.47814	13.3609
2019-10-11.15:45:19	77.8149	2004.14	-8.43424	14.9856
2019-10-11.15:45:20	77.1542	2007.3	-4.98925	14.5705
2019-10-11.15:45:21	76.9482	2010.35	-0.0604906	12.9309
2019-10-11.15:45:22	77.143	2012.49	3.28095	12.496
2019-10-11.15:45:23	77.4758	2013.51	6.75302	12.7162
2019-10-11.15:45:24	77.8855	2013.86	9.00888	13.5433
2019-10-11.15:45:25	78.1491	2014.83	1.3746	12.8511
2019-10-11.15:45:26	78.1642	2016.96	-4.79552	14.0904
2019-10-11.15:45:27	77.5779	2019.93	-7.6008	15.1887
2019-10-11.15:45:28	77.0076	2023.14	-2.80109	13.8356
2019-10-11.15:45:29	77.0366	2025.91	1.35613	12.6115
2019-10-11.15:45:30	77.2757	2027.59	4.53144	12.4888
2019-10-11.15:45:31	77.6641	2028.24	8.51119	13.0826
2019-10-11.15:45:32	78.0182	2028.66	5.88705	13.3186
2019-10-11.15:45:33	78.2642	2030.11	-1.17102	13.0486
2019-10-11.15:45:34	77.9932	2032.63	-7.15212	14.7262
2019-10-11.15:45:35	77.3305	2035.75	-6.23269	14.8892
2019-10-11.15:45:36	76.9725	2038.89	-0.94017	13.1858
2019-10-11.15:45:37	77.1378	2041.26	2.62029	12.4954
2019-10-11.15:45:38	77.4346	2042.5	5.91576	12.5664
2019-10-11.15:45:39	77.8492	2042.9	10.0902	13.4355
2019-10-11.15:45:40	78.135	2043.62	2.87581	12.9239
2019-10-11.15:45:41	78.2685	2045.51	-3.53636	13.6601
2019-10-11.15:45:42	77.7675	2048.36	-8.3626	15.119
2019-10-11.15:45:43	77.1305	2051.54	-3.96593	14.2257
2019-10-11.15:45:44	77.0413	2054.47	0.610569	12.7388
2019-10-11.15:45:45	77.2548	2056.39	3.84468	12.4756
2019-10-11.15:45:46	77.6149	2057.22	7.52518	12.8583
2019-10-11.15:45:47	78.0032	2057.56	7.60882	13.4843
2019-10-11.15:45:48	78.2597	2058.74	0.170261	12.8691
2019-10-11.15:45:49	78.1475	2061.04	-5.87022	14.3973
2019-10-11.15:45:50	77.513	2064.08	-7.24765	15.0923
2019-10-11.15:45:51	77.028	2067.27	-1.90405	13.4973
2019-10-11.15:45:52	77.1341	2069.85	1.95182	12.5225
[State]	Cruise
2019-10-11.15:45:53	77.3977	2071.31	5.15097	12.4864
2019-10-11.15:45:54	77.8018	2071.82	9.4303	13.2444
2019-10-11.15:45:55	78.1224	2072.34	4.44169	13.1031
2019-10-11.15:45:56	78.333	2073.99	-2.29173	13.2748
2019-10-11.15:45:57	77.9428	2076.67	-8.28416	14.9228
2019-10-11.15:45:58	77.2793	2079.81	-5.17644	14.5916
2019-10-11.15:45:59	77.051	2082.85	-0.180322	12.9327
2019-10-11.15:46:00	77.2422	2085.01	3.1971	12.4658
2019-10-11.15:46:01	77.569	2086.03	6.64603	12.6661
2019-10-11.15:46:02	77.9786	2086.37	9.19144	13.5115
2019-10-11.15:46:03	78.2428	2087.29	1.54751	12.8237
2019-10-11.15:46:04	78.275	2089.36	-4.64912	14.0082
2019-10-11.15:46:05	77.698	2092.3	-7.65669	15.1604
2019-10-11.15:46:06	77.1182	2095.49	-2.94025	13.8502
2019-10-11.15:46:07	77.1353	2098.25	1.27429	12.5927
2019-10-11.15:46:08	77.3709	2099.95	4.45994	12.4604
2019-10-11.15:46:09	77.7554	2100.59	8.40727	13.0314
2019-10-11.15:46:10	78.1122	2100.97	6.06308	13.3132
2019-10-11.15:46:11	78.3605	2102.38	-1.03866	12.9942
2019-10-11.15:46:12	78.1057	2104.86	-7.02088	14.667
2019-10-11.15:46:13	77.4453	2107.94	-6.36155	14.8859
2019-10-11.15:46:14	77.0741	2111.07	-1.03515	13.1833
2019-10-11.15:46:15	77.2355	2113.44	2.55997	12.4677
2019-10-11.15:46:16	77.528	2114.67	5.84855	12.53
2019-10-11.15:46:17	77.941	2115.07	10.1096	13.3934
2019-10-11.15:46:18	78.2287	2115.75	2.99538	12.9068
2019-10-11.15:46:19	78.3706	2117.6	-3.44248	13.5954
2019-10-11.15:46:20	77.8785	2120.4	-8.42248	15.078
2019-10-11.15:46:21	77.2389	2123.56	-4.06415	14.2242
2019-10-11.15:46:22	77.1405	2126.48	0.555027	12.7204
2019-10-11.15:46:23	77.3523	2128.4	3.80561	12.4474
2019-10-11.15:46:24	77.7091	2129.22	7.4723	12.8175
2019-10-11.15:46:25	78.0981	2129.53	7.70644	13.4633
2019-10-11.15:46:26	78.3544	2130.68	0.244162	12.833
2019-10-11.15:46:27	78.2522	2132.94	-5.80347	14.3466
2019-10-11.15:46:28	77.621	2135.95	-7.28823	15.0703
2019-10-11.15:46:29	77.1307	2139.11	-1.95932	13.4841
2019-10-11.15:46:30	77.2335	2141.68	1.92379	12.4952
2019-10-11.15:46:31	77.4949	2143.14	5.12708	12.4585
2019-10-11.15:46:32	77.8971	2143.63	9.39338	13.2088
2019-10-11.15:46:33	78.2182	2144.12	4.4939	13.0826
2019-10-11.15:46:34	78.4309	2145.74	-2.25431	13.2326
2019-10-11.15:46:35	78.0459	2148.38	-8.2497	14.886
2019-10-11.15:46:36	77.4533	2151.52	-3.18365	14.4315
2019-10-11.15:46:37	77.647	2154.43	1.82439	12.9435
2019-10-11.15:46:38	78.6322	2155.92	2.23511	12.7102
2019-10-11.15:46:39	80.0037	2156.33	-8.47879	11.7683
2019-10-11.15:46:40	81.9673	2156.24	-17.2693	12.6256
2019-10-11.15:46:41	83.6786	2155.86	-25.3628	15.0642
2019-10-11.15:46:42	85.1952	2154.99	-29.1387	15.437
2019-10-11.15:46:43	86.7973	2154.13	-29.3847	12.1092
2019-10-11.15:46:44	88.6235	2153.51	-29.399	9.09796
2019-10-11.15:46:45	90.065	2153.41	-29.3788	8.71095
2019-10-11.15:46:46	90.9782	2154.64	-29.3362	10.6089
2019-10-11.15:46:47	91.6613	2157.46	-29.3071	12.1059
2019-10-11.15:46:48	92.0963	2161.03	-29.3169	13.1831
2019-10-11.15:46:49	92.4023	2165.02	-29.3437	12.8471
2019-10-11.15:46:50	92.7849	2169.06	-29.3606	11.8899
2019-10-11.15:46:51	93.2754	2173.04	-29.3603	11.1301
2019-10-11.15:46:52	93.766	2177.06	-29.3509	11.1479
2019-10-11.15:46:53	94.148	2181.34	-29.3404	11.5642
2019-10-11.15:46:54	94.4025	2185.93	-26.6278	12.0132
2019-10-11.15:46:55	94.5072	2191.27	-21.8499	11.8336
2019-10-11.15:46:56	94.4537	2197.38	-17.0148	11.7329
2019-10-11.15:46:57	94.1947	2204.18	-11.8697	11.9617
2019-10-11.15:46:58	93.8105	2211.51	-6.19028	12.3639
2019-10-11.15:46:59	93.3635	2219.15	0.0418261	12.7359
2019-10-11.15:47:00	92.901	2226.84	2.45505	12.9896
2019-10-11.15:47:01	92.5225	2234.51	0.134179	12.836
2019-10-11.15:47:02	92.2803	2241.98	-1.57335	12.751
2019-10-11.15:47:03	92.0848	2249.16	-1.21886	12.5575
2019-10-11.15:47:04	92.104	2255.92	0.757232	12.1189
2019-10-11.15:47:05	92.2552	2262.1	2.38016	11.8528
2019-10-11.15:47:06	92.4963	2267.74	2.02683	11.6684
2019-10-11.15:47:07	92.8208	2273.22	-0.0033657	11.6809
2019-10-11.15:47:08	93.1516	2278.9	-1.76066	11.8275
2019-10-11.15:47:09	93.2961	2284.93	-1.53871	12.081
2019-10-11.15:47:10	93.3611	2291.37	0.420159	12.168
2019-10-11.15:47:11	93.2749	2298.07	2.16928	12.4252
2019-10-11.15:47:12	93.0274	2304.99	1.98579	12.6566
2019-10-11.15:47:13	92.7615	2312.13	0.0424372	12.7218
2019-10-11.15:47:14	92.5461	2319.42	-1.77907	12.821
2019-10-11.15:47:15	92.2629	2326.73	-1.70201	12.8758
2019-10-11.15:47:16	92.0761	2333.94	0.1947	12.6255
2019-10-11.15:47:17	91.9775	2340.79	2.08153	12.4478
2019-10-11.15:47:18	91.9361	2347.18	2.14141	12.2799
2019-10-11.15:47:19	92.051	2353.22	0.300048	11.9953
2019-10-11.15:47:20	92.3487	2359.03	-1.69272	11.8499
2019-10-11.15:47:21	92.6153	2364.73	-1.89501	11.8614
2019-10-11.15:47:22	92.9045	2370.46	-0.0991464	11.7206
2019-10-11.15:47:23	93.1781	2376.21	1.95238	11.6539
2019-10-11.15:47:24	93.4522	2381.79	2.24523	11.2663
2019-10-11.15:47:25	93.9179	2386.94	0.452035	10.836
2019-10-11.15:47:26	94.6507	2391.72	-1.68892	10.4143
2019-10-11.15:47:27	95.4447	2396.14	-2.0529	10.149
2019-10-11.15:47:28	96.3967	2400.28	-0.287979	9.59986
2019-10-11.15:47:29	97.4943	2404.04	1.81559	9.33671
2019-10-11.15:47:30	98.5356	2407.62	2.10897	9.12596
2019-10-11.15:47:31	99.6757	2411.13	0.289118	8.70242
2019-10-11.15:47:32	100.992	2414.51	-1.73022	8.38656
2019-10-11.15:47:33	102.283	2417.8	-1.79277	8.11079
2019-10-11.15:47:34	103.713	2420.97	0.09951	7.63351
2019-10-11.15:47:35	105.175	2423.94	1.80532	7.46832
2019-10-11.15:47:36	106.563	2426.9	1.42812	7.23743
2019-10-11.15:47:37	108.073	2429.78	-0.527962	6.92751
2019-10-11.15:47:38	109.625	2432.49	-1.72519	6.77416
2019-10-11.15:47:39	111.165	2435.09	-0.800232	6.45592
2019-10-11.15:47:40	112.817	2437.46	0.994044	6.23354
2019-10-11.15:47:41	114.356	2439.8	1.41166	6.09782
2019-10-11.15:47:42	115.928	2442.18	0.0312568	5.83578
2019-10-11.15:47:43	117.561	2444.51	-1.25853	5.65199
2019-10-11.15:47:44	119.132	2446.82	-0.809521	5.40839
2019-10-11.15:47:45	120.786	2449.01	0.609173	5.18766
2019-10-11.15:47:46	122.341	2451.16	1.01102	5.05501
2019-10-11.15:47:47	123.913	2453.29	-0.039643	4.84042
2019-10-11.15:47:48	125.521	2455.37	-0.931303	4.68211
2019-10-11.15:47:49	127.085	2457.39	-0.441337	4.4666
2019-10-11.15:47:50	128.688	2459.3	0.548084	4.31679
2019-10-11.15:47:51	130.205	2461.18	0.543609	4.16724
2019-10-11.15:47:52	131.763	2463	-0.310703	3.99912
2019-10-11.15:47:53	133.3	2464.77	-0.62086	3.8648
2019-10-11.15:47:54	134.846	2466.46	-0.0089829	3.69177
2019-10-11.15:47:55	136.351	2468.07	0.439669	3.58144
2019-10-11.15:47:56	137.824	2469.65	0.0546518	3.44536
2019-10-11.15:47:57	139.313	2471.17	-0.418264	3.32207
2019-10-11.15:47:58	140.758	2472.63	-0.213552	3.18661
2019-10-11.15:47:59	142.191	2474.01	0.21095	3.0842
2019-10-11.15:48:00	143.565	2475.35	0.119196	2.97462
2019-10-11.15:48:01	144.945	2476.64	-0.240196	2.86647
2019-10-11.15:48:02	146.287	2477.87	-0.215522	2.76421
2019-10-11.15:48:03	147.614	2479.04	0.0703318	2.67385
2019-10-11.15:48:04	148.889	2480.16	0.0727903	2.58422
2019-10-11.15:48:05	150.156	2481.24	-0.154809	2.49472
2019-10-11.15:48:06	151.393	2482.27	-0.167498	2.41226
2019-10-11.15:48:07	152.608	2483.25	0.0070419	2.3368
2019-10-11.15:48:08	153.776	2484.19	0.0142422	2.26319
2019-10-11.15:48:09	154.924	2485.09	-0.122917	2.19042
2019-10-11.15:48:10	156.04	2485.95	-0.124385	2.12255
2019-10-11.15:48:11	157.126	2486.76	-0.0217638	2.06106
2019-10-11.15:48:12	158.172	2487.54	-0.0310097	2.00077
2019-10-11.15:48:13	159.197	2488.29	-0.10984	1.94172
2019-10-11.15:48:14	160.192	2489	-0.095505	1.88542
2019-10-11.15:48:15	161.156	2489.68	-0.0401848	1.83444
2019-10-11.15:48:16	162.33	2489.44	-0.124257	-0.459084
2019-10-11.15:48:17	164.517	2483.65	-0.218842	-0.0075731
[State]	Descent
2019-10-11.15:48:18	166.279	2479.09	0.023645	-0.985344
2019-10-11.15:48:19	168.526	2471.92	-0.0711178	-0.764118
2019-10-11.15:48:20	170.24	2466.39	-0.0910797	-0.466126
2019-10-11.15:48:21	172.119	2460.36	-0.126962	-1.48847
2019-10-11.15:48:22	174.027	2453.15	-0.0659545	-0.646402
2019-10-11.15:48:23	175.438	2448.1	-0.0162502	-0.743719
2019-10-11.15:48:24	177.068	2441.98	-0.172503	-1.46955
2019-10-11.15:48:25	178.724	2434.86	-0.108083	-0.834981
2019-10-11.15:48:26	179.937	2429.65	0.0204053	-0.551803
2019-10-11.15:48:27	181.222	2424.21	-0.155631	-1.28817
2019-10-11.15:48:28	182.69	2417.13	-0.168708	-1.12536
2019-10-11.15:48:29	183.852	2411.21	0.0170089	-0.535658
2019-10-11.15:48:30	184.784	2406.5	-0.097882	-1.03555
2019-10-11.15:48:31	185.97	2400.15	-0.218251	-1.53047
2019-10-11.15:48:32	187.118	2393.4	-0.028974	-0.909078
2019-10-11.15:48:33	187.89	2388.45	-0.0232934	-0.666059
2019-10-11.15:48:34	188.749	2383.19	-0.214792	-1.33044
2019-10-11.15:48:35	189.804	2376.3	-0.115384	-1.20098
2019-10-11.15:48:36	190.58	2370.55	0.0078242	-0.620598
2019-10-11.15:48:37	191.171	2365.94	-0.160827	-1.13558
2019-10-11.15:48:38	192.037	2359.56	-0.188736	-1.51562
2019-10-11.15:48:39	192.797	2353.24	-0.0044568	-0.806738
2019-10-11.15:48:40	193.245	2348.69	-0.0960219	-1.03555
2019-10-11.15:48:41	193.954	2342.69	-0.222654	-1.61752
2019-10-11.15:48:42	194.638	2336.25	-0.0328946	-0.839369
2019-10-11.15:48:43	194.986	2331.72	-0.0595894	-1.08536
2019-10-11.15:48:44	195.636	2325.58	-0.234194	-1.56417
2019-10-11.15:48:45	196.159	2319.5	-0.0392082	-0.681227
2019-10-11.15:48:46	196.461	2314.93	-0.0709295	-1.33353
2019-10-11.15:48:47	197.092	2308.28	-0.216454	-1.1366
2019-10-11.15:48:48	197.354	2303.31	-0.0196166	-0.836777
2019-10-11.15:48:49	197.827	2297.66	-0.135167	-1.68582
2019-10-11.15:48:50	198.221	2291.64	-0.129985	-0.558633
2019-10-11.15:48:51	198.504	2286.76	-0.0824064	-1.67792
2019-10-11.15:48:52	198.961	2280.35	-0.117252	-0.627978
2019-10-11.15:48:53	199.175	2275.62	-0.115638	-1.71504
2019-10-11.15:48:54	199.575	2269.3	-0.101492	-0.496757
2019-10-11.15:48:55	199.836	2264.24	-0.119894	-1.83881
2019-10-11.15:48:56	200.041	2258.65	-0.0909699	-0.839795
2019-10-11.15:48:57	200.47	2252.5	-0.131154	-0.782492
2019-10-11.15:48:58	200.604	2247.65	-0.116343	-2.17131
2019-10-11.15:48:59	200.687	2242.5	-0.0816284	-1.79332
2019-10-11.15:49:00	200.762	2237.32	-0.0594195	-0.853317
2019-10-11.15:49:01	200.695	2232.72	-0.0432789	-0.203141
2019-10-11.15:49:02	200.257	2229.08	0.0008817	-1.0577
2019-10-11.15:49:03	199.079	2226.59	0.069888	-5.74572
2019-10-11.15:49:04	196.95	2224.73	0.179181	-10.1302
2019-10-11.15:49:05	194.621	2223.18	0.229616	-11.4394
2019-10-11.15:49:06	192.37	2221.71	0.225979	-11.7087
2019-10-11.15:49:07	190.232	2220.26	0.271931	-11.6703
2019-10-11.15:49:08	188.206	2218.83	0.332735	-11.4914
2019-10-11.15:49:09	186.291	2217.4	0.368318	-11.1675
2019-10-11.15:49:10	184.484	2215.95	0.414145	-10.6025
2019-10-11.15:49:11	182.788	2214.46	0.471897	-9.65905
2019-10-11.15:49:12	181.207	2212.87	0.512294	-8.18668
2019-10-11.15:49:13	179.748	2211.13	0.534848	-6.08812
2019-10-11.15:49:14	178.412	2209.19	0.544953	-3.36726
2019-10-11.15:49:15	177.189	2207.01	0.528955	-0.115233
2019-10-11.15:49:16	176.044	2204.6	0.478068	3.58365
2019-10-11.15:49:17	175.005	2202.08	0.39802	7.43925
2019-10-11.15:49:18	174.178	2199.66	0.301253	10.6625
2019-10-11.15:49:19	173.622	2197.6	0.20014	12.085
2019-10-11.15:49:20	173.178	2196.16	0.114766	10.7787
2019-10-11.15:49:21	172.662	2195.49	0.0715902	6.42546
2019-10-11.15:49:22	171.845	2195.56	0.0910286	0.243125
2019-10-11.15:49:23	170.616	2196.07	0.17868	-5.63784
2019-10-11.15:49:24	169.308	2196.49	0.315264	-9.19362
2019-10-11.15:49:25	168.181	2196.31	0.45028	-9.28528
2019-10-11.15:49:26	167.325	2195.28	0.524754	-5.97248
2019-10-11.15:49:27	166.715	2193.35	0.509689	-0.293447
2019-10-11.15:49:28	166.224	2190.79	0.410068	5.95425
2019-10-11.15:49:29	165.989	2188.28	0.261358	10.7223
2019-10-11.15:49:30	166.089	2186.65	0.118031	11.3623
2019-10-11.15:49:31	166.087	2186.37	0.0392711	6.52484
2019-10-11.15:49:32	165.529	2187.31	0.0718063	-1.28709
2019-10-11.15:49:33	164.414	2188.64	0.214414	-7.41106
2019-10-11.15:49:34	163.414	2189.26	0.38586	-8.50546
2019-10-11.15:49:35	162.797	2188.57	0.47225	-4.45514
2019-10-11.15:49:36	162.498	2186.61	0.428077	2.41878
2019-10-11.15:49:37	162.399	2184.12	0.284187	8.78443
2019-10-11.15:49:38	162.709	2182.37	0.115852	11.104
2019-10-11.15:49:39	163.007	2182.22	0.0093467	6.89974
2019-10-11.15:49:40	162.691	2183.57	0.0336675	-1.11883
2019-10-11.15:49:41	161.783	2185.28	0.182742	-6.86115
2019-10-11.15:49:42	161.062	2185.99	0.343216	-6.62871
2019-10-11.15:49:43	160.792	2185.11	0.391412	-1.30015
2019-10-11.15:49:44	160.78	2183.04	0.305901	5.54219
2019-10-11.15:49:45	161.086	2181.03	0.144156	10.0862
2019-10-11.15:49:46	161.63	2180.39	0.0027893	8.61741
2019-10-11.15:49:47	161.743	2181.47	-0.0255538	1.50375
2019-10-11.15:49:48	161.1	2183.37	0.0879439	-5.19765
2019-10-11.15:49:49	160.434	2184.57	0.255788	-6.42543
2019-10-11.15:49:50	160.214	2184.16	0.334945	-2.01611
2019-10-11.15:49:51	160.292	2182.4	0.277411	4.57316
2019-10-11.15:49:52	160.654	2180.49	0.128772	9.40902
2019-10-11.15:49:53	161.28	2179.82	-0.0138107	8.55409
2019-10-11.15:49:54	161.514	2180.87	-0.0519055	1.90098
2019-10-11.15:49:55	160.991	2182.82	0.0517967	-4.71569
2019-10-11.15:49:56	159.913	2186.01	0.343261	-1.74301
2019-10-11.15:49:57	158.134	2194.55	0.39341	3.70535
2019-10-11.15:49:58	156.464	2204.26	0.0956515	10.3199
2019-10-11.15:49:59	155.166	2215.3	-0.0951624	12.4011
2019-10-11.15:50:00	153.572	2229.05	-0.005405	6.27591
2019-10-11.15:50:01	151.188	2243.81	0.160626	1.77397
2019-10-11.15:50:02	149.381	2256.16	0.120229	6.18474
2019-10-11.15:50:03	148.408	2266.84	-0.0306891	11.0358
2019-10-11.15:50:04	147.34	2280.02	-0.0258758	6.67996
2019-10-11.15:50:05	145.511	2293.98	0.138486	4.80219
2019-10-11.15:50:06	144.625	2304.84	0.0078169	9.41404
2019-10-11.15:50:07	143.739	2317.56	-0.0892949	6.54826
2019-10-11.15:50:08	142.384	2330.33	0.079841	7.46501
2019-10-11.15:50:09	141.746	2341.73	-0.0185974	7.31558
2019-10-11.15:50:10	140.57	2354.23	0.0369229	8.17381
2019-10-11.15:50:11	139.579	2366.95	-0.0214986	7.02144
2019-10-11.15:50:12	139.188	2377.15	-0.137946	6.24559
2019-10-11.15:50:13	139.02	2386.03	-0.0476884	6.33605
2019-10-11.15:50:14	138.864	2394.79	0.0879657	6.27612
2019-10-11.15:50:15	138.744	2403.37	0.0343375	6.20646
2019-10-11.15:50:16	138.685	2411.74	-0.0945628	6.04325
2019-10-11.15:50:17	138.817	2419.45	-0.10759	5.50196
2019-10-11.15:50:18	139.205	2426.01	-0.0177961	5.02609
2019-10-11.15:50:19	139.808	2431.51	0.0142998	4.59545
2019-10-11.15:50:20	140.597	2436.1	-0.0506127	4.2298
2019-10-11.15:50:21	141.529	2439.97	-0.0869865	3.94323
2019-10-11.15:50:22	142.54	2443.33	-0.0377449	3.75225
2019-10-11.15:50:23	143.564	2446.43	0.0033041	3.66887
2019-10-11.15:50:24	144.55	2449.54	-0.0265468	3.6915
2019-10-11.15:50:25	145.451	2452.9	-0.0596899	3.81032
2019-10-11.15:50:26	146.264	2456.6	-0.0482398	3.57584
2019-10-11.15:50:27	147.201	2459.77	-0.0556216	3.27475
2019-10-11.15:50:28	148.228	2462.35	-0.0616279	3.06369
2019-10-11.15:50:29	149.29	2464.59	-0.0510353	2.95026
2019-10-11.15:50:30	150.329	2466.73	-0.0407028	2.93679
2019-10-11.15:50:31	151.295	2469.03	-0.0439495	3.00264
2019-10-11.15:50:32	152.243	2471.38	-0.0668506	2.72754
2019-10-11.15:50:33	153.254	2473.3	-0.0767697	2.5758
2019-10-11.15:50:34	154.27	2474.98	-0.0525802	2.51144
2019-10-11.15:50:35	155.239	2476.68	-0.0410823	2.53657
2019-10-11.15:50:36	156.172	2478.43	-0.0667283	2.35532
2019-10-11.15:50:37	157.136	2479.9	-0.0835362	2.2563
2019-10-11.15:50:38	158.082	2481.26	-0.0574471	2.23559
2019-10-11.15:50:39	158.982	2482.66	-0.0476766	2.13333
2019-10-11.15:50:40	159.892	2483.88	-0.0770788	2.05481
2019-10-11.15:50:41	160.78	2485.02	-0.0770842	2.03763
2019-10-11.15:50:42	161.645	2486.14	-0.05893	1.92974
2019-10-11.15:50:43	162.496	2487.14	-0.0639961	1.90389
2019-10-11.15:50:44	163.326	2488.11	-0.0777738	1.81722
2019-10-11.15:50:45	164.141	2489	-0.0733754	1.78645
2019-10-11.15:50:46	164.935	2489.83	-0.0658417	1.7207
[State]	Climb
2019-10-11.15:50:47	165.707	2490.62	-0.0719672	1.66921
2019-10-11.15:50:48	166.464	2491.34	-0.0779864	1.63655
2019-10-11.15:50:49	167.202	2492.02	-0.0734881	1.58767
2019-10-11.15:50:50	167.917	2492.66	-0.0717933	1.54067
2019-10-11.15:50:51	168.613	2493.26	-0.076948	1.5031
2019-10-11.15:50:52	169.291	2493.82	-0.0780514	1.4727
2019-10-11.15:50:53	169.949	2494.34	-0.0754148	1.43956
2019-10-11.15:50:54	170.588	2494.83	-0.0768707	1.40242
2019-10-11.15:50:55	171.207	2495.3	-0.0796717	1.36792
2019-10-11.15:50:56	171.807	2495.73	-0.0789152	1.33836
2019-10-11.15:50:57	172.389	2496.14	-0.0782813	1.31389
2019-10-11.15:50:58	172.953	2496.52	-0.0802305	1.29091
2019-10-11.15:50:59	173.499	2496.89	-0.0812612	1.26422
2019-10-11.15:51:00	174.027	2497.23	-0.0807193	1.23635
2019-10-11.15:51:01	174.537	2497.55	-0.0812466	1.21211
2019-10-11.15:51:02	175.03	2497.86	-0.0823839	1.19322
2019-10-11.15:51:03	175.506	2498.15	-0.0825999	1.17702
2019-10-11.15:51:04	175.967	2498.42	-0.0827914	1.1545
2019-10-11.15:51:05	176.411	2498.68	-0.0835606	1.13242
2019-10-11.15:51:06	176.84	2498.92	-0.0839749	1.11579
2019-10-11.15:51:07	177.254	2499.15	-0.0841454	1.10433
2019-10-11.15:51:08	177.654	2499.37	-0.0847104	1.08467
2019-10-11.15:51:09	178.039	2499.58	-0.0851874	1.06641
2019-10-11.15:51:10	178.41	2499.78	-0.0853457	1.05567
2019-10-11.15:51:11	178.767	2499.97	-0.0857813	1.04358
2019-10-11.15:51:12	179.11	2500.15	-0.0862521	1.02603
2019-10-11.15:51:13	179.439	2500.32	-0.0864485	1.01388
2019-10-11.15:51:14	179.756	2500.48	-0.0867685	1.0068
2019-10-11.15:51:15	180.06	2500.64	-0.0871839	0.991145
2019-10-11.15:51:16	180.351	2500.79	-0.0873867	0.979201
2019-10-11.15:51:17	180.631	2500.92	-0.0876607	0.973975
2019-10-11.15:51:18	180.9	2501.06	-0.0880172	0.960376
2019-10-11.15:51:19	181.158	2501.19	-0.088177	0.949724
2019-10-11.15:51:20	181.406	2501.31	-0.0884647	0.945622
2019-10-11.15:51:21	181.644	2501.42	-0.0887532	0.933067
2019-10-11.15:51:22	181.872	2501.53	-0.0888504	0.924663
2019-10-11.15:51:23	182.091	2501.64	-0.0891942	0.920325
2019-10-11.15:51:24	182.301	2501.74	-0.0893721	0.909029
2019-10-11.15:51:25	182.502	2501.83	-0.0894609	0.904436
2019-10-11.15:51:26	182.696	2501.92	-0.089821	0.896808
2019-10-11.15:51:27	182.881	2502.01	-0.0898611	0.888625
2019-10-11.15:51:28	183.059	2502.09	-0.0901082	0.886416
2019-10-11.15:51:29	183.229	2502.17	-0.0902811	0.876665
2019-10-11.15:51:30	183.393	2502.25	-0.0903394	0.874149
2019-10-11.15:51:31	183.55	2502.32	-0.0906295	0.866357
2019-10-11.15:51:32	183.7	2502.39	-0.0906053	0.861503
2019-10-11.15:51:33	183.844	2502.45	-0.0909206	0.857099
2019-10-11.15:51:34	183.982	2502.52	-0.0908888	0.851048
2019-10-11.15:51:35	184.115	2502.58	-0.0911613	0.848549
2019-10-11.15:51:36	184.242	2502.64	-0.0911515	0.842076
2019-10-11.15:51:37	184.364	2502.69	-0.0913813	0.840445
2019-10-11.15:51:38	184.48	2502.74	-0.0913735	0.83404
2019-10-11.15:51:39	184.593	2502.79	-0.0915929	0.832645
2019-10-11.15:51:40	184.699	2502.84	-0.0915569	0.826771
2019-10-11.15:51:41	184.803	2502.88	-0.0917979	0.825121
2019-10-11.15:51:42	184.901	2502.93	-0.0917002	0.820311
2019-10-11.15:51:43	184.996	2502.97	-0.0919888	0.817965
2019-10-11.15:51:44	185.086	2503.01	-0.0918239	0.815034
2019-10-11.15:51:45	185.173	2503.04	-0.0921358	0.811369
2019-10-11.15:51:46	185.256	2503.08	-0.0920038	0.811497
2019-10-11.15:51:47	185.335	2503.12	-0.0922012	0.805616
2019-10-11.15:51:48	185.412	2503.15	-0.0922805	0.805603
2019-10-11.15:51:49	185.484	2503.18	-0.0921781	0.800988
2019-10-11.15:51:50	185.555	2503.21	-0.092494	0.799096
2019-10-11.15:51:51	185.622	2503.24	-0.0922343	0.798968
2019-10-11.15:51:52	185.686	2503.27	-0.0924996	0.794087
2019-10-11.15:51:53	185.748	2503.29	-0.0925841	0.793894
2019-10-11.15:51:54	185.807	2503.32	-0.0923326	0.791058
2019-10-11.15:51:55	185.864	2503.34	-0.0927509	0.788403
2019-10-11.15:51:56	185.918	2503.36	-0.0925934	0.78912
2019-10-11.15:51:57	185.969	2503.39	-0.0924837	0.785405
2019-10-11.15:51:58	186.019	2503.4	-0.0929238	0.783418
2019-10-11.15:51:59	186.067	2503.42	-0.0926189	0.784348
2019-10-11.15:52:00	186.112	2503.45	-0.0925798	0.78084
2019-10-11.15:52:01	186.156	2503.46	-0.0930606	0.778901
2019-10-11.15:52:02	186.198	2503.48	-0.0926943	0.77952
2019-10-11.15:52:03	186.238	2503.5	-0.0925762	0.777261
2019-10-11.15:52:04	186.277	2503.51	-0.0931672	0.774926
2019-10-11.15:52:05	186.314	2503.52	-0.0928413	0.774848
2019-10-11.15:52:06	186.349	2503.54	-0.0925165	0.77546
2019-10-11.15:52:07	186.382	2503.56	-0.0931613	0.771766
2019-10-11.15:52:08	186.415	2503.57	-0.0930812	0.770717
2019-10-11.15:52:09	186.446	2503.58	-0.0925759	0.771572
2019-10-11.15:52:10	186.475	2503.6	-0.0929105	0.76983
2019-10-11.15:52:11	186.504	2503.61	-0.093308	0.767628
2019-10-11.15:52:12	186.531	2503.62	-0.0928011	0.767066
2019-10-11.15:52:13	186.558	2503.62	-0.092717	0.768139
2019-10-11.15:52:14	186.582	2503.64	-0.0931223	0.766359
2019-10-11.15:52:15	186.606	2503.65	-0.0931772	0.764234
2019-10-11.15:52:16	186.629	2503.65	-0.0928115	0.76348
2019-10-11.15:52:17	186.652	2503.66	-0.092889	0.76414
2019-10-11.15:52:18	186.672	2503.67	-0.0930056	0.765223
2019-10-11.15:52:19	186.692	2503.68	-0.0930877	0.761939
2019-10-11.15:52:20	186.712	2503.69	-0.0930323	0.760404
2019-10-11.15:52:21	186.731	2503.69	-0.0929208	0.760061
2019-10-11.15:52:22	186.749	2503.7	-0.0929369	0.760877
2019-10-11.15:52:23	186.765	2503.7	-0.0929188	0.762611
2019-10-11.15:52:24	186.781	2503.72	-0.0930727	0.759442
2019-10-11.15:52:25	186.797	2503.72	-0.0931154	0.757634
2019-10-11.15:52:26	186.812	2503.72	-0.0929058	0.756775
2019-10-11.15:52:27	186.828	2503.72	-0.0929201	0.756871
2019-10-11.15:52:28	186.842	2503.72	-0.0929765	0.757892
2019-10-11.15:52:29	186.854	2503.73	-0.0928586	0.759741
2019-10-11.15:52:30	186.865	2503.74	-0.0929933	0.757219
2019-10-11.15:52:31	186.877	2503.75	-0.0931527	0.755202
2019-10-11.15:52:32	186.89	2503.75	-0.092903	0.753893
2019-10-11.15:52:33	186.902	2503.74	-0.0928706	0.753335
2019-10-11.15:52:34	186.914	2503.74	-0.0929883	0.75354
2019-10-11.15:52:35	186.924	2503.74	-0.0928741	0.754445
2019-10-11.15:52:36	186.934	2503.74	-0.09279	0.755984
2019-10-11.15:52:37	186.942	2503.75	-0.0928506	0.757422
2019-10-11.15:52:38	186.949	2503.76	-0.0930573	0.754348
2019-10-11.15:52:39	186.958	2503.77	-0.092982	0.752272
2019-10-11.15:52:40	186.967	2503.76	-0.0928243	0.750729
2019-10-11.15:52:41	186.976	2503.76	-0.0929054	0.749771
2019-10-11.15:52:42	186.986	2503.75	-0.0929043	0.749403
2019-10-11.15:52:43	186.994	2503.74	-0.0927873	0.749593
2019-10-11.15:52:44	187.002	2503.73	-0.0927905	0.750322
2019-10-11.15:52:45	187.009	2503.73	-0.0928042	0.751549
2019-10-11.15:52:46	187.015	2503.73	-0.0927325	0.753202
2019-10-11.15:52:47	187.02	2503.74	-0.0927042	0.755213
2019-10-11.15:52:48	187.023	2503.76	-0.0927815	0.754376
2019-10-11.15:52:49	187.027	2503.76	-0.0929786	0.751746
2019-10-11.15:52:50	187.033	2503.77	-0.0928111	0.749403
2019-10-11.15:52:51	187.039	2503.76	-0.0927279	0.747411
2019-10-11.15:52:52	187.046	2503.75	-0.0928369	0.745846
2019-10-11.15:52:53	187.053	2503.73	-0.0927768	0.744729
2019-10-11.15:52:54	187.061	2503.72	-0.0926806	0.744065
2019-10-11.15:52:55	187.068	2503.7	-0.0927168	0.743872
2019-10-11.15:52:56	187.074	2503.68	-0.0927014	0.744136
2019-10-11.15:52:57	187.081	2503.66	-0.0926263	0.74482
2019-10-11.15:52:58	187.086	2503.65	-0.0926204	0.74589
2019-10-11.15:52:59	187.09	2503.64	-0.0926169	0.747298
2019-10-11.15:53:00	187.094	2503.64	-0.0925676	0.748978
2019-10-11.15:53:01	187.096	2503.64	-0.0925451	0.750868
2019-10-11.15:53:02	187.097	2503.65	-0.0925411	0.752901
2019-10-11.15:53:03	187.096	2503.66	-0.0925117	0.755002
2019-10-11.15:53:04	187.095	2503.68	-0.092489	0.756733
2019-10-11.15:53:05	187.094	2503.7	-0.092717	0.753109
2019-10-11.15:53:06	187.095	2503.72	-0.0927271	0.749979
2019-10-11.15:53:07	187.097	2503.72	-0.0925288	0.746927
2019-10-11.15:53:08	187.101	2503.71	-0.0925976	0.744073
2019-10-11.15:53:09	187.106	2503.69	-0.0926495	0.741513
2019-10-11.15:53:10	187.112	2503.67	-0.0925264	0.739294
2019-10-11.15:53:11	187.119	2503.64	-0.0925097	0.737482
2019-10-11.15:53:12	187.126	2503.6	-0.0925469	0.73613
2019-10-11.15:53:13	187.134	2503.57	-0.0924794	0.735251
2019-10-11.15:53:14	187.141	2503.52	-0.0924335	0.734854
2019-10-11.15:53:15	187.149	2503.48	-0.0924448	0.734939
2019-10-11.15:53:16	187.155	2503.44	-0.0924092	0.73548
2019-10-11.15:53:17	187.161	2503.41	-0.0923626	0.736436
2019-10-11.15:53:18	187.166	2503.38	-0.0923552	0.737765
2019-10-11.15:53:19	187.17	2503.35	-0.0923351	0.739408
2019-10-11.15:53:20	187.173	2503.33	-0.0922984	0.741297
2019-10-11.15:53:21	187.174	2503.31	-0.0922827	0.743363
[State]	Cruise
2019-10-11.15:53:22	187.174	2503.3	-0.0922695	0.745532
2019-10-11.15:53:23	187.173	2503.3	-0.0922442	0.747732
2019-10-11.15:53:24	187.171	2503.31	-0.0922275	0.74989
2019-10-11.15:53:25	187.168	2503.32	-0.0922174	0.751941
2019-10-11.15:53:26	187.164	2503.34	-0.092201	0.753824
2019-10-11.15:53:27	187.159	2503.37	-0.0921866	0.755488
2019-10-11.15:53:28	187.154	2503.4	-0.0921779	0.75689
2019-10-11.15:53:29	187.148	2503.43	-0.0921667	0.757998
2019-10-11.15:53:30	187.142	2503.47	-0.0921548	0.75879
2019-10-11.15:53:31	187.136	2503.5	-0.0921461	0.759257
2019-10-11.15:53:32	187.131	2503.54	-0.0921366	0.759399
2019-10-11.15:53:33	187.125	2503.58	-0.0921373	0.758465
2019-10-11.15:53:34	187.121	2503.62	-0.0922152	0.756203
2019-10-11.15:53:35	187.118	2503.64	-0.0921739	0.753786
2019-10-11.15:53:36	187.117	2503.66	-0.0921205	0.751247
2019-10-11.15:53:37	187.117	2503.67	-0.0921497	0.748686
2019-10-11.15:53:38	187.118	2503.67	-0.0921357	0.746187
2019-10-11.15:53:39	187.121	2503.67	-0.0920865	0.743822
2019-10-11.15:53:40	187.125	2503.65	-0.0920824	0.74167
2019-10-11.15:53:41	187.13	2503.63	-0.0920728	0.739792
2019-10-11.15:53:42	187.135	2503.61	-0.092033	0.738235
2019-10-11.15:53:43	187.141	2503.58	-0.0920116	0.737039
2019-10-11.15:53:44	187.147	2503.55	-0.0919982	0.736229
2019-10-11.15:53:45	187.153	2503.51	-0.0919667	0.735813
2019-10-11.15:53:46	187.159	2503.48	-0.0919396	0.73579
2019-10-11.15:53:47	187.164	2503.44	-0.0919222	0.736144
2019-10-11.15:53:48	187.169	2503.41	-0.0918971	0.736849
2019-10-11.15:53:49	187.173	2503.38	-0.0918711	0.737868
2019-10-11.15:53:50	187.176	2503.36	-0.0918525	0.739155
2019-10-11.15:53:51	187.179	2503.34	-0.0918325	0.740659
2019-10-11.15:53:52	187.18	2503.32	-0.0918108	0.742321
2019-10-11.15:53:53	187.18	2503.31	-0.0917937	0.744084
2019-10-11.15:53:54	187.18	2503.31	-0.091778	0.745887
2019-10-11.15:53:55	187.178	2503.31	-0.0917613	0.747672
2019-10-11.15:53:56	187.176	2503.32	-0.0917471	0.749383
2019-10-11.15:53:57	187.173	2503.33	-0.0917348	0.750969
2019-10-11.15:53:58	187.169	2503.35	-0.0917222	0.752387
2019-10-11.15:53:59	187.164	2503.37	-0.0917107	0.7536
2019-10-11.15:54:00	187.16	2503.4	-0.0917007	0.754578
2019-10-11.15:54:01	187.155	2503.43	-0.0916906	0.755304
2019-10-11.15:54:02	187.15	2503.46	-0.0916806	0.755764
2019-10-11.15:54:03	187.145	2503.49	-0.0916712	0.755959
2019-10-11.15:54:04	187.14	2503.52	-0.0916616	0.755895
2019-10-11.15:54:05	187.136	2503.55	-0.0916516	0.755588
2019-10-11.15:54:06	187.132	2503.58	-0.0916414	0.755059
2019-10-11.15:54:07	187.129	2503.6	-0.0916307	0.754337
2019-10-11.15:54:08	187.126	2503.63	-0.0916191	0.753456
2019-10-11.15:54:09	187.124	2503.65	-0.091607	0.752452
2019-10-11.15:54:10	187.123	2503.67	-0.0915941	0.751366
2019-10-11.15:54:11	187.122	2503.68	-0.0915803	0.750238
2019-10-11.15:54:12	187.122	2503.69	-0.0915658	0.749107
2019-10-11.15:54:13	187.122	2503.7	-0.0915505	0.748011
2019-10-11.15:54:14	187.124	2503.7	-0.0915345	0.746987
2019-10-11.15:54:15	187.125	2503.7	-0.0915178	0.746065
2019-10-11.15:54:16	187.127	2503.7	-0.0915006	0.745273
2019-10-11.15:54:17	187.129	2503.69	-0.091483	0.744631
2019-10-11.15:54:18	187.132	2503.69	-0.0914651	0.744155
2019-10-11.15:54:19	187.134	2503.68	-0.0914469	0.743855
2019-10-11.15:54:20	187.137	2503.67	-0.0914288	0.743734
2019-10-11.15:54:21	187.139	2503.66	-0.0914107	0.74379
2019-10-11.15:54:22	187.141	2503.66	-0.0913928	0.744014
2019-10-11.15:54:23	187.143	2503.65	-0.0913752	0.744393
2019-10-11.15:54:24	187.144	2503.64	-0.091358	0.744909
2019-10-11.15:54:25	187.145	2503.64	-0.0913412	0.745541
2019-10-11.15:54:26	187.146	2503.64	-0.0913251	0.746265
2019-10-11.15:54:27	187.146	2503.64	-0.0913095	0.747054
2019-10-11.15:54:28	187.146	2503.65	-0.0912945	0.747882
2019-10-11.15:54:29	187.145	2503.65	-0.0912801	0.748722
2019-10-11.15:54:30	187.144	2503.66	-0.0912664	0.749547
2019-10-11.15:54:31	187.143	2503.68	-0.0912532	0.750333
2019-10-11.15:54:32	187.141	2503.69	-0.0912405	0.751058
2019-10-11.15:54:33	187.139	2503.71	-0.0912283	0.751702
2019-10-11.15:54:34	187.137	2503.73	-0.0912165	0.75225
2019-10-11.15:54:35	187.134	2503.75	-0.0912102	0.752174
2019-10-11.15:54:36	187.133	2503.77	-0.0912951	0.750457
2019-10-11.15:54:37	187.132	2503.78	-0.0912671	0.74881
2019-10-11.15:54:38	187.132	2503.79	-0.0912007	0.74715
2019-10-11.15:54:39	187.133	2503.79	-0.09123	0.745543
2019-10-11.15:54:40	187.134	2503.79	-0.0912277	0.74404
2019-10-11.15:54:41	187.137	2503.78	-0.0911765	0.742679
2019-10-11.15:54:42	187.14	2503.77	-0.0911719	0.741504
2019-10-11.15:54:43	187.143	2503.75	-0.0911716	0.740549
2019-10-11.15:54:44	187.147	2503.74	-0.0911359	0.739832
2019-10-11.15:54:45	187.151	2503.72	-0.0911163	0.739368
2019-10-11.15:54:46	187.154	2503.7	-0.0911106	0.739164
2019-10-11.15:54:47	187.158	2503.68	-0.0910859	0.739216
2019-10-11.15:54:48	187.161	2503.66	-0.0910628	0.739511
2019-10-11.15:54:49	187.164	2503.64	-0.091052	0.740031
2019-10-11.15:54:50	187.167	2503.62	-0.091034	0.740752
2019-10-11.15:54:51	187.169	2503.61	-0.091013	0.74164
2019-10-11.15:54:52	187.17	2503.6	-0.091	0.742664
2019-10-11.15:54:53	187.17	2503.59	-0.0909861	0.743784
2019-10-11.15:54:54	187.17	2503.59	-0.0909692	0.744962
2019-10-11.15:54:55	187.17	2503.59	-0.0909565	0.746158
2019-10-11.15:54:56	187.37	2502.67	-0.142645	-0.998277
2019-10-11.15:54:57	188.249	2497.34	-0.124711	-0.13681
2019-10-11.15:54:58	188.969	2492.86	-0.0545463	-1.78702
2019-10-11.15:54:59	189.768	2487.05	-0.087615	-0.447918
2019-10-11.15:55:00	190.703	2481.08	-0.146913	-1.0282
2019-10-11.15:55:01	191.257	2476.27	-0.049478	-1.70958
2019-10-11.15:55:02	192.057	2469.91	-0.0809993	-0.124455
2019-10-11.15:55:03	192.871	2463.96	-0.139467	-0.581146
2019-10-11.15:55:04	193.421	2458.9	-0.10887	-2.21672
2019-10-11.15:55:05	193.848	2453.74	-0.0836811	-3.19105
2019-10-11.15:55:06	194.245	2448.37	-0.0658648	-3.72041
2019-10-11.15:55:07	194.483	2443.08	-0.0294111	-5.08329
2019-10-11.15:55:08	194.287	2437.89	-0.0187605	-8.0262
2019-10-11.15:55:09	193.419	2432.72	-0.0214947	-11.2514
2019-10-11.15:55:10	191.929	2428.09	0.0736828	-12.0322
2019-10-11.15:55:11	190.35	2423.65	0.104494	-12.1544
2019-10-11.15:55:12	188.829	2419.22	0.129937	-12.2624
2019-10-11.15:55:13	187.388	2414.73	0.212488	-12.4159
2019-10-11.15:55:14	186.033	2410.16	0.281194	-12.5407
2019-10-11.15:55:15	184.768	2405.5	0.3273	-12.5247
2019-10-11.15:55:16	183.595	2400.7	0.393124	-12.2362
2019-10-11.15:55:17	182.522	2395.75	0.460304	-11.5524
2019-10-11.15:55:18	181.551	2390.6	0.504115	-10.3744
2019-10-11.15:55:19	180.684	2385.22	0.536805	-8.6463
2019-10-11.15:55:20	179.918	2379.59	0.559951	-6.39237
2019-10-11.15:55:21	179.247	2373.69	0.559506	-3.73156
2019-10-11.15:55:22	178.652	2367.52	0.533703	-0.747514
2019-10-11.15:55:23	178.108	2361.12	0.487823	2.47681
2019-10-11.15:55:24	177.635	2354.58	0.421675	5.74408
2019-10-11.15:55:25	177.298	2348.03	0.341087	8.62731
2019-10-11.15:55:26	177.158	2341.63	0.257442	10.4512
2019-10-11.15:55:27	177.15	2335.51	0.181099	10.6868
2019-10-11.15:55:28	177.17	2329.76	0.121871	9.00061
2019-10-11.15:55:29	177.127	2324.44	0.0907225	5.42042
2019-10-11.15:55:30	176.911	2319.51	0.096595	0.633966
2019-10-11.15:55:31	176.421	2314.85	0.142511	-4.30525
2019-10-11.15:55:32	175.753	2310.26	0.225278	-8.50587
2019-10-11.15:55:33	175.094	2305.5	0.329884	-11.1666
2019-10-11.15:55:34	174.537	2300.37	0.435718	-11.9318
2019-10-11.15:55:35	174.106	2294.79	0.519179	-10.8208
2019-10-11.15:55:36	173.82	2288.71	0.562891	-8.08366
2019-10-11.15:55:37	173.653	2282.15	0.562578	-4.23831
2019-10-11.15:55:38	173.551	2275.18	0.519612	0.0528162
2019-10-11.15:55:39	173.476	2267.95	0.439177	4.42439
2019-10-11.15:55:40	173.519	2260.74	0.336939	8.19713
[State]	Descent
2019-10-11.15:55:41	173.779	2253.83	0.232406	10.2929
2019-10-11.15:55:42	174.148	2247.44	0.142854	9.95858
2019-10-11.15:55:43	174.446	2241.69	0.0869062	6.97235
2019-10-11.15:55:44	174.488	2236.78	0.0826393	2.10361
2019-10-11.15:55:45	174.098	2232.75	0.125939	-3.28511
2019-10-11.15:55:46	173.354	2229.37	0.212169	-7.88671
2019-10-11.15:55:47	172.521	2226.26	0.331979	-10.5574
2019-10-11.15:55:48	171.742	2223.11	0.45198	-10.775
2019-10-11.15:55:49	171.083	2219.73	0.531563	-8.5809
2019-10-11.15:55:50	170.554	2216.04	0.551843	-4.41073
2019-10-11.15:55:51	170.111	2212.02	0.512196	0.761365
2019-10-11.15:55:52	169.692	2207.89	0.41594	6.10085
2019-10-11.15:55:53	169.455	2204.06	0.287172	10.2772
2019-10-11.15:55:54	169.479	2201.04	0.161314	11.4663
2019-10-11.15:55:55	169.484	2199.14	0.0756845	8.52409
2019-10-11.15:55:56	169.18	2198.38	0.0641733	2.17871
2019-10-11.15:55:57	168.301	2198.43	0.141602	-4.59405
2019-10-11.15:55:58	167.183	2198.56	0.288422	-8.90721
2019-10-11.15:55:59	166.232	2198.07	0.437651	-9.10963
2019-10-11.15:56:00	165.57	2196.63	0.514211	-5.37579
2019-10-11.15:56:01	165.152	2194.23	0.486838	0.814052
2019-10-11.15:56:02	164.851	2191.28	0.369965	7.20977
2019-10-11.15:56:03	164.867	2188.66	0.212463	11.2355
2019-10-11.15:56:04	165.106	2187.22	0.0780683	10.2202
2019-10-11.15:56:05	165.076	2187.28	0.0328498	3.73732
2019-10-11.15:56:06	164.326	2188.43	0.113079	-4.05657
2019-10-11.15:56:07	163.271	2189.53	0.283112	-8.36013
2019-10-11.15:56:08	162.501	2189.55	0.429776	-7.03786
2019-10-11.15:56:09	162.133	2188.17	0.457728	-1.27738
2019-10-11.15:56:10	161.985	2185.78	0.360834	5.68642
2019-10-11.15:56:11	162.142	2183.46	0.194827	10.4741
2019-10-11.15:56:12	162.581	2182.42	0.0471303	9.61931
2019-10-11.15:56:13	162.689	2183.08	0.0030565	2.79733
2019-10-11.15:56:14	162.02	2184.76	0.0990164	-4.63866
2019-10-11.15:56:15	161.185	2186.06	0.272162	-7.39593
2019-10-11.15:56:16	160.737	2185.93	0.384224	-4.1988
2019-10-11.15:56:17	160.659	2184.31	0.360196	2.34121
2019-10-11.15:56:18	160.807	2182.09	0.224799	8.42469
2019-10-11.15:56:19	161.33	2180.68	0.0628182	10.1126
2019-10-11.15:56:20	161.743	2180.95	-0.0274878	5.20755
2019-10-11.15:56:21	161.438	2182.62	0.0217191	-2.42148
2019-10-11.15:56:22	160.705	2184.32	0.181925	-6.63179
2019-10-11.15:56:23	160.266	2184.72	0.3183	-4.69454
2019-10-11.15:56:24	160.238	2183.53	0.327074	1.29849
2019-10-11.15:56:25	160.436	2181.51	0.213781	7.47603
2019-10-11.15:56:26	160.989	2180.08	0.0559614	9.84136
2019-10-11.15:56:27	161.508	2180.27	-0.0447544	5.71407
2019-10-11.15:56:28	161.346	2181.92	-0.0111938	-1.69981
2019-10-11.15:56:29	160.691	2183.73	0.140795	-6.21699
2019-10-11.15:56:30	160.279	2184.32	0.282975	-4.70291
2019-10-11.15:56:31	160.277	2183.3	0.303846	1.02252
2019-10-11.15:56:32	160.5	2181.4	0.201242	7.1344
2019-10-11.15:56:33	161.06	2179.99	0.0482209	9.67626
2019-10-11.15:56:34	161.608	2180.14	-0.0544126	5.86879
2019-10-11.15:56:35	161.5	2181.77	-0.0273469	-1.3916
2019-10-11.15:56:36	161.058	2182.64	0.0523747	-8.37787
2019-10-11.15:56:37	161.463	2178.69	0.212234	-7.67396
2019-10-11.15:56:38	162.386	2171.9	0.372203	-2.4711
2019-10-11.15:56:39	163.457	2163.78	0.302488	3.59025
2019-10-11.15:56:40	164.679	2155.56	0.116057	7.90622
2019-10-11.15:56:41	166.058	2148.15	0.0032702	8.25655
2019-10-11.15:56:42	167.207	2141.89	-0.0198663	3.97401
2019-10-11.15:56:43	167.803	2136.6	-0.0105172	-2.75475
2019-10-11.15:56:44	167.809	2131.74	0.0734363	-8.67365
2019-10-11.15:56:45	167.733	2126.54	0.250808	-11.2746
2019-10-11.15:56:46	167.811	2120.54	0.40338	-10.143
2019-10-11.15:56:47	168.089	2113.69	0.451036	-6.12488
2019-10-11.15:56:48	168.484	2106.12	0.427382	-0.770138
2019-10-11.15:56:49	168.893	2098.17	0.354546	4.60539
2019-10-11.15:56:50	169.446	2090.34	0.241232	8.70542
2019-10-11.15:56:51	170.216	2083.11	0.121891	9.99151
2019-10-11.15:56:52	170.957	2076.73	0.0395379	7.67971
2019-10-11.15:56:53	171.456	2071.18	0.0188223	2.36016
2019-10-11.15:56:54	171.499	2066.23	0.0612567	-3.81952
2019-10-11.15:56:55	171.193	2061.44	0.161962	-8.8655
2019-10-11.15:56:56	170.879	2056.38	0.296932	-11.4163
2019-10-11.15:56:57	170.687	2050.74	0.420207	-11.1856
2019-10-11.15:56:58	170.665	2044.46	0.49303	-8.56631
2019-10-11.15:56:59	170.779	2037.57	0.506644	-4.33537
2019-10-11.15:57:00	170.955	2030.18	0.466457	0.442566
2019-10-11.15:57:01	171.15	2022.57	0.380568	5.1474
2019-10-11.15:57:02	171.487	2015.07	0.272484	8.79336
2019-10-11.15:57:03	172.03	2008.04	0.167331	10.1973
2019-10-11.15:57:04	172.59	2001.66	0.0861392	8.70326
2019-10-11.15:57:05	173.004	1995.96	0.0474096	4.45557
2019-10-11.15:57:06	173.105	1990.85	0.0630127	-1.17736
2019-10-11.15:57:07	172.824	1986.02	0.133369	-6.51624
2019-10-11.15:57:08	172.404	1981.15	0.244055	-10.2731
2019-10-11.15:57:09	172.059	1975.9	0.364948	-11.7295
2019-10-11.15:57:10	171.835	1970.13	0.465183	-10.8884
2019-10-11.15:57:11	171.761	1963.81	0.520899	-8.11737
2019-10-11.15:57:12	171.806	1956.96	0.525528	-4.08524
2019-10-11.15:57:13	171.903	1949.68	0.482991	0.373737
2019-10-11.15:57:14	172.019	1942.18	0.401699	4.80569
2019-10-11.15:57:15	172.256	1934.75	0.299846	8.42149
2019-10-11.15:57:16	172.694	1927.68	0.197956	10.1651
2019-10-11.15:57:17	173.194	1921.17	0.113957	9.3898
2019-10-11.15:57:18	173.599	1915.27	0.0645819	6.00518
2019-10-11.15:57:19	173.777	1909.93	0.0621274	0.882322
2019-10-11.15:57:20	173.596	1904.96	0.109437	-4.46938
2019-10-11.15:57:21	173.185	1900.07	0.200614	-8.84803
2019-10-11.15:57:22	172.778	1894.96	0.314053	-11.3381
2019-10-11.15:57:23	172.467	1889.43	0.423064	-11.6769
2019-10-11.15:57:24	172.29	1883.4	0.501644	-10.0404
2019-10-11.15:57:25	172.242	1876.86	0.535318	-6.84226
2019-10-11.15:57:26	172.291	1869.86	0.523573	-2.78376
2019-10-11.15:57:27	172.365	1862.5	0.470394	1.52906
2019-10-11.15:57:28	172.471	1855.01	0.384701	5.68961
2019-10-11.15:57:29	172.719	1847.64	0.28504	8.88406
2019-10-11.15:57:30	173.149	1840.65	0.188602	10.2035
2019-10-11.15:57:31	173.611	1834.18	0.111079	9.13653
2019-10-11.15:57:32	173.978	1828.28	0.0672245	5.67811
2019-10-11.15:57:33	174.123	1822.89	0.0673923	0.686802
2019-10-11.15:57:34	173.933	1817.84	0.113713	-4.47382
2019-10-11.15:57:35	173.528	1812.86	0.200539	-8.7342
2019-10-11.15:57:36	173.121	1807.69	0.309238	-11.2591
2019-10-11.15:57:37	172.803	1802.13	0.415521	-11.7791
2019-10-11.15:57:38	172.589	1796.17	0.499766	-10.33
2019-10-11.15:57:39	172.428	1790.07	0.545852	-7.29625
2019-10-11.15:57:40	172.278	1784.02	0.541242	-3.2689
2019-10-11.15:57:41	172.086	1778.1	0.492913	1.14127
2019-10-11.15:57:42	171.85	1772.47	0.412139	5.57963
2019-10-11.15:57:43	171.686	1767.33	0.310535	9.27141
2019-10-11.15:57:44	171.689	1762.93	0.204423	11.0975
2019-10-11.15:57:45	171.727	1759.46	0.116182	10.2291
2019-10-11.15:57:46	171.634	1757.01	0.0688121	6.41346
2019-10-11.15:57:47	171.228	1755.48	0.078116	0.712462
[State]	Landing
2019-10-11.15:57:48	170.377	1754.61	0.149797	-4.96591
2019-10-11.15:57:49	169.341	1753.93	0.272693	-8.87614
2019-10-11.15:57:50	168.399	1752.97	0.406272	-9.85475
2019-10-11.15:57:51	167.645	1751.44	0.501079	-7.77514
2019-10-11.15:57:52	167.103	1749.24	0.523438	-3.20156
2019-10-11.15:57:53	166.691	1746.44	0.469209	2.49695
2019-10-11.15:57:54	166.373	1743.43	0.35255	7.98427
2019-10-11.15:57:55	166.344	1740.83	0.212157	11.2467
2019-10-11.15:57:56	166.492	1739.24	0.0928662	10.3751
2019-10-11.15:57:57	166.45	1738.88	0.0421445	4.94105
2019-10-11.15:57:58	165.853	1739.53	0.0904412	-2.30356
2019-10-11.15:57:59	164.823	1740.46	0.22886	-7.69709
2019-10-11.15:58:00	163.905	1740.78	0.388751	-8.75271
2019-10-11.15:58:01	163.302	1740.02	0.481355	-5.33964
2019-10-11.15:58:02	162.986	1738.15	0.460156	0.91483
2019-10-11.15:58:03	162.819	1735.65	0.341533	7.29584
2019-10-11.15:58:04	162.981	1733.51	0.181662	11.0119
2019-10-11.15:58:05	163.331	1732.63	0.05163	9.37968
2019-10-11.15:58:06	163.349	1733.24	0.0189794	2.60556
2019-10-11.15:58:07	162.657	1734.77	0.110626	-4.61494
2019-10-11.15:58:08	161.788	1736.03	0.276324	-7.79015
2019-10-11.15:58:09	161.244	1736.08	0.399462	-5.51263
2019-10-11.15:58:10	161.075	1734.76	0.402615	0.4461
2019-10-11.15:58:11	161.096	1732.61	0.294379	6.82959
2019-10-11.15:58:12	161.443	1730.79	0.135814	10.3896
2019-10-11.15:58:13	161.939	1730.32	0.0100658	8.21579
2019-10-11.15:58:14	162	1731.39	-0.0070546	1.21372
2019-10-11.15:58:15	161.368	1733.17	0.103517	-5.25576
2019-10-11.15:58:16	160.7	1734.37	0.266452	-6.83498
2019-10-11.15:58:17	160.426	1734.16	0.356718	-3.12813
2019-10-11.15:58:18	160.453	1732.62	0.322126	3.13049
2019-10-11.15:58:19	160.696	1730.66	0.191392	8.58715
2019-10-11.15:58:20	161.265	1729.51	0.0424466	9.73039
2019-10-11.15:58:21	161.694	1729.92	-0.037947	4.9
2019-10-11.15:58:22	161.451	1731.58	0.0085859	-2.27935
2019-10-11.15:58:23	160.801	1733.29	0.158502	-6.45989
2019-10-11.15:58:24	160.386	1733.87	0.296089	-5.05966
2019-10-11.15:58:25	160.358	1732.97	0.323085	0.349061
2019-10-11.15:58:26	160.531	1731.15	0.234166	6.41813
2019-10-11.15:58:27	161	1729.6	0.0874864	9.76607
2019-10-11.15:58:28	161.585	1729.36	-0.0301768	7.46062
2019-10-11.15:58:29	161.693	1730.62	-0.040379	0.691831
2019-10-11.15:58:30	161.15	1732.5	0.0738429	-5.22853
2019-10-11.15:58:31	160.602	1733.68	0.232593	-6.20013
2019-10-11.15:58:32	160.443	1733.42	0.314281	-2.1893
2019-10-11.15:58:33	160.542	1731.92	0.274437	3.91814
2019-10-11.15:58:34	160.864	1730.13	0.145357	8.85845
2019-10-11.15:58:35	161.468	1729.25	0.006394	9.19971
2019-10-11.15:58:36	161.848	1729.91	-0.0570285	3.86623
2019-10-11.15:58:37	161.534	1731.67	0.0053783	-3.03239
2019-10-11.15:58:38	160.908	1733.3	0.16029	-6.49222
2019-10-11.15:58:39	160.553	1733.74	0.289495	-4.50654
2019-10-11.15:58:40	160.552	1732.72	0.305818	1.06695
2019-10-11.15:58:41	160.739	1730.92	0.211063	6.95843
2019-10-11.15:58:42	161.229	1729.48	0.066606	9.81428
2019-10-11.15:58:43	161.778	1729.4	-0.0422482	6.97267
2019-10-11.15:58:44	161.809	1730.76	-0.0408427	0.0965852
2019-10-11.15:58:45	161.227	1732.62	0.0815475	-5.54022
2019-10-11.15:58:46	160.685	1733.72	0.239637	-6.11725
2019-10-11.15:58:47	160.533	1733.37	0.315106	-1.87434
2019-10-11.15:58:48	160.624	1731.81	0.269701	4.25747
2019-10-11.15:58:49	160.945	1730.03	0.138544	9.05634
2019-10-11.15:58:50	161.539	1729.22	0.0013535	9.13611
2019-10-11.15:58:51	161.884	1729.93	-0.0572551	3.60619
2019-10-11.15:58:52	161.532	1731.72	0.0106069	-3.27308
2019-10-11.15:58:53	160.893	1733.32	0.167804	-6.5599
2019-10-11.15:58:54	160.542	1733.71	0.294658	-4.40069
2019-10-11.15:58:55	160.54	1732.65	0.306916	1.25473
2019-10-11.15:58:56	160.727	1730.82	0.208837	7.12889
2019-10-11.15:58:57	161.223	1729.41	0.0635898	9.84792
2019-10-11.15:58:58	161.762	1729.38	-0.0431778	6.8164
2019-10-11.15:58:59	161.767	1730.78	-0.0377107	-0.121803
2019-10-11.15:59:00	161.173	1732.64	0.0880283	-5.65408
2019-10-11.15:59:01	160.639	1733.7	0.245205	-6.04745
2019-10-11.15:59:02	160.499	1733.3	0.316502	-1.67405
2019-10-11.15:59:03	160.598	1731.72	0.266767	4.47276
