DateTime	AltitudeTape:altitude	AirspeedTape:airspeed	HeadingIndicator:heading	AttitudeIndicator:roll
[State]	Standing
2019-10-11.15:13:55	0.474726	1654.61	-0.0010306	0.0033878
[State]	Taxiing
2019-10-11.15:13:56	0.0853854	1654.75	-0.0245335	0.477567
2019-10-11.15:13:57	0.0535163	1654.78	-0.0370837	-0.0699337
2019-10-11.15:13:58	1.36374	1654.79	-0.0897221	-0.0973998
2019-10-11.15:13:59	4.63345	1654.79	-0.16695	0.135519
2019-10-11.15:14:00	8.47311	1654.79	-0.187747	0.240839
2019-10-11.15:14:01	12.389	1654.79	-0.234575	0.290906
2019-10-11.15:14:02	16.2332	1654.79	-0.4139	0.331684
2019-10-11.15:14:03	20.0128	1654.79	-0.792596	0.468966
2019-10-11.15:14:04	23.7334	1654.79	-1.17266	0.564563
2019-10-11.15:14:05	27.3797	1654.8	-1.49447	0.616828
2019-10-11.15:14:06	30.9559	1654.8	-1.70837	0.635842
2019-10-11.15:14:07	34.4348	1654.8	-1.86766	0.665765
2019-10-11.15:14:08	37.7809	1654.8	-2.01423	0.704558
2019-10-11.15:14:09	41.001	1654.81	-2.11545	0.740645
2019-10-11.15:14:10	44.1171	1654.81	-2.16248	0.777494
2019-10-11.15:14:11	47.1587	1654.81	-2.16396	0.82481
2019-10-11.15:14:12	50.1562	1654.82	-2.10866	0.882634
2019-10-11.15:14:13	53.1344	1654.82	-2.00766	0.945272
2019-10-11.15:14:14	56.1104	1654.83	-1.8771	1.00687
2019-10-11.15:14:15	59.096	1654.83	-1.72444	1.06865
2019-10-11.15:14:16	62.0998	1654.84	-1.55393	1.13146
2019-10-11.15:14:17	65.1278	1654.84	-1.36819	1.19566
2019-10-11.15:14:18	68.1849	1654.85	-1.16905	1.2612
2019-10-11.15:14:19	71.2742	1654.85	-0.958062	1.32793
2019-10-11.15:14:20	74.398	1654.86	-0.736575	1.39564
2019-10-11.15:14:21	77.5573	1654.87	-0.505914	1.46405
2019-10-11.15:14:22	80.7522	1654.88	-0.267458	1.53288
2019-10-11.15:14:23	84.0027	1654.89	-0.156491	1.59361
[State]	TakeOff
2019-10-11.15:14:24	87.3331	1654.9	-0.0623919	2.20471
2019-10-11.15:14:25	90.5386	1655.08	0.0557722	8.7382
2019-10-11.15:14:26	91.1693	1659.87	3.68779	12.7745
2019-10-11.15:14:27	90.2924	1668.3	9.74587	11.4898
2019-10-11.15:14:28	89.4393	1675.17	16.3539	11.7901
2019-10-11.15:14:29	88.6146	1680.6	23.9048	12.7718
2019-10-11.15:14:30	87.8952	1684.94	30.7348	12.9617
2019-10-11.15:14:31	87.3477	1688.08	30.3798	12.5543
2019-10-11.15:14:32	86.9962	1690.8	30.3772	11.7013
2019-10-11.15:14:33	86.7789	1693.23	30.3673	11.4434
2019-10-11.15:14:34	86.6016	1695.52	30.3537	11.7013
2019-10-11.15:14:35	86.4069	1697.73	30.3456	12.1767
2019-10-11.15:14:36	86.1884	1699.88	30.3461	12.4807
2019-10-11.15:14:37	85.9769	1701.95	30.3512	12.4813
2019-10-11.15:14:38	85.802	1703.94	30.3549	12.2853
2019-10-11.15:14:39	85.6715	1705.83	30.3544	12.0962
2019-10-11.15:14:40	85.5716	1707.63	30.3505	12.0453
2019-10-11.15:14:41	85.4675	1709.39	27.6025	12.163
2019-10-11.15:14:42	85.0856	1711.99	21.0422	12.624
2019-10-11.15:14:43	84.1352	1716.68	14.5634	13.003
2019-10-11.15:14:44	82.9941	1722.68	7.76976	12.7872
2019-10-11.15:14:45	81.806	1728.78	0.434897	13.3458
2019-10-11.15:14:46	80.7018	1734.64	-1.25948	13.3548
2019-10-11.15:14:47	80.0432	1739.75	2.06352	12.3679
2019-10-11.15:14:48	79.8976	1743.42	4.93465	11.9787
2019-10-11.15:14:49	79.8209	1746.08	4.87886	12.6335
2019-10-11.15:14:50	79.7008	1748.82	1.81327	12.3705
2019-10-11.15:14:51	79.6918	1751.76	-2.17955	12.4179
[State]	Climb
2019-10-11.15:14:52	79.5298	1754.9	-3.97672	12.9251
2019-10-11.15:14:53	79.2399	1758.23	-2.11008	12.8665
2019-10-11.15:14:54	79.1317	1761.54	2.04879	12.4001
2019-10-11.15:14:55	79.1097	1764.39	5.27198	12.4603
2019-10-11.15:14:56	79.1091	1766.66	4.93295	12.6573
2019-10-11.15:14:57	79.1253	1768.91	1.15688	12.3869
2019-10-11.15:14:58	79.2232	1771.48	-3.29274	12.5906
2019-10-11.15:14:59	79.052	1774.38	-4.8345	13.3335
2019-10-11.15:15:00	78.7079	1777.63	-2.15787	13.2201
2019-10-11.15:15:01	78.5467	1780.97	2.67544	12.7736
2019-10-11.15:15:02	78.438	1783.82	6.23393	13.0264
2019-10-11.15:15:03	78.4019	1786	5.44058	12.8281
2019-10-11.15:15:04	78.5393	1787.9	0.741247	12.3056
2019-10-11.15:15:05	78.8015	1790.01	-4.37409	12.5626
2019-10-11.15:15:06	78.7368	1792.41	-5.75141	13.4443
2019-10-11.15:15:07	78.4873	1795.24	-2.21156	13.156
2019-10-11.15:15:08	78.4306	1798.24	2.65514	12.7054
2019-10-11.15:15:09	78.3562	1800.84	6.63253	13.1257
2019-10-11.15:15:10	78.3166	1802.8	6.583	13.1858
2019-10-11.15:15:11	78.4303	1804.59	1.04294	12.3482
2019-10-11.15:15:12	78.7045	1806.62	-5.02691	12.6691
2019-10-11.15:15:13	78.6005	1808.94	-6.72985	13.7814
2019-10-11.15:15:14	78.2916	1811.7	-2.74893	13.3322
2019-10-11.15:15:15	78.242	1814.64	1.98309	12.6711
2019-10-11.15:15:16	78.2007	1817.13	5.64601	13.019
2019-10-11.15:15:17	78.2158	1818.92	8.94296	13.3807
2019-10-11.15:15:18	78.2953	1820.43	2.77694	12.7665
2019-10-11.15:15:19	78.4958	1822.49	-4.05543	12.8747
2019-10-11.15:15:20	78.277	1825.01	-7.45178	14.4246
2019-10-11.15:15:21	77.7178	1828.08	-4.05891	14.2439
2019-10-11.15:15:22	77.4258	1831.42	0.791362	13.2469
2019-10-11.15:15:23	77.2973	1834.24	4.21437	13.2742
2019-10-11.15:15:24	77.264	1836.18	7.93758	13.4493
2019-10-11.15:15:25	77.4968	1837.23	6.19793	13.3565
2019-10-11.15:15:26	77.8273	1838.57	-1.27454	12.5787
2019-10-11.15:15:27	77.9289	1840.51	-7.35094	14.048
2019-10-11.15:15:28	77.467	1843.08	-6.27354	14.9348
2019-10-11.15:15:29	77.0137	1846.27	-1.04609	13.5693
2019-10-11.15:15:30	76.9977	1849.11	2.62983	12.9938
2019-10-11.15:15:31	77.0509	1851.01	5.88654	13.1279
2019-10-11.15:15:32	77.3393	1851.95	10.1378	13.4297
2019-10-11.15:15:33	77.6511	1852.72	3.09359	13.0018
2019-10-11.15:15:34	77.886	1854.47	-3.40448	13.4504
2019-10-11.15:15:35	77.4924	1857.09	-8.33574	15.2995
2019-10-11.15:15:36	76.8231	1860.3	-4.19636	14.4492
2019-10-11.15:15:37	76.6923	1863.35	0.429338	12.9156
2019-10-11.15:15:38	76.8889	1865.41	3.65679	12.6041
2019-10-11.15:15:39	77.235	1866.35	7.25548	12.9427
2019-10-11.15:15:40	77.6235	1866.76	8.15069	13.6507
2019-10-11.15:15:41	77.8735	1867.94	0.637056	12.9838
2019-10-11.15:15:42	77.8025	1870.24	-5.43602	14.4198
2019-10-11.15:15:43	77.1755	1873.32	-7.39491	15.2826
2019-10-11.15:15:44	76.6474	1876.58	-2.22199	13.7644
2019-10-11.15:15:45	76.7214	1879.28	1.70521	12.6849
2019-10-11.15:15:46	76.9765	1880.88	4.85322	12.5979
2019-10-11.15:15:47	77.3788	1881.48	8.97995	13.2993
2019-10-11.15:15:48	77.7173	1881.98	5.17026	13.3346
2019-10-11.15:15:49	77.9472	1883.58	-1.70518	13.2844
2019-10-11.15:15:50	77.6097	1886.23	-7.68939	14.956
2019-10-11.15:15:51	76.9421	1889.4	-5.73989	14.8925
2019-10-11.15:15:52	76.6418	1892.55	-0.576973	13.1917
2019-10-11.15:15:53	76.8216	1894.85	2.84845	12.6014
2019-10-11.15:15:54	77.1358	1896.03	6.17377	12.7131
2019-10-11.15:15:55	77.5558	1896.43	9.8926	13.5896
2019-10-11.15:15:56	77.8363	1897.25	2.42897	12.9961
2019-10-11.15:15:57	77.9355	1899.25	-3.88725	13.9072
2019-10-11.15:15:58	77.4039	1902.17	-8.14226	15.265
2019-10-11.15:15:59	76.7816	1905.4	-3.60471	14.2285
2019-10-11.15:16:00	76.7282	1908.31	0.814406	12.805
2019-10-11.15:16:01	76.9498	1910.2	3.98813	12.5797
2019-10-11.15:16:02	77.3225	1911	7.7181	13.0062
2019-10-11.15:16:03	77.7099	1911.37	7.27208	13.5569
2019-10-11.15:16:04	77.9689	1912.63	-0.0774117	13.0008
2019-10-11.15:16:05	77.822	1915.02	-6.09209	14.5723
2019-10-11.15:16:06	77.1797	1918.11	-7.10925	15.1712
2019-10-11.15:16:07	76.7155	1921.32	-1.71213	13.5424
2019-10-11.15:16:08	76.835	1923.89	2.05017	12.6164
2019-10-11.15:16:09	77.1066	1925.35	5.2308	12.5858
2019-10-11.15:16:10	77.5182	1925.86	9.54909	13.3612
2019-10-11.15:16:11	77.84	1926.43	4.29305	13.1753
2019-10-11.15:16:12	78.0452	1928.13	-2.39223	13.4122
2019-10-11.15:16:13	77.6408	1930.87	-8.37309	15.0383
2019-10-11.15:16:14	76.9789	1934.05	-5.06442	14.6641
2019-10-11.15:16:15	76.7629	1937.12	-0.11675	13.0122
2019-10-11.15:16:16	76.9569	1939.29	3.21476	12.5577
2019-10-11.15:16:17	77.2899	1940.33	6.65415	12.7577
2019-10-11.15:16:18	77.7049	1940.69	9.18865	13.5976
2019-10-11.15:16:19	77.9729	1941.65	1.56319	12.9152
2019-10-11.15:16:20	78.0034	1943.76	-4.62501	14.1047
2019-10-11.15:16:21	77.4259	1946.74	-7.66363	15.251
2019-10-11.15:16:22	76.8454	1949.96	-2.93961	13.9489
2019-10-11.15:16:23	76.8614	1952.76	1.24957	12.6844
2019-10-11.15:16:24	77.0985	1954.49	4.40855	12.5416
2019-10-11.15:16:25	77.4868	1955.18	8.32875	13.097
2019-10-11.15:16:26	77.8517	1955.58	6.20683	13.4078
2019-10-11.15:16:27	78.1038	1957	-0.913313	13.0643
2019-10-11.15:16:28	77.8597	1959.51	-6.89512	14.7255
2019-10-11.15:16:29	77.2013	1962.63	-6.47371	14.9946
2019-10-11.15:16:30	76.8175	1965.79	-1.11813	13.2963
2019-10-11.15:16:31	76.9752	1968.22	2.47476	12.5502
2019-10-11.15:16:32	77.2674	1969.52	5.72936	12.5901
2019-10-11.15:16:33	77.6848	1969.95	10.1078	13.4404
2019-10-11.15:16:34	77.9821	1970.64	3.25291	13.0069
2019-10-11.15:16:35	78.1383	1972.49	-3.2232	13.614
2019-10-11.15:16:36	77.6614	1975.32	-8.54364	15.1246
2019-10-11.15:16:37	77.016	1978.51	-4.25731	14.3701
2019-10-11.15:16:38	76.8951	1981.49	0.412959	12.8279
2019-10-11.15:16:39	77.1045	1983.48	3.65965	12.5162
2019-10-11.15:16:40	77.4594	1984.38	7.2635	12.8405
2019-10-11.15:16:41	77.8597	1984.72	8.10065	13.5473
2019-10-11.15:16:42	78.12	1985.84	0.581037	12.8858
2019-10-11.15:16:43	78.0525	1988.1	-5.49238	14.3326
2019-10-11.15:16:44	77.4328	1991.14	-7.4058	15.1688
2019-10-11.15:16:45	76.9173	1994.34	-2.20025	13.641
2019-10-11.15:16:46	77.001	1997	1.74164	12.5781
2019-10-11.15:16:47	77.2574	1998.56	4.91581	12.51
2019-10-11.15:16:48	77.6598	1999.12	9.08055	13.2089
2019-10-11.15:16:49	77.9964	1999.6	4.9706	13.2059
2019-10-11.15:16:50	78.2251	2001.19	-1.8754	13.2083
2019-10-11.15:16:51	77.8767	2003.83	-7.86763	14.8795
2019-10-11.15:16:52	77.2121	2006.98	-5.56784	14.7362
2019-10-11.15:16:53	76.9348	2010.08	-0.458905	13.0482
2019-10-11.15:16:54	77.1189	2012.33	2.97163	12.4998
2019-10-11.15:16:55	77.4351	2013.45	6.35042	12.6436
2019-10-11.15:16:56	77.8501	2013.82	9.65027	13.5151
2019-10-11.15:16:57	78.1224	2014.68	2.06489	12.8742
2019-10-11.15:16:58	78.1979	2016.7	-4.20694	13.896
2019-10-11.15:16:59	77.648	2019.62	-7.86771	15.1829
2019-10-11.15:17:00	77.0415	2022.83	-3.3318	14.0223
2019-10-11.15:17:01	77.0186	2025.68	1.01424	12.6686
2019-10-11.15:17:02	77.2454	2027.48	4.20518	12.4879
2019-10-11.15:17:03	77.6218	2028.21	8.03676	12.9814
2019-10-11.15:17:04	77.9932	2028.58	6.69714	13.4148
2019-10-11.15:17:05	78.2477	2029.91	-0.545353	12.9535
2019-10-11.15:17:06	78.0495	2032.34	-6.5416	14.5865
2019-10-11.15:17:07	77.3963	2035.43	-6.77699	15.0067
2019-10-11.15:17:08	76.9747	2038.6	-1.38119	13.3317
2019-10-11.15:17:09	77.1161	2041.07	2.30727	12.5097
2019-10-11.15:17:10	77.3968	2042.42	5.54583	12.5255
2019-10-11.15:17:11	77.808	2042.87	9.97625	13.355
2019-10-11.15:17:12	78.1099	2043.49	3.61073	13.0049
2019-10-11.15:17:13	78.285	2045.28	-2.94449	13.4729
2019-10-11.15:17:14	77.8331	2048.05	-8.59588	15.0411
2019-10-11.15:17:15	77.179	2051.22	-4.53963	14.4121
2019-10-11.15:17:16	77.0256	2054.22	0.240683	12.829
2019-10-11.15:17:17	77.2283	2056.25	3.53083	12.4756
2019-10-11.15:17:18	77.5731	2057.18	7.09109	12.766
2019-10-11.15:17:19	77.9739	2057.51	8.40472	13.5226
2019-10-11.15:17:20	78.2325	2058.57	0.827619	12.8365
2019-10-11.15:17:21	78.1934	2060.77	-5.27608	14.2224
2019-10-11.15:17:22	77.5826	2063.77	-7.4785	15.1486
2019-10-11.15:17:23	77.0478	2066.96	-2.3929	13.6695
2019-10-11.15:17:24	77.1144	2069.64	1.62642	12.556
2019-10-11.15:17:25	77.3639	2071.22	4.80731	12.4747
2019-10-11.15:17:26	77.7598	2071.79	8.91924	13.148
[State]	Cruise
2019-10-11.15:17:27	78.0983	2072.24	5.22193	13.2121
2019-10-11.15:17:28	78.3316	2073.77	-1.68603	13.1303
2019-10-11.15:17:29	78.0041	2076.36	-7.67193	14.812
2019-10-11.15:17:30	77.3387	2079.48	-5.75155	14.7521
2019-10-11.15:17:31	77.0387	2082.58	-0.585549	13.0542
2019-10-11.15:17:32	77.2186	2084.84	2.88698	12.4703
2019-10-11.15:17:33	77.5287	2085.97	6.24784	12.5972
2019-10-11.15:17:34	77.9425	2086.34	9.78699	13.4742
2019-10-11.15:17:35	78.2163	2087.14	2.24345	12.8551
2019-10-11.15:17:36	78.3065	2089.11	-4.06075	13.8122
2019-10-11.15:17:37	77.7679	2091.99	-7.96705	15.1452
2019-10-11.15:17:38	77.1539	2095.17	-3.47759	14.0381
2019-10-11.15:17:39	77.1175	2098.02	0.928547	12.6533
2019-10-11.15:17:40	77.3412	2099.83	4.13491	12.4592
2019-10-11.15:17:41	77.7132	2100.56	7.9372	12.9302
2019-10-11.15:17:42	78.0871	2100.9	6.87572	13.4055
2019-10-11.15:17:43	78.3422	2102.19	-0.409962	12.9056
2019-10-11.15:17:44	78.1611	2104.57	-6.41268	14.5233
2019-10-11.15:17:45	77.5116	2107.62	-6.88931	14.9978
2019-10-11.15:17:46	77.078	2110.77	-1.4817	13.3321
2019-10-11.15:17:47	77.214	2113.25	2.24536	12.4831
2019-10-11.15:17:48	77.4907	2114.6	5.48097	12.4922
2019-10-11.15:17:49	77.8997	2115.04	9.90263	13.3108
2019-10-11.15:17:50	78.2037	2115.62	3.73448	12.9919
2019-10-11.15:17:51	78.3855	2117.36	-2.84982	13.4108
2019-10-11.15:17:52	77.9436	2120.1	-8.59224	14.9963
2019-10-11.15:17:53	77.2883	2123.24	-4.64006	14.4096
2019-10-11.15:17:54	77.125	2126.22	0.181693	12.813
2019-10-11.15:17:55	77.3262	2128.26	3.49163	12.4472
2019-10-11.15:17:56	77.6675	2129.17	7.04052	12.7263
2019-10-11.15:17:57	78.0685	2129.48	8.49858	13.4972
2019-10-11.15:17:58	78.3271	2130.51	0.903866	12.8043
2019-10-11.15:17:59	78.2972	2132.67	-5.21005	14.1695
2019-10-11.15:18:00	77.6907	2135.64	-7.50072	15.1232
2019-10-11.15:18:01	77.1513	2138.81	-2.45186	13.6576
2019-10-11.15:18:02	77.2138	2141.47	1.59666	12.5296
2019-10-11.15:18:03	77.4614	2143.04	4.784	12.4477
2019-10-11.15:18:04	77.8552	2143.6	8.88394	13.1119
2019-10-11.15:18:05	78.1941	2144.02	5.27606	13.1921
2019-10-11.15:18:06	78.4289	2145.53	-1.64787	13.09
2019-10-11.15:18:07	78.107	2148.09	-7.63205	14.7741
2019-10-11.15:18:08	77.4426	2151.18	-5.79735	14.7316
2019-10-11.15:18:09	77.1388	2154.25	-0.613754	13.0305
2019-10-11.15:18:10	77.3183	2156.5	2.87405	12.4413
2019-10-11.15:18:11	77.6265	2157.62	6.23609	12.5673
2019-10-11.15:18:12	78.0394	2157.96	9.80794	13.4445
2019-10-11.15:18:13	78.313	2158.74	2.26897	12.8275
2019-10-11.15:18:14	78.4056	2160.68	-4.04031	13.7743
2019-10-11.15:18:15	77.8692	2163.54	-8.00095	15.1143
2019-10-11.15:18:16	77.2551	2166.69	-3.5011	14.0135
2019-10-11.15:18:17	77.2177	2169.52	0.920229	12.624
2019-10-11.15:18:18	77.4408	2171.31	4.13427	12.4322
2019-10-11.15:18:19	77.8113	2172.02	7.9381	12.9013
2019-10-11.15:18:20	78.1842	2172.34	6.86247	13.3769
2019-10-11.15:18:21	78.4392	2173.6	-0.425147	12.8758
2019-10-11.15:18:22	78.2583	2175.96	-6.42774	14.4957
2019-10-11.15:18:23	77.6094	2178.99	-6.88247	14.9651
2019-10-11.15:18:24	77.178	2182.12	-1.47412	13.2968
2019-10-11.15:18:25	77.3153	2184.57	2.25958	12.4526
2019-10-11.15:18:26	77.5919	2185.89	5.5033	12.4669
2019-10-11.15:18:27	78	2186.31	9.9278	13.2875
2019-10-11.15:18:28	78.3021	2186.88	3.67803	12.9571
2019-10-11.15:18:29	78.482	2188.6	-2.89913	13.3916
2019-10-11.15:18:30	78.0375	2191.32	-8.5908	14.9738
2019-10-11.15:18:31	77.3838	2194.44	-4.60008	14.3634
2019-10-11.15:18:32	77.2266	2197.39	0.214527	12.7737
2019-10-11.15:18:33	77.429	2199.39	3.52847	12.4189
2019-10-11.15:18:34	77.7708	2200.28	7.09286	12.7082
2019-10-11.15:18:35	78.1696	2200.57	8.40486	13.4679
2019-10-11.15:18:36	78.4272	2201.58	0.817634	12.7763
2019-10-11.15:18:37	78.3897	2203.73	-5.28831	14.1615
2019-10-11.15:18:38	77.7805	2206.68	-7.48743	15.0878
2019-10-11.15:18:39	77.248	2209.83	-2.39267	13.603
2019-10-11.15:18:40	77.3168	2212.46	1.64383	12.4938
2019-10-11.15:18:41	77.5659	2213.99	4.83987	12.422
2019-10-11.15:18:42	77.9598	2214.52	8.96679	13.0994
2019-10-11.15:18:43	78.2949	2214.93	5.14123	13.1461
2019-10-11.15:18:44	78.5267	2216.43	-1.756	13.0815
2019-10-11.15:18:45	78.1947	2218.98	-7.74239	14.7648
2019-10-11.15:18:46	77.5308	2222.05	-5.70022	14.6741
2019-10-11.15:18:47	77.2403	2225.1	-0.540122	12.9763
2019-10-11.15:18:48	77.4227	2227.3	2.93855	12.4115
2019-10-11.15:18:49	77.7331	2228.38	6.32153	12.553
2019-10-11.15:18:50	78.1444	2228.69	9.69029	13.428
2019-10-11.15:18:51	78.4147	2229.47	2.10078	12.7883
2019-10-11.15:18:52	78.4959	2231.42	-4.18477	13.7882
2019-10-11.15:18:53	77.9512	2234.26	-7.89639	15.092
2019-10-11.15:18:54	77.3451	2237.4	-3.37574	13.9362
2019-10-11.15:18:55	77.3219	2240.18	1.00963	12.5773
2019-10-11.15:18:56	77.5479	2241.92	4.22582	12.4055
2019-10-11.15:18:57	77.9207	2242.59	8.06959	12.9009
2019-10-11.15:18:58	78.2878	2242.9	6.62619	13.3257
2019-10-11.15:18:59	78.5414	2244.17	-0.614661	12.8679
2019-10-11.15:19:00	78.3401	2246.53	-6.60961	14.5094
2019-10-11.15:19:01	77.6881	2249.55	-6.7337	14.9037
2019-10-11.15:19:02	77.2754	2252.65	-1.33889	13.2199
2019-10-11.15:19:03	77.4216	2255.04	2.36432	12.418
2019-10-11.15:19:04	77.7023	2256.31	5.62948	12.4515
2019-10-11.15:19:05	78.1108	2256.69	10.0481	13.2889
2019-10-11.15:19:06	78.4063	2257.27	3.42108	12.8982
2019-10-11.15:19:07	78.5739	2259.01	-3.10731	13.4223
2019-10-11.15:19:08	78.1128	2261.73	-8.56688	14.9748
2019-10-11.15:19:09	77.4646	2264.83	-4.4068	14.2689
2019-10-11.15:19:10	77.3312	2267.74	0.34747	12.7091
2019-10-11.15:19:11	77.5374	2269.67	3.64736	12.3914
2019-10-11.15:19:12	77.8836	2270.51	7.25752	12.7141
2019-10-11.15:19:13	78.2771	2270.77	8.10207	13.4306
2019-10-11.15:19:14	78.5333	2271.82	0.557931	12.7555
2019-10-11.15:19:15	78.4693	2273.98	-5.52156	14.2012
2019-10-11.15:19:16	77.8508	2276.93	-7.41913	15.0398
2019-10-11.15:19:17	77.3378	2280.05	-2.19911	13.5028
2019-10-11.15:19:18	77.4237	2282.61	1.78075	12.4498
2019-10-11.15:19:19	77.6777	2284.08	4.98883	12.4002
2019-10-11.15:19:20	78.0741	2284.56	9.18667	13.1136
2019-10-11.15:19:21	78.4007	2284.98	4.80055	13.0711
2019-10-11.15:19:22	78.6236	2286.5	-2.02275	13.1117
2019-10-11.15:19:23	78.2648	2289.07	-8.01764	14.7852
2019-10-11.15:19:24	77.6021	2292.13	-5.45849	14.5755
2019-10-11.15:19:25	77.344	2295.13	-0.360855	12.891
2019-10-11.15:19:26	77.5318	2297.26	3.08262	12.3815
2019-10-11.15:19:27	77.8485	2298.27	6.50893	12.5571
2019-10-11.15:19:28	78.2571	2298.55	9.41515	13.4201
2019-10-11.15:19:29	78.5224	2299.36	1.7688	12.7433
2019-10-11.15:19:30	78.5771	2301.33	-4.466	13.8513
2019-10-11.15:19:31	78.0148	2304.18	-7.75227	15.0713
2019-10-11.15:19:32	77.4257	2307.3	-3.12211	13.8154
2019-10-11.15:19:33	77.4291	2310.02	1.18039	12.5178
2019-10-11.15:19:34	77.6604	2311.68	4.39303	12.3804
2019-10-11.15:19:35	78.0381	2312.29	8.31188	12.9247
2019-10-11.15:19:36	78.3957	2312.59	6.20688	13.2506
2019-10-11.15:19:37	78.6457	2313.91	-0.941642	12.8844
2019-10-11.15:19:38	78.4074	2316.29	-6.92605	14.5544
2019-10-11.15:19:39	77.7508	2319.3	-6.46164	14.8151
2019-10-11.15:19:40	77.3716	2322.36	-1.10746	13.1119
2019-10-11.15:19:41	77.5312	2324.68	2.53582	12.382
2019-10-11.15:19:42	77.8194	2325.87	5.8354	12.447
2019-10-11.15:19:43	78.2289	2326.21	10.1108	13.3068
2019-10-11.15:19:44	78.5148	2326.82	3.0059	12.8242
2019-10-11.15:19:45	78.6598	2328.59	-3.4439	13.4972
2019-10-11.15:19:46	78.1721	2331.32	-8.42698	14.9896
2019-10-11.15:19:47	77.5346	2334.41	-4.08586	14.1326
2019-10-11.15:19:48	77.7004	2337.11	0.656753	8.89672
2019-10-11.15:19:49	81.2761	2333.9	5.01578	-0.865313
2019-10-11.15:19:50	87.4541	2321.22	9.59324	0.0445786
2019-10-11.15:19:51	92.4452	2308.28	3.97661	0.970658
2019-10-11.15:19:52	97.1077	2298.06	-3.34652	-0.801149
2019-10-11.15:19:53	101.381	2287.6	-5.85096	0.139467
2019-10-11.15:19:54	105.087	2278.34	-1.32708	-0.755849
2019-10-11.15:19:55	109.051	2269.19	4.89714	-1.07093
2019-10-11.15:19:56	112.334	2260.17	5.56793	-0.129052
2019-10-11.15:19:57	115.299	2252.55	0.287541	-1.14023
2019-10-11.15:19:58	118.306	2244.87	-4.32978	-0.818619
2019-10-11.15:19:59	120.718	2237.85	-2.54499	-0.590659
2019-10-11.15:20:00	123.21	2231.58	2.50427	-0.984365
2019-10-11.15:20:01	125.307	2225.41	3.71868	-0.41987
2019-10-11.15:20:02	127.042	2220.56	-0.0007043	-0.0770297
2019-10-11.15:20:03	128.593	2216.7	-2.90663	-0.057925
2019-10-11.15:20:04	129.883	2213.19	-1.08702	0.009843
[State]	Descent
2019-10-11.15:20:05	131.205	2210.15	2.12415	0.107982
2019-10-11.15:20:06	132.155	2207.66	1.88848	0.380767
2019-10-11.15:20:07	133.176	2205.62	-0.904259	0.180413
2019-10-11.15:20:08	134.032	2203.62	-1.7386	0.332865
2019-10-11.15:20:09	134.854	2201.96	0.292792	0.313102
2019-10-11.15:20:10	135.593	2200.5	1.65322	0.471128
2019-10-11.15:20:11	136.175	2199.47	0.423229	0.462883
2019-10-11.15:20:12	136.819	2198.5	-1.09481	0.410611
2019-10-11.15:20:13	137.359	2197.53	-0.533405	0.404223
2019-10-11.15:20:14	137.965	2196.6	0.86627	0.356332
2019-10-11.15:20:15	138.454	2195.72	0.799612	0.462619
2019-10-11.15:20:16	138.907	2195.19	-0.346241	0.605386
2019-10-11.15:20:17	139.238	2194.97	-0.596381	0.534453
2019-10-11.15:20:18	139.64	2194.63	0.253389	0.411346
2019-10-11.15:20:19	140.058	2194.09	0.666173	0.353134
2019-10-11.15:20:20	140.472	2193.48	0.0845636	0.353843
2019-10-11.15:20:21	140.844	2192.97	-0.377862	0.411149
2019-10-11.15:20:22	141.145	2192.65	-0.0112082	0.478416
2019-10-11.15:20:23	141.415	2192.53	0.438522	0.552763
2019-10-11.15:20:24	141.6	2192.66	0.240981	0.593099
2019-10-11.15:20:25	141.818	2192.8	-0.173334	0.494129
2019-10-11.15:20:26	142.034	2192.79	-0.102287	0.438909
2019-10-11.15:20:27	142.293	2192.66	0.245006	0.37396
2019-10-11.15:20:28	142.547	2192.43	0.258314	0.352948
2019-10-11.15:20:29	142.801	2192.19	-0.0135622	0.358077
2019-10-11.15:20:30	143.01	2192.02	-0.073593	0.396076
2019-10-11.15:20:31	143.195	2191.97	0.132576	0.434761
2019-10-11.15:20:32	143.343	2192.05	0.217565	0.493118
2019-10-11.15:20:33	143.448	2192.31	0.0698678	0.553381
2019-10-11.15:20:34	143.543	2192.62	-0.0310454	0.473751
2019-10-11.15:20:35	143.664	2192.81	0.0641958	0.416007
2019-10-11.15:20:36	143.819	2192.86	0.162049	0.361615
2019-10-11.15:20:37	143.985	2192.81	0.104404	0.32842
2019-10-11.15:20:38	144.149	2192.71	0.0185984	0.315578
2019-10-11.15:20:39	144.299	2192.61	0.0513245	0.317454
2019-10-11.15:20:40	144.445	2192.53	0.125009	0.326181
2019-10-11.15:20:41	144.573	2192.51	0.111302	0.350853
2019-10-11.15:20:42	144.672	2192.57	0.0516458	0.391062
2019-10-11.15:20:43	144.736	2192.75	0.0538268	0.441475
2019-10-11.15:20:44	144.773	2193.06	0.100924	0.45485
2019-10-11.15:20:45	144.829	2193.35	0.0998105	0.394265
2019-10-11.15:20:46	144.904	2193.52	0.0612707	0.352433
2019-10-11.15:20:47	144.989	2193.6	0.0574717	0.319048
2019-10-11.15:20:48	145.088	2193.61	0.0880052	0.29119
2019-10-11.15:20:49	145.195	2193.57	0.0960471	0.27161
2019-10-11.15:20:50	145.301	2193.5	0.0737963	0.264397
2019-10-11.15:20:51	145.398	2193.43	0.0649211	0.268521
2019-10-11.15:20:52	145.484	2193.39	0.0816289	0.280245
2019-10-11.15:20:53	145.558	2193.39	0.0912286	0.29875
2019-10-11.15:20:54	145.615	2193.45	0.0796854	0.325008
2019-10-11.15:20:55	145.651	2193.59	0.0708091	0.357416
2019-10-11.15:20:56	145.665	2193.82	0.0787936	0.392188
2019-10-11.15:20:57	145.673	2194.1	0.0847228	0.359137
2019-10-11.15:20:58	145.702	2194.31	0.0752496	0.322208
2019-10-11.15:20:59	145.747	2194.42	0.0700162	0.288386
2019-10-11.15:21:00	145.805	2194.46	0.077279	0.258483
2019-10-11.15:21:01	145.876	2194.43	0.0828428	0.233701
2019-10-11.15:21:02	145.953	2194.36	0.0783544	0.21609
2019-10-11.15:21:03	146.031	2194.25	0.0738729	0.206368
2019-10-11.15:21:04	146.106	2194.13	0.0772288	0.203799
2019-10-11.15:21:05	146.177	2194.02	0.0815127	0.207862
2019-10-11.15:21:06	146.239	2193.93	0.0797168	0.218591
2019-10-11.15:21:07	146.288	2193.88	0.0763872	0.23536
2019-10-11.15:21:08	146.324	2193.88	0.0775677	0.256555
2019-10-11.15:21:09	146.346	2193.94	0.0804335	0.280589
2019-10-11.15:21:10	146.353	2194.07	0.0799175	0.306394
2019-10-11.15:21:11	146.345	2194.26	0.0776265	0.332815
2019-10-11.15:21:12	146.324	2194.51	0.0774945	0.338098
2019-10-11.15:21:13	146.317	2194.75	0.0757879	0.301137
2019-10-11.15:21:14	146.327	2194.89	0.0749345	0.268617
2019-10-11.15:21:15	146.353	2194.96	0.0766163	0.237197
2019-10-11.15:21:16	146.394	2194.95	0.0778744	0.20842
2019-10-11.15:21:17	146.447	2194.88	0.0770982	0.183824
2019-10-11.15:21:18	146.507	2194.76	0.076405	0.164464
2019-10-11.15:21:19	146.573	2194.59	0.0772985	0.150872
2019-10-11.15:21:20	146.639	2194.4	0.0782907	0.143381
2019-10-11.15:21:21	146.703	2194.21	0.0780234	0.142166
2019-10-11.15:21:22	146.762	2194.02	0.0774966	0.147
2019-10-11.15:21:23	146.812	2193.86	0.0778808	0.157223
2019-10-11.15:21:24	146.852	2193.73	0.0785231	0.171979
2019-10-11.15:21:25	146.881	2193.65	0.0784347	0.190349
2019-10-11.15:21:26	146.897	2193.62	0.0780155	0.21126
2019-10-11.15:21:27	146.9	2193.64	0.0780843	0.233477
2019-10-11.15:21:28	147.142	2193.35	5.46655	-1.1662
2019-10-11.15:21:29	148.909	2187.92	13.4754	-1.47055
2019-10-11.15:21:30	150.577	2181.71	21.2753	0.238788
2019-10-11.15:21:31	152.774	2175.18	29.1773	-0.93978
2019-10-11.15:21:32	155.603	2165.94	30.8445	0.143324
2019-10-11.15:21:33	157.816	2159.16	30.8426	-0.210832
2019-10-11.15:21:34	160.234	2151.63	30.8364	-0.703058
2019-10-11.15:21:35	162.71	2142.91	30.8318	-0.776126
2019-10-11.15:21:36	164.964	2134.37	30.8314	-0.461764
2019-10-11.15:21:37	166.88	2127.04	30.8314	0.0160307
2019-10-11.15:21:38	168.52	2120.92	30.8274	-0.239707
2019-10-11.15:21:39	170.241	2114.15	30.8239	-0.495136
2019-10-11.15:21:40	171.966	2106.84	30.8207	-0.606857
2019-10-11.15:21:41	173.616	2099.42	30.8181	-0.572188
2019-10-11.15:21:42	175.122	2092.3	30.8161	-0.415415
2019-10-11.15:21:43	176.431	2085.84	30.8145	-0.144547
2019-10-11.15:21:44	177.574	2080.09	30.8114	-0.29824
2019-10-11.15:21:45	178.77	2073.91	30.8082	-0.471084
2019-10-11.15:21:46	179.969	2067.36	30.8051	-0.5401
2019-10-11.15:21:47	181.119	2060.71	30.8024	-0.524709
2019-10-11.15:21:48	182.18	2054.25	30.8001	-0.434113
2019-10-11.15:21:49	183.114	2048.22	30.7981	-0.263183
2019-10-11.15:21:50	183.931	2042.7	30.7952	-0.337161
2019-10-11.15:21:51	184.787	2036.88	30.7922	-0.468649
2019-10-11.15:21:52	185.651	2030.77	30.7892	-0.527956
2019-10-11.15:21:53	186.475	2024.71	26.2539	-0.474218
2019-10-11.15:21:54	187.258	2019.58	21.6044	-0.923287
2019-10-11.15:21:55	188.182	2013.7	18.3508	-1.00152
2019-10-11.15:21:56	189.028	2007.67	15.4133	-0.897114
2019-10-11.15:21:57	189.763	2002.31	12.6605	-0.666257
2019-10-11.15:21:58	190.416	1997.54	10.7593	-0.961389
2019-10-11.15:21:59	191.169	1991.9	9.16149	-1.19021
2019-10-11.15:22:00	192	1985.61	7.63469	-1.36012
2019-10-11.15:22:01	192.866	1978.94	6.44896	-1.43864
2019-10-11.15:22:02	193.696	1972.12	5.48928	-1.43938
2019-10-11.15:22:03	194.469	1965.39	4.57892	-1.38822
2019-10-11.15:22:04	195.168	1958.93	3.84657	-1.28475
2019-10-11.15:22:05	195.756	1952.91	3.26567	-1.13342
2019-10-11.15:22:06	196.221	1947.47	2.72427	-0.948856
2019-10-11.15:22:07	196.559	1942.71	2.27853	-0.793131
2019-10-11.15:22:08	196.901	1937.98	1.92398	-1.06338
2019-10-11.15:22:09	197.345	1932.5	1.61377	-1.27144
2019-10-11.15:22:10	197.868	1926.35	1.35978	-1.45268
2019-10-11.15:22:11	198.453	1919.63	1.1407	-1.60394
2019-10-11.15:22:12	199.024	1912.71	0.954837	-1.45038
2019-10-11.15:22:13	199.473	1906.34	0.797013	-1.26938
2019-10-11.15:22:14	199.793	1900.65	0.652543	-1.06524
2019-10-11.15:22:15	199.979	1895.7	0.538599	-0.845673
2019-10-11.15:22:16	200.115	1891.11	0.431077	-1.06994
2019-10-11.15:22:17	200.372	1885.75	0.340157	-1.3085
2019-10-11.15:22:18	200.741	1879.57	0.286161	-1.53358
2019-10-11.15:22:19	201.198	1872.68	0.223789	-1.54986
2019-10-11.15:22:20	201.553	1866.14	0.184311	-1.30402
2019-10-11.15:22:21	201.755	1860.48	0.138724	-1.04852
2019-10-11.15:22:22	201.804	1855.72	0.0954199	-0.889733
2019-10-11.15:22:23	201.898	1850.87	0.0463286	-1.23235
2019-10-11.15:22:24	202.146	1844.97	0.0257757	-1.52405
2019-10-11.15:22:25	202.525	1838.11	0.0140656	-1.55322
2019-10-11.15:22:26	202.786	1831.71	0.0095495	-1.22212
2019-10-11.15:22:27	202.858	1826.47	-0.0166548	-0.889203
2019-10-11.15:22:28	202.855	1821.84	-0.0524914	-1.2081
2019-10-11.15:22:29	203.052	1815.99	-0.0677373	-1.58425
2019-10-11.15:22:30	203.393	1809.08	-0.0490547	-1.43339
2019-10-11.15:22:31	203.534	1803.2	-0.0437021	-1.01075
2019-10-11.15:22:32	203.49	1798.58	-0.0887075	-1.17214
2019-10-11.15:22:33	203.656	1792.79	-0.11512	-1.65815
2019-10-11.15:22:34	203.831	1786.6	-0.0431302	-0.848133
2019-10-11.15:22:35	203.61	1782.91	-0.070498	-0.876331
2019-10-11.15:22:36	203.64	1778.06	-0.169934	-1.13505
2019-10-11.15:22:37	203.417	1774.17	-0.0196967	-0.104715
2019-10-11.15:22:38	203.162	1771.23	-0.127	-1.12821
2019-10-11.15:22:39	202.944	1767.55	-0.117717	0.143178
2019-10-11.15:22:40	202.585	1765.42	-0.0750724	-1.01162
2019-10-11.15:22:41	202.251	1762.62	-0.100249	0.32903
2019-10-11.15:22:42	201.985	1760.34	-0.140824	-0.432131
2019-10-11.15:22:43	201.439	1759.07	-0.0662396	-0.572247
2019-10-11.15:22:44	201.141	1756.66	-0.101014	0.861574
[State]	Landing
2019-10-11.15:22:45	200.855	1754.79	-0.135074	0.781191
2019-10-11.15:22:46	200.467	1753.52	-0.137819	0.0655269
2019-10-11.15:22:47	200.048	1752.28	-0.159544	-0.441959
2019-10-11.15:22:48	199.556	1750.74	-0.178423	0.416502
2019-10-11.15:22:49	198.509	1748.7	-0.171389	4.86595
2019-10-11.15:22:50	196.21	1747.09	-0.0941961	11.2897
2019-10-11.15:22:51	193.445	1747.28	0.0019932	12.9711
2019-10-11.15:22:52	190.893	1747.76	0.0272882	13.1015
2019-10-11.15:22:53	188.615	1748.03	0.055301	12.9981
2019-10-11.15:22:54	186.589	1748.03	0.0868661	12.8681
2019-10-11.15:22:55	184.791	1747.8	0.0822962	12.6308
2019-10-11.15:22:56	183.196	1747.42	0.0643826	12.0737
2019-10-11.15:22:57	181.768	1746.99	0.055545	10.912
2019-10-11.15:22:58	180.466	1746.62	0.0444116	8.86385
2019-10-11.15:22:59	179.226	1746.41	0.0353313	5.80527
2019-10-11.15:23:00	177.963	1746.42	0.0515021	1.91294
2019-10-11.15:23:01	176.571	1746.65	0.0991933	-2.31548
2019-10-11.15:23:02	175.079	1747	0.174213	-6.24276
2019-10-11.15:23:03	173.605	1747.3	0.275063	-9.0284
2019-10-11.15:23:04	172.261	1747.31	0.388392	-10.007
2019-10-11.15:23:05	171.082	1746.86	0.482681	-8.88182
2019-10-11.15:23:06	170.111	1745.84	0.529299	-5.69485
2019-10-11.15:23:07	169.328	1744.2	0.518248	-1.01029
2019-10-11.15:23:08	168.647	1742.05	0.447744	4.24365
2019-10-11.15:23:09	168.115	1739.75	0.33001	9.09395
2019-10-11.15:23:10	167.903	1737.84	0.198024	11.6767
2019-10-11.15:23:11	167.843	1736.8	0.0891724	10.4023
2019-10-11.15:23:12	167.62	1736.83	0.0440378	4.99408
2019-10-11.15:23:13	166.896	1737.74	0.0888999	-2.06063
2019-10-11.15:23:14	165.767	1738.89	0.218616	-7.49356
2019-10-11.15:23:15	164.74	1739.48	0.374988	-8.91911
2019-10-11.15:23:16	164.013	1739.04	0.475501	-6.04785
2019-10-11.15:23:17	163.586	1737.49	0.47058	-0.120312
2019-10-11.15:23:18	163.309	1735.18	0.367585	6.37858
2019-10-11.15:23:19	163.323	1733.01	0.211401	10.8249
2019-10-11.15:23:20	163.622	1731.93	0.0694321	10.3766
2019-10-11.15:23:21	163.695	1732.34	0.0117215	4.33151
2019-10-11.15:23:22	163.088	1733.84	0.0777256	-3.29543
2019-10-11.15:23:23	162.147	1735.33	0.23642	-7.66385
2019-10-11.15:23:24	161.473	1735.74	0.378279	-6.52005
2019-10-11.15:23:25	161.204	1734.74	0.409632	-1.06714
2019-10-11.15:23:26	161.155	1732.73	0.322353	5.54093
2019-10-11.15:23:27	161.391	1730.75	0.166916	10.0905
2019-10-11.15:23:28	161.893	1729.95	0.0253217	9.31761
2019-10-11.15:23:29	162.085	1730.75	-0.0215005	2.92297
2019-10-11.15:23:30	161.548	1732.53	0.0629881	-4.16257
2019-10-11.15:23:31	160.82	1733.98	0.225346	-6.99579
2019-10-11.15:23:32	160.444	1734.1	0.338771	-4.21799
2019-10-11.15:23:33	160.424	1732.79	0.329301	1.85184
2019-10-11.15:23:34	160.608	1730.82	0.21252	7.76393
2019-10-11.15:23:35	161.132	1729.44	0.0598772	9.98062
2019-10-11.15:23:36	161.633	1729.57	-0.0405667	6.14482
2019-10-11.15:23:37	161.528	1731.09	-0.0192832	-1.07269
2019-10-11.15:23:38	160.892	1732.91	0.118123	-6.09774
2019-10-11.15:23:39	160.413	1733.74	0.266623	-5.59747
2019-10-11.15:23:40	160.34	1733.07	0.314248	-0.598336
2019-10-11.15:23:41	160.488	1731.33	0.241539	5.58614
2019-10-11.15:23:42	160.913	1729.66	0.0984908	9.56615
2019-10-11.15:23:43	161.524	1729.22	-0.0288159	8.10381
2019-10-11.15:23:44	161.731	1730.33	-0.057289	1.63136
2019-10-11.15:23:45	161.244	1732.2	0.041908	-4.67583
2019-10-11.15:23:46	160.669	1733.53	0.201629	-6.32866
2019-10-11.15:23:47	160.471	1733.45	0.296698	-2.77123
2019-10-11.15:23:48	160.556	1732.05	0.270624	3.27641
2019-10-11.15:23:49	160.853	1730.24	0.148754	8.49933
2019-10-11.15:23:50	161.449	1729.24	0.007512	9.39687
2019-10-11.15:23:51	161.876	1729.76	-0.0667815	4.4863
2019-10-11.15:23:52	161.626	1731.47	-0.0169035	-2.4948
2019-10-11.15:23:53	161.001	1733.17	0.133002	-6.3814
2019-10-11.15:23:54	160.616	1733.72	0.268706	-4.79055
2019-10-11.15:23:55	160.598	1732.8	0.295387	0.634161
