DateTime	AltitudeTape:altitude	AirspeedTape:airspeed	HeadingIndicator:heading	AttitudeIndicator:roll
[State]	Standing
2019-10-11.16:23:13	0.474726	1654.61	-0.0010306	0.0033878
[State]	Taxiing
2019-10-11.16:23:14	0.0853854	1654.75	-0.0245335	0.477567
2019-10-11.16:23:15	0.0535163	1654.78	-0.0370837	-0.0699337
2019-10-11.16:23:16	1.36374	1654.79	-0.0897221	-0.0973998
2019-10-11.16:23:17	4.63345	1654.79	-0.16695	0.135519
2019-10-11.16:23:18	8.47311	1654.79	-0.187747	0.240839
2019-10-11.16:23:19	12.389	1654.79	-0.234575	0.290906
2019-10-11.16:23:20	16.2332	1654.79	-0.4139	0.331684
2019-10-11.16:23:21	20.0128	1654.79	-0.792596	0.468966
2019-10-11.16:23:22	23.7334	1654.79	-1.17266	0.564563
2019-10-11.16:23:23	27.3797	1654.8	-1.49447	0.616828
2019-10-11.16:23:24	30.9559	1654.8	-1.70837	0.635842
2019-10-11.16:23:25	34.4348	1654.8	-1.86766	0.665765
2019-10-11.16:23:26	37.7809	1654.8	-2.01423	0.704558
2019-10-11.16:23:27	41.001	1654.81	-2.11545	0.740645
2019-10-11.16:23:28	44.1171	1654.81	-2.16248	0.777494
2019-10-11.16:23:29	47.1587	1654.81	-2.16396	0.82481
2019-10-11.16:23:30	50.1562	1654.82	-2.10866	0.882634
2019-10-11.16:23:31	53.1344	1654.82	-2.00766	0.945272
2019-10-11.16:23:32	56.1104	1654.83	-1.8771	1.00687
2019-10-11.16:23:33	59.096	1654.83	-1.72444	1.06865
2019-10-11.16:23:34	62.0998	1654.84	-1.55393	1.13146
2019-10-11.16:23:35	65.1278	1654.84	-1.36819	1.19566
2019-10-11.16:23:36	68.1849	1654.85	-1.16905	1.2612
[State]	TakeOff
2019-10-11.16:23:37	71.2742	1654.85	-0.958062	1.32793
2019-10-11.16:23:38	74.398	1654.86	-0.736575	1.39564
2019-10-11.16:23:39	77.5573	1654.87	-0.505914	1.46405
2019-10-11.16:23:40	80.7522	1654.88	-0.267458	1.53288
2019-10-11.16:23:41	84.0027	1654.89	-0.156491	1.59361
2019-10-11.16:23:42	87.3331	1654.9	-0.0623919	2.20471
2019-10-11.16:23:43	90.5386	1655.08	0.0557722	8.7382
2019-10-11.16:23:44	91.3812	1659.73	-5.62083	12.893
2019-10-11.16:23:45	91.4363	1667.44	-8.63201	11.6941
2019-10-11.16:23:46	91.9151	1673.56	-6.26806	11.7199
2019-10-11.16:23:47	92.3286	1679.36	-3.01899	11.7999
2019-10-11.16:23:48	92.499	1685.48	-0.66808	12.0879
2019-10-11.16:23:49	92.4519	1692.03	-0.447296	12.4802
2019-10-11.16:23:50	92.2972	1699.09	-1.79353	12.8149
2019-10-11.16:23:51	92.0624	1706.61	-2.81244	13.1658
2019-10-11.16:23:52	91.6745	1714.47	-2.08689	13.2922
2019-10-11.16:23:53	91.3607	1722.34	-0.0367221	13.0415
2019-10-11.16:23:54	91.1009	1729.84	1.59163	12.9025
2019-10-11.16:23:55	90.9362	1736.88	1.39907	12.6759
2019-10-11.16:23:56	90.9806	1743.47	-0.327935	12.3449
2019-10-11.16:23:57	91.2387	1749.69	-1.86245	12.1247
2019-10-11.16:23:58	91.5318	1755.63	-1.64543	11.9846
[State]	Climb
2019-10-11.16:23:59	91.9115	1761.44	0.1825	11.8121
2019-10-11.16:24:00	92.2304	1767.22	1.90274	11.9076
2019-10-11.16:24:01	92.4036	1773.14	1.8716	12.1068
2019-10-11.16:24:02	92.4969	1779.4	0.137938	12.276
2019-10-11.16:24:03	92.5365	1786.1	-1.5905	12.557
2019-10-11.16:24:04	92.3725	1793.25	-1.59909	12.882
2019-10-11.16:24:05	92.1305	1800.77	0.121938	12.9591
2019-10-11.16:24:06	91.8177	1808.39	1.89361	13.0655
2019-10-11.16:24:07	91.4454	1815.93	2.00231	13.115
2019-10-11.16:24:08	91.1633	1823.3	0.338206	12.9568
2019-10-11.16:24:09	91.0692	1830.45	-1.51814	12.7912
2019-10-11.16:24:10	91.0297	1837.31	-1.77649	12.6659
2019-10-11.16:24:11	91.1251	1843.86	-0.17279	12.3251
2019-10-11.16:24:12	91.3478	1850.03	1.77115	12.0749
2019-10-11.16:24:13	91.5835	1855.83	2.19278	11.9849
2019-10-11.16:24:14	91.8688	1861.48	0.677454	11.9045
2019-10-11.16:24:15	92.2164	1867.24	-1.32129	11.9584
2019-10-11.16:24:16	92.4281	1873.28	-1.84949	12.2176
2019-10-11.16:24:17	92.5142	1879.72	-0.384738	12.3425
2019-10-11.16:24:18	92.5064	1886.47	1.6363	12.5118
2019-10-11.16:24:19	92.31	1893.44	2.23803	12.7928
2019-10-11.16:24:20	92.0402	1900.62	0.837856	12.9003
2019-10-11.16:24:21	91.8266	1907.98	-1.21545	12.9655
2019-10-11.16:24:22	91.5726	1915.41	-1.92914	13.0807
2019-10-11.16:24:23	91.3364	1922.79	-0.607666	12.9337
2019-10-11.16:24:24	91.2297	1929.92	1.48224	12.6916
2019-10-11.16:24:25	91.1598	1936.61	2.33899	12.5646
2019-10-11.16:24:26	91.2046	1942.9	1.13438	12.3081
2019-10-11.16:24:27	91.4468	1948.93	-1.00658	12.0857
2019-10-11.16:24:28	91.7365	1954.81	-2.02672	12.0776
2019-10-11.16:24:29	91.9965	1960.69	-0.921315	12.0013
2019-10-11.16:24:30	92.2926	1966.61	1.24897	11.9238
2019-10-11.16:24:31	92.4553	1972.57	2.37888	12.115
2019-10-11.16:24:32	92.5109	1978.71	1.37277	12.2544
2019-10-11.16:24:33	92.5536	1985.18	-0.796928	12.3999
2019-10-11.16:24:34	92.4989	1992	-2.0089	12.6991
2019-10-11.16:24:35	92.292	1999.17	-1.07249	12.8513
2019-10-11.16:24:36	92.0918	2006.52	1.09265	12.8239
2019-10-11.16:24:37	91.8158	2013.79	2.3832	12.9208
2019-10-11.16:24:38	91.5486	2020.89	1.55376	12.8461
2019-10-11.16:24:39	91.4348	2027.82	-0.618039	12.6603
2019-10-11.16:24:40	91.4405	2034.55	-2.056	12.591
2019-10-11.16:24:41	91.4633	2041.07	-1.36096	12.4335
2019-10-11.16:24:42	91.6365	2047.36	0.812173	12.1172
2019-10-11.16:24:43	91.829	2053.33	2.383	12.0491
2019-10-11.16:24:44	92.0178	2059.07	1.83877	11.9879
2019-10-11.16:24:45	92.275	2064.82	-0.311991	11.9223
2019-10-11.16:24:46	92.5431	2070.74	-1.99055	12.0819
2019-10-11.16:24:47	92.643	2076.94	-1.54441	12.278
2019-10-11.16:24:48	92.702	2083.47	0.588556	12.3008
2019-10-11.16:24:49	92.6284	2090.16	2.3228	12.5225
2019-10-11.16:24:50	92.4248	2096.99	1.9719	12.6945
2019-10-11.16:24:51	92.232	2103.98	-0.127855	12.7187
2019-10-11.16:24:52	92.0893	2111.09	-1.94826	12.8235
2019-10-11.16:24:53	91.8672	2118.25	-1.71313	12.8786
2019-10-11.16:24:54	91.7369	2125.34	0.351442	12.6394
2019-10-11.16:24:55	91.6639	2132.13	2.26242	12.5206
2019-10-11.16:24:56	91.6232	2138.53	2.18422	12.3958
2019-10-11.16:24:57	91.7213	2144.66	0.174122	12.1511
2019-10-11.16:24:58	91.976	2150.64	-1.85783	12.0656
2019-10-11.16:24:59	92.1734	2156.56	-1.93297	12.1069
2019-10-11.16:25:00	92.398	2162.55	0.0322686	11.9585
2019-10-11.16:25:01	92.5997	2168.52	2.13832	11.9982
2019-10-11.16:25:02	92.6736	2174.52	2.3406	12.1655
2019-10-11.16:25:03	92.7096	2180.71	0.441364	12.2234
2019-10-11.16:25:04	92.7638	2187.19	-1.71956	12.397
2019-10-11.16:25:05	92.6518	2193.97	-2.01969	12.6708
2019-10-11.16:25:06	92.4882	2201.02	-0.169598	12.656
2019-10-11.16:25:07	92.3197	2208.1	2.02771	12.6735
2019-10-11.16:25:08	92.0812	2215.03	2.44264	12.7401
2019-10-11.16:25:09	91.9081	2221.83	0.669805	12.5925
2019-10-11.16:25:10	91.904	2228.5	-1.60678	12.4804
2019-10-11.16:25:11	91.895	2235.03	-2.18395	12.4926
2019-10-11.16:25:12	91.9443	2241.44	-0.493297	12.2495
2019-10-11.16:25:13	92.1094	2247.61	1.84813	12.0487
2019-10-11.16:25:14	92.2397	2253.49	2.58575	12.0536
2019-10-11.16:25:15	92.3989	2259.25	1.00331	11.9497
2019-10-11.16:25:16	92.6564	2265.09	-1.38928	11.9509
2019-10-11.16:25:17	92.8088	2271.1	-2.25587	12.1872
2019-10-11.16:25:18	92.8567	2277.41	-0.743544	12.2313
2019-10-11.16:25:19	92.8938	2283.91	1.66954	12.2636
2019-10-11.16:25:20	92.7787	2290.47	2.62891	12.492
2019-10-11.16:25:21	92.6079	2297.12	1.20657	12.5361
2019-10-11.16:25:22	92.5167	2303.93	-1.23104	12.5586
2019-10-11.16:25:23	92.3764	2310.83	-2.3128	12.7288
2019-10-11.16:25:24	92.2005	2317.77	-0.982105	12.6419
2019-10-11.16:25:25	92.1427	2324.6	1.47648	12.4255
2019-10-11.16:25:26	92.0743	2331.09	2.69381	12.4068
2019-10-11.16:25:27	92.0637	2337.29	1.49655	12.2313
2019-10-11.16:25:28	92.2237	2343.33	-0.990697	12.053
2019-10-11.16:25:29	92.4146	2349.29	-2.36961	12.119
2019-10-11.16:25:30	92.5469	2355.29	-1.2868	12.0671
2019-10-11.16:25:31	92.7505	2361.32	1.2138	11.917
2019-10-11.16:25:32	92.8588	2367.27	2.70637	12.0661
2019-10-11.16:25:33	92.8894	2373.26	1.74547	12.1325
2019-10-11.16:25:34	92.9569	2379.46	-0.746736	12.1708
2019-10-11.16:25:35	92.9747	2385.9	-2.34087	12.4267
2019-10-11.16:25:36	92.8412	2392.62	-1.46947	12.5514
2019-10-11.16:25:37	92.743	2399.5	1.01093	12.4541
2019-10-11.16:25:38	92.5763	2406.28	2.68798	12.5662
2019-10-11.16:25:39	92.3844	2412.93	1.94115	12.5379
2019-10-11.16:25:40	92.3166	2419.5	-0.526037	12.3864
2019-10-11.16:25:41	92.3382	2425.98	-2.34221	12.4158
2019-10-11.16:25:42	92.31	2432.4	-1.73402	12.3658
2019-10-11.16:25:43	92.4053	2438.71	0.716835	12.0775
2019-10-11.16:25:44	92.5134	2444.75	2.65144	12.0514
2019-10-11.16:25:45	92.5999	2450.56	2.20337	12.0152
2019-10-11.16:25:46	92.7686	2456.35	-0.210066	11.9028
2019-10-11.16:25:47	92.9843	2462.25	-2.25973	12.0338
2019-10-11.16:25:48	93.0438	2468.34	-1.92993	12.2004
2019-10-11.16:25:49	93.1039	2474.67	0.454187	12.117
2019-10-11.16:25:50	93.0906	2481.05	2.56763	12.2602
2019-10-11.16:25:51	92.9636	2487.44	2.3561	12.3967
2019-10-11.16:25:52	92.8631	2493.94	0.0207231	12.3638
2019-10-11.16:25:53	92.8256	2500.58	-2.18218	12.4789
2019-10-11.16:25:54	92.6709	2507.3	-2.09502	12.6023
2019-10-11.16:25:55	92.576	2514.07	0.194638	12.3882
2019-10-11.16:25:56	92.5269	2520.63	2.47554	12.3207
2019-10-11.16:25:57	92.4597	2526.88	2.54656	12.2878
2019-10-11.16:25:58	92.4977	2532.95	0.327419	12.0794
2019-10-11.16:25:59	92.6821	2538.94	-2.06433	12.0422
2019-10-11.16:26:00	92.7811	2544.92	-2.29346	12.1417
2019-10-11.16:26:01	92.9048	2550.97	-0.132528	11.9603
2019-10-11.16:26:02	93.0546	2556.96	2.32765	11.9415
2019-10-11.16:26:03	93.0961	2562.85	2.69862	12.0757
2019-10-11.16:26:04	93.1338	2568.82	0.619788	12.0443
2019-10-11.16:26:05	93.2933	2574.93	-1.92787	11.6603
2019-10-11.16:26:06	93.567	2580.64	-2.51699	11.352
2019-10-11.16:26:07	94.0318	2585.87	-0.551284	10.774
2019-10-11.16:26:08	94.7645	2590.5	2.05459	10.3174
2019-10-11.16:26:09	95.5054	2594.62	2.73555	10.2351
2019-10-11.16:26:10	96.2767	2598.67	0.828625	9.86589
2019-10-11.16:26:11	97.3035	2602.57	-1.80159	9.4397
2019-10-11.16:26:12	98.323	2606.26	-2.4708	9.27048
2019-10-11.16:26:13	99.4574	2609.8	-0.530904	8.71352
2019-10-11.16:26:14	100.741	2613.04	1.96176	8.47063
2019-10-11.16:26:15	101.917	2616.19	2.36562	8.31837
2019-10-11.16:26:16	103.178	2619.35	0.279912	7.88118
2019-10-11.16:26:17	104.612	2622.41	-1.98526	7.61754
2019-10-11.16:26:18	105.974	2625.43	-1.91113	7.38526
2019-10-11.16:26:19	107.481	2628.3	0.306737	6.92063
2019-10-11.16:26:20	109.016	2630.79	2.0387	6.81567
2019-10-11.16:26:21	110.427	2633.35	1.31363	6.69403
2019-10-11.16:26:22	111.995	2635.85	-0.885668	6.36953
2019-10-11.16:26:23	113.526	2638.23	-1.81042	6.28811
[State]	Cruise
2019-10-11.16:26:24	115.082	2640.61	-0.434837	5.92013
2019-10-11.16:26:25	116.702	2642.83	1.33761	5.77371
2019-10-11.16:26:26	118.189	2645.08	1.22731	5.61341
2019-10-11.16:26:27	119.757	2647.33	-0.460133	5.36125
2019-10-11.16:26:28	121.316	2649.53	-1.35909	5.22771
2019-10-11.16:26:29	122.867	2651.68	-0.361255	4.95148
2019-10-11.16:26:30	124.462	2653.7	0.964848	4.82029
2019-10-11.16:26:31	125.951	2655.72	0.758366	4.65421
2019-10-11.16:26:32	127.511	2657.69	-0.508908	4.4631
2019-10-11.16:26:33	129.03	2659.61	-0.900924	4.32683
2019-10-11.16:26:34	130.574	2661.45	0.0207667	4.11919
2019-10-11.16:26:35	132.084	2663.2	0.720711	4.01482
2019-10-11.16:26:36	133.555	2664.93	0.192078	3.85719
2019-10-11.16:26:37	135.071	2666.6	-0.584228	3.72045
2019-10-11.16:26:38	136.539	2668.22	-0.386422	3.57012
2019-10-11.16:26:39	138.026	2669.74	0.313893	3.45049
2019-10-11.16:26:40	139.438	2671.23	0.333397	3.33337
2019-10-11.16:26:41	140.863	2672.67	-0.242541	3.20872
2019-10-11.16:26:42	142.251	2674.05	-0.382073	3.10173
2019-10-11.16:26:43	143.634	2675.37	0.056498	2.98517
2019-10-11.16:26:44	144.962	2676.63	0.239229	2.89178
2019-10-11.16:26:45	146.273	2677.85	-0.090647	2.79128
2019-10-11.16:26:46	147.569	2679.01	-0.276721	2.70234
2019-10-11.16:26:47	148.843	2680.12	-0.0346775	2.60446
2019-10-11.16:26:48	150.075	2681.19	0.127673	2.52516
2019-10-11.16:26:49	151.282	2682.21	-0.0568803	2.44344
2019-10-11.16:26:50	152.474	2683.19	-0.190945	2.36856
2019-10-11.16:26:51	153.639	2684.12	-0.0506713	2.29027
2019-10-11.16:26:52	154.762	2685.01	0.0494468	2.223
2019-10-11.16:26:53	155.855	2685.87	-0.0639674	2.15601
2019-10-11.16:26:54	156.926	2686.68	-0.136851	2.09407
2019-10-11.16:26:55	157.968	2687.46	-0.0472898	2.03208
2019-10-11.16:26:56	158.972	2688.21	-0.0014782	1.97547
2019-10-11.16:26:57	159.95	2688.92	-0.07597	1.91996
2019-10-11.16:26:58	160.903	2689.6	-0.103225	1.86824
2019-10-11.16:26:59	161.829	2690.25	-0.0453703	1.81913
2019-10-11.16:27:00	162.721	2690.87	-0.0354737	1.77212
2019-10-11.16:27:01	163.589	2691.47	-0.0819898	1.72627
2019-10-11.16:27:02	164.433	2692.03	-0.0824637	1.68292
2019-10-11.16:27:03	165.25	2692.57	-0.0495381	1.64275
2019-10-11.16:27:04	166.038	2693.08	-0.0576368	1.604
2019-10-11.16:27:05	166.804	2693.57	-0.08158	1.56665
2019-10-11.16:27:06	167.547	2694.04	-0.0714727	1.5309
2019-10-11.16:27:07	168.264	2694.49	-0.05791	1.49737
2019-10-11.16:27:08	168.957	2694.92	-0.0702068	1.4651
2019-10-11.16:27:09	169.63	2695.32	-0.0780911	1.4344
2019-10-11.16:27:10	170.28	2695.71	-0.0682765	1.40521
2019-10-11.16:27:11	170.907	2696.08	-0.066733	1.37732
2019-10-11.16:27:12	171.514	2696.43	-0.0755416	1.35054
2019-10-11.16:27:13	172.101	2696.77	-0.0751133	1.325
2019-10-11.16:27:14	172.668	2697.09	-0.0701066	1.3008
2019-10-11.16:27:15	173.215	2697.4	-0.0732158	1.2776
2019-10-11.16:27:16	173.744	2697.69	-0.0768526	1.25551
2019-10-11.16:27:17	174.255	2697.97	-0.0744551	1.23431
2019-10-11.16:27:18	174.748	2698.24	-0.0737612	1.21414
2019-10-11.16:27:19	175.224	2698.5	-0.0767301	1.1949
2019-10-11.16:27:20	175.683	2698.74	-0.077113	1.17646
2019-10-11.16:27:21	176.125	2698.97	-0.0758241	1.15883
2019-10-11.16:27:22	176.553	2699.19	-0.0769664	1.14202
2019-10-11.16:27:23	176.964	2699.41	-0.0783248	1.12594
2019-10-11.16:27:24	177.361	2699.61	-0.0778496	1.11054
2019-10-11.16:27:25	177.744	2699.8	-0.0779201	1.09584
2019-10-11.16:27:26	178.249	2699.4	-0.119326	-0.545166
2019-10-11.16:27:27	179.592	2694.09	-0.16064	-0.223654
2019-10-11.16:27:28	180.606	2689.89	-0.004536	-1.31914
2019-10-11.16:27:29	182.033	2683.17	-0.100289	-0.386682
2019-10-11.16:27:30	183.029	2678.49	-0.101659	-1.42546
2019-10-11.16:27:31	184.346	2671.65	-0.0912862	-0.490455
2019-10-11.16:27:32	185.227	2666.97	-0.0412957	-1.36225
2019-10-11.16:27:33	186.448	2660.13	-0.135285	-0.652202
2019-10-11.16:27:34	187.21	2655.48	-0.0527067	-1.22808
2019-10-11.16:27:35	188.341	2648.74	-0.111683	-0.856755
2019-10-11.16:27:36	189.011	2643.99	-0.0529812	-1.03582
2019-10-11.16:27:37	190.024	2637.54	-0.135892	-1.11683
2019-10-11.16:27:38	190.644	2632.45	-0.0417457	-0.77169
2019-10-11.16:27:39	191.51	2626.5	-0.125448	-1.42967
2019-10-11.16:27:40	192.127	2620.94	-0.0670371	-0.509827
2019-10-11.16:27:41	192.832	2615.49	-0.107906	-1.64427
2019-10-11.16:27:42	193.455	2609.57	-0.076129	-0.40702
2019-10-11.16:27:43	194.034	2604.42	-0.105927	-1.71003
2019-10-11.16:27:44	194.621	2598.38	-0.0807875	-0.395535
2019-10-11.16:27:45	195.14	2593.25	-0.10476	-1.72902
2019-10-11.16:27:46	195.631	2587.39	-0.0770527	-0.453029
2019-10-11.16:27:47	196.176	2581.91	-0.11844	-1.54228
2019-10-11.16:27:48	196.499	2576.68	-0.063018	-0.930029
2019-10-11.16:27:49	197.109	2570.44	-0.123294	-0.80936
2019-10-11.16:27:50	197.35	2565.81	-0.0845406	-1.86687
2019-10-11.16:27:51	197.742	2559.89	-0.0707531	-0.516229
2019-10-11.16:27:52	198.258	2553.81	-0.113604	-0.123941
2019-10-11.16:27:53	198.626	2548.45	-0.132699	-1.07303
2019-10-11.16:27:54	198.871	2543.3	-0.132078	-2.18238
2019-10-11.16:27:55	199.019	2538.24	-0.139331	-2.88406
2019-10-11.16:27:56	198.92	2533.09	-0.170829	-2.04914
2019-10-11.16:27:57	198.133	2527.64	-0.187816	2.83554
2019-10-11.16:27:58	196.197	2523.88	-0.122096	7.24738
2019-10-11.16:27:59	193.991	2521.48	-0.0845065	8.73057
2019-10-11.16:28:00	191.894	2519.48	-0.0707076	8.95325
2019-10-11.16:28:01	189.965	2517.64	-0.0316044	8.4818
2019-10-11.16:28:02	188.189	2515.9	-0.0042053	7.40031
2019-10-11.16:28:03	186.536	2514.31	0.0016953	5.67426
2019-10-11.16:28:04	184.963	2512.9	0.0216821	3.2795
2019-10-11.16:28:05	183.403	2511.72	0.0597284	0.312696
2019-10-11.16:28:06	181.794	2510.76	0.104229	-3.00797
2019-10-11.16:28:07	180.142	2510	0.169502	-6.30648
2019-10-11.16:28:08	178.505	2509.32	0.263992	-9.01254
2019-10-11.16:28:09	176.962	2508.57	0.370309	-10.5525
2019-10-11.16:28:10	175.539	2507.58	0.469478	-10.4985
2019-10-11.16:28:11	174.287	2506.23	0.544394	-8.6531
2019-10-11.16:28:12	173.213	2504.42	0.576015	-5.0883
2019-10-11.16:28:13	172.298	2502.09	0.551469	-0.371069
2019-10-11.16:28:14	171.464	2499.37	0.469871	4.83752
2019-10-11.16:28:15	170.798	2496.6	0.348053	9.59096
2019-10-11.16:28:16	170.47	2494.29	0.216972	11.9852
2019-10-11.16:28:17	170.28	2492.89	0.111544	10.4342
2019-10-11.16:28:18	169.913	2492.58	0.0721586	4.73797
2019-10-11.16:28:19	169.023	2493.17	0.125348	-2.51529
2019-10-11.16:28:20	167.739	2493.99	0.26333	-8.00389
2019-10-11.16:28:21	166.582	2494.24	0.423508	-9.33949
2019-10-11.16:28:22	165.736	2493.44	0.521658	-6.24924
2019-10-11.16:28:23	165.192	2491.5	0.509131	-0.0426012
2019-10-11.16:28:24	164.798	2488.81	0.394371	6.75353
2019-10-11.16:28:25	164.734	2486.32	0.228861	11.289
2019-10-11.16:28:26	164.946	2485.05	0.0854092	10.4408
2019-10-11.16:28:27	164.873	2485.39	0.0398129	3.58344
2019-10-11.16:28:28	164.025	2486.84	0.129843	-4.46702
2019-10-11.16:28:29	162.928	2488.1	0.308615	-8.34248
2019-10-11.16:28:30	162.182	2488.05	0.444675	-6.09341
2019-10-11.16:28:31	161.859	2486.48	0.443508	0.434408
2019-10-11.16:28:32	161.757	2484.01	0.316108	7.42157
2019-10-11.16:28:33	162.058	2482.02	0.139748	10.9278
2019-10-11.16:28:34	162.458	2481.66	0.0146493	7.62147
2019-10-11.16:28:35	162.264	2482.98	0.0251254	-0.440319
2019-10-11.16:28:36	161.394	2484.8	0.173006	-6.50884
2019-10-11.16:28:37	160.696	2485.56	0.336821	-6.24112
2019-10-11.16:28:38	160.475	2484.61	0.379699	-0.639788
2019-10-11.16:28:39	160.522	2482.48	0.28208	6.25572
2019-10-11.16:28:40	160.933	2480.59	0.113943	10.1724
2019-10-11.16:28:41	161.481	2480.31	-0.0152406	7.34874
2019-10-11.16:28:42	161.429	2481.75	-0.0099817	-0.356641
2019-10-11.16:28:43	160.712	2483.67	0.134661	-6.01787
2019-10-11.16:28:44	160.175	2484.46	0.291145	-5.27969
2019-10-11.16:28:45	160.104	2483.49	0.323546	0.453153
2019-10-11.16:28:46	160.294	2481.49	0.219632	6.94381
2019-10-11.16:28:47	160.852	2479.96	0.0578541	9.75685
2019-10-11.16:28:48	161.404	2480.13	-0.0485577	5.70218
2019-10-11.16:28:49	161.238	2481.87	-0.0127737	-1.8425
2019-10-11.16:28:50	160.584	2483.69	0.145046	-6.10834
2019-10-11.16:28:51	160.222	2484.14	0.280658	-3.98483
2019-10-11.16:28:52	160.269	2482.91	0.282737	2.13543
2019-10-11.16:28:53	160.569	2480.96	0.161948	8.0129
2019-10-11.16:28:54	161.211	2479.84	0.0087304	9.22612
2019-10-11.16:28:55	161.651	2480.49	-0.0659782	3.82259
2019-10-11.16:28:56	161.31	2482.39	0.0049337	-3.33535
2019-10-11.16:28:57	160.686	2483.99	0.171466	-6.09944
2019-10-11.16:28:58	160.441	2484.04	0.282912	-2.77774
2019-10-11.16:28:59	160.536	2482.57	0.257177	3.56
2019-10-11.16:29:00	160.892	2480.69	0.123872	8.78856
2019-10-11.16:29:01	161.538	2479.89	-0.0200801	8.65274
2019-10-11.16:29:02	161.838	2480.86	-0.068231	2.39419
2019-10-11.16:29:03	161.359	2482.82	0.0285481	-4.34078
[State]	Descent
2019-10-11.16:29:04	160.751	2484.2	0.197677	-5.99246
2019-10-11.16:29:05	160.561	2483.96	0.289581	-1.88364
2019-10-11.16:29:06	160.77	2481.85	-5.98321	2.37977
2019-10-11.16:29:07	161.202	2475.81	-14.8473	6.89707
2019-10-11.16:29:08	161.863	2469.99	-23.1952	3.91034
2019-10-11.16:29:09	161.424	2465.83	-30.0168	-4.79243
2019-10-11.16:29:10	159.926	2460.75	-30.0914	-7.33853
2019-10-11.16:29:11	159.315	2452.91	-30.1213	-2.21444
2019-10-11.16:29:12	159.673	2444.05	-30.1173	2.31856
2019-10-11.16:29:13	160.282	2437.42	-30.0917	-1.07893
2019-10-11.16:29:14	159.832	2432.25	-30.0746	-5.15269
2019-10-11.16:29:15	159.632	2424.98	-30.1062	-2.0705
2019-10-11.16:29:16	160.317	2416.59	-30.1096	0.497171
2019-10-11.16:29:17	160.647	2410.65	-30.0758	-3.16945
2019-10-11.16:29:18	160.408	2404.32	-30.0973	-2.56571
2019-10-11.16:29:19	161.027	2396.03	-30.0998	-0.623304
2019-10-11.16:29:20	161.123	2390.35	-30.0856	-3.20209
2019-10-11.16:29:21	161.324	2382.61	-30.0977	-0.960076
2019-10-11.16:29:22	161.55	2376.54	-30.0876	-2.8091
2019-10-11.16:29:23	161.89	2368.57	-30.0924	-1.54367
2019-10-11.16:29:24	161.801	2362.92	-30.0918	-1.87724
2019-10-11.16:29:25	162.112	2356.02	-30.0876	-2.50949
2019-10-11.16:29:26	162.507	2347.94	-30.0885	-2.08351
2019-10-11.16:29:27	162.61	2341.04	-30.0909	-1.66671
2019-10-11.16:29:28	162.513	2335.36	-30.0906	-1.63253
2019-10-11.16:29:29	162.567	2329.34	-30.0879	-1.91463
2019-10-11.16:29:30	162.772	2322.45	-27.4684	-2.21581
2019-10-11.16:29:31	163.019	2315.64	-21.4084	-2.24786
2019-10-11.16:29:32	163.014	2310.4	-17.1003	-2.16148
2019-10-11.16:29:33	163.215	2304.92	-14.628	-2.56976
2019-10-11.16:29:34	163.544	2298.3	-11.999	-2.88172
2019-10-11.16:29:35	164	2291.15	-9.2968	-2.93089
2019-10-11.16:29:36	164.33	2284.45	-7.54994	-2.63793
2019-10-11.16:29:37	164.445	2278.71	-6.43398	-2.21214
2019-10-11.16:29:38	164.341	2274.05	-5.1736	-2.2221
2019-10-11.16:29:39	164.444	2268.98	-4.07277	-2.65245
2019-10-11.16:29:40	164.746	2262.83	-3.42442	-2.9964
2019-10-11.16:29:41	165.134	2255.85	-2.88558	-2.91862
2019-10-11.16:29:42	165.365	2249.36	-2.22044	-2.63386
2019-10-11.16:29:43	165.443	2243.74	-1.73905	-2.332
2019-10-11.16:29:44	165.342	2239.01	-1.49357	-2.00822
2019-10-11.16:29:45	165.066	2235.19	-1.22478	-1.76358
2019-10-11.16:29:46	164.779	2231.77	-0.937053	-1.82605
2019-10-11.16:29:47	164.542	2228.23	-0.75792	-1.87427
2019-10-11.16:29:48	164.345	2224.52	-0.647378	-1.93171
2019-10-11.16:29:49	164.194	2220.62	-0.509865	-2.00174
2019-10-11.16:29:50	164.1	2216.51	-0.379441	-2.05896
2019-10-11.16:29:51	163.936	2212.6	-0.288314	-1.68533
2019-10-11.16:29:52	163.604	2209.6	-0.226437	-1.36747
2019-10-11.16:29:53	163.13	2207.46	-0.175302	-1.07525
2019-10-11.16:29:54	162.545	2206.08	-0.124963	-0.821399
2019-10-11.16:29:55	161.879	2205.33	-0.0866255	-0.613999
2019-10-11.16:29:56	161.174	2205.02	-0.0645437	-0.581428
2019-10-11.16:29:57	160.552	2204.61	-0.0543091	-0.689329
2019-10-11.16:29:58	160.041	2203.82	-0.0295496	-0.83969
2019-10-11.16:29:59	159.659	2202.53	-0.0041225	-1.02772
2019-10-11.16:30:00	159.412	2200.66	0.0042531	-1.24199
2019-10-11.16:30:01	159.263	2198.27	0.0167536	-1.11335
2019-10-11.16:30:02	158.978	2196.42	0.0610763	-0.807099
2019-10-11.16:30:03	158.563	2195.35	0.0644379	-0.530986
2019-10-11.16:30:04	158.035	2194.99	0.04189	-0.287995
2019-10-11.16:30:05	157.425	2195.2	0.0491793	-0.0892812
2019-10-11.16:30:06	156.785	2195.81	0.0680131	-0.10571
2019-10-11.16:30:07	156.251	2196.18	0.0512155	-0.260947
2019-10-11.16:30:08	155.844	2196.05	0.0412465	-0.453334
2019-10-11.16:30:09	155.578	2195.34	0.058484	-0.677391
2019-10-11.16:30:10	155.459	2193.98	0.069177	-0.921433
2019-10-11.16:30:11	155.424	2192.11	0.070539	-0.750781
2019-10-11.16:30:12	155.247	2190.79	0.0952657	-0.476203
2019-10-11.16:30:13	154.943	2190.19	0.0936502	-0.216925
2019-10-11.16:30:14	154.527	2190.24	0.0741607	0.0160247
2019-10-11.16:30:15	154.023	2190.84	0.0744806	0.211973
2019-10-11.16:30:16	153.495	2191.79	0.0817788	0.136101
2019-10-11.16:30:17	153.084	2192.4	0.0637768	-0.0407713
2019-10-11.16:30:18	152.805	2192.47	0.0582022	-0.25059
2019-10-11.16:30:19	152.664	2191.93	0.0725774	-0.482827
2019-10-11.16:30:20	152.662	2190.76	0.078095	-0.72502
2019-10-11.16:30:21	152.735	2189.1	0.0792379	-0.568094
2019-10-11.16:30:22	152.673	2187.95	0.10401	-0.314852
2019-10-11.16:30:23	152.484	2187.46	0.101911	-0.0673668
2019-10-11.16:30:24	152.178	2187.6	0.080984	0.162952
2019-10-11.16:30:25	151.775	2188.29	0.0799944	0.365051
2019-10-11.16:30:26	151.325	2189.38	0.0896036	0.327637
2019-10-11.16:30:27	150.983	2190.2	0.0697174	0.140601
2019-10-11.16:30:28	150.767	2190.48	0.0598465	-0.0688617
2019-10-11.16:30:29	150.684	2190.17	0.0752888	-0.295955
2019-10-11.16:30:30	150.732	2189.26	0.0845572	-0.528895
2019-10-11.16:30:31	150.888	2187.77	0.0770889	-0.555252
2019-10-11.16:30:32	150.944	2186.5	0.0987023	-0.286266
2019-10-11.16:30:33	150.868	2185.87	0.110374	-0.0434039
2019-10-11.16:30:34	150.668	2185.86	0.0919048	0.191769
2019-10-11.16:30:35	150.359	2186.43	0.080003	0.408636
2019-10-11.16:30:36	149.964	2187.51	0.0910299	0.530833
2019-10-11.16:30:37	149.633	2188.59	0.0803327	0.307597
2019-10-11.16:30:38	149.433	2189.13	0.0616205	0.0984179
2019-10-11.16:30:39	149.362	2189.09	0.070184	-0.127355
2019-10-11.16:30:40	149.421	2188.45	0.0863295	-0.35874
2019-10-11.16:30:41	149.6	2187.22	0.0821999	-0.567862
2019-10-11.16:30:42	149.765	2185.8	0.0894894	-0.305149
2019-10-11.16:30:43	149.787	2184.96	0.110987	-0.0704222
2019-10-11.16:30:44	149.682	2184.75	0.103311	0.16715
2019-10-11.16:30:45	149.457	2185.13	0.084345	0.394965
2019-10-11.16:30:46	149.006	2186.33	0.112253	2.83032
2019-10-11.16:30:47	146.391	2195.71	0.381597	4.45843
2019-10-11.16:30:48	144.284	2206.07	0.0536187	5.51981
2019-10-11.16:30:49	141.282	2219.49	-0.0197289	5.87416
2019-10-11.16:30:50	138.959	2231.9	0.0141615	5.16467
2019-10-11.16:30:51	136.571	2243.66	0.209167	6.44173
2019-10-11.16:30:52	133.855	2257.07	0.284515	7.04457
2019-10-11.16:30:53	131.242	2270.7	0.090884	6.76609
2019-10-11.16:30:54	128.996	2283.13	-0.076176	6.28108
2019-10-11.16:30:55	127.12	2294.04	0.037821	6.48303
2019-10-11.16:30:56	125.16	2305.01	0.319345	6.85409
2019-10-11.16:30:57	123.208	2316.13	0.344262	6.94072
2019-10-11.16:30:58	121.428	2326.82	0.0985187	6.79262
2019-10-11.16:30:59	119.78	2336.97	-0.0385575	7.11391
2019-10-11.16:31:00	118.156	2347.07	0.125754	7.14417
2019-10-11.16:31:01	116.606	2356.9	0.344405	7.33743
2019-10-11.16:31:02	115.121	2366.5	0.344522	7.26334
2019-10-11.16:31:03	113.852	2375.49	0.13118	6.95875
2019-10-11.16:31:04	112.908	2383.47	-0.0278362	6.44447
2019-10-11.16:31:05	112.316	2390.22	0.0531642	6.10597
2019-10-11.16:31:06	111.903	2396.19	0.293023	5.87795
2019-10-11.16:31:07	111.662	2401.54	0.389888	5.55273
2019-10-11.16:31:08	111.617	2406.2	0.235675	5.27672
2019-10-11.16:31:09	111.715	2410.35	0.0401955	5.06825
2019-10-11.16:31:10	111.926	2414.09	0.0356302	4.8555
2019-10-11.16:31:11	112.227	2417.49	0.209438	4.67286
2019-10-11.16:31:12	112.574	2420.62	0.339897	4.5497
2019-10-11.16:31:13	112.94	2423.61	0.275397	4.49159
2019-10-11.16:31:14	113.304	2426.58	0.109873	4.49344
2019-10-11.16:31:15	113.635	2429.67	0.0509229	4.54834
2019-10-11.16:31:16	113.898	2432.94	0.160144	4.65273
[State]	Climb
2019-10-11.16:31:17	114.061	2436.5	0.290268	4.79993
2019-10-11.16:31:18	114.196	2440.23	0.266707	4.50077
2019-10-11.16:31:19	114.492	2443.51	0.099235	4.22493
2019-10-11.16:31:20	114.914	2446.32	0.0126903	3.99179
2019-10-11.16:31:21	115.413	2448.78	0.110874	3.82287
2019-10-11.16:31:22	115.936	2451.04	0.261103	3.73593
2019-10-11.16:31:23	116.435	2453.26	0.277731	3.73817
2019-10-11.16:31:24	116.925	2455.53	0.148385	3.5424
2019-10-11.16:31:25	117.487	2457.57	0.0326659	3.40864
2019-10-11.16:31:26	118.062	2459.48	0.0804721	3.3003
2019-10-11.16:31:27	118.658	2461.27	0.209313	3.1679
2019-10-11.16:31:28	119.258	2462.93	0.245905	3.0483
2019-10-11.16:31:29	119.876	2464.49	0.150244	2.93819
2019-10-11.16:31:30	120.514	2465.94	0.0579977	2.82363
2019-10-11.16:31:31	121.161	2467.31	0.0858172	2.72004
2019-10-11.16:31:32	121.809	2468.59	0.181233	2.62195
2019-10-11.16:31:33	122.449	2469.8	0.208954	2.52843
2019-10-11.16:31:34	123.089	2470.95	0.138042	2.43875
2019-10-11.16:31:35	123.732	2472.05	0.0726556	2.35023
2019-10-11.16:31:36	124.371	2473.08	0.0974856	2.26674
2019-10-11.16:31:37	124.998	2474.07	0.165325	2.18898
2019-10-11.16:31:38	125.612	2475.01	0.176626	2.11351
2019-10-11.16:31:39	126.22	2475.9	0.121433	2.0404
2019-10-11.16:31:40	126.824	2476.76	0.082645	1.96936
2019-10-11.16:31:41	127.418	2477.58	0.109783	1.90106
2019-10-11.16:31:42	127.999	2478.36	0.15406	1.83818
2019-10-11.16:31:43	128.566	2479.11	0.149487	1.77614
2019-10-11.16:31:44	129.125	2479.83	0.107877	1.71587
2019-10-11.16:31:45	129.675	2480.51	0.0918898	1.65851
2019-10-11.16:31:46	130.215	2481.17	0.118848	1.6022
2019-10-11.16:31:47	130.74	2481.81	0.14224	1.55033
2019-10-11.16:31:48	131.254	2482.41	0.127556	1.49937
2019-10-11.16:31:49	131.758	2483	0.100488	1.44951
2019-10-11.16:31:50	132.251	2483.55	0.100867	1.40227
2019-10-11.16:31:51	132.733	2484.09	0.122358	1.35663
2019-10-11.16:31:52	133.202	2484.61	0.128867	1.31302
2019-10-11.16:31:53	133.661	2485.1	0.111975	1.27084
2019-10-11.16:31:54	134.109	2485.58	0.0992657	1.23045
2019-10-11.16:31:55	134.545	2486.04	0.107656	1.19076
2019-10-11.16:31:56	134.97	2486.48	0.119926	1.15348
2019-10-11.16:31:57	135.383	2486.9	0.115981	1.11759
2019-10-11.16:31:58	135.783	2487.31	0.103393	1.08333
2019-10-11.16:31:59	136.169	2487.71	0.101514	1.04986
2019-10-11.16:32:00	136.544	2488.08	0.110234	1.01774
2019-10-11.16:32:01	136.909	2488.45	0.113482	0.987121
2019-10-11.16:32:02	137.262	2488.8	0.106348	0.957749
2019-10-11.16:32:03	137.603	2489.13	0.100626	0.929394
2019-10-11.16:32:04	137.934	2489.46	0.103886	0.902019
2019-10-11.16:32:05	138.254	2489.77	0.108617	0.875758
2019-10-11.16:32:06	138.565	2490.07	0.106438	0.850643
2019-10-11.16:32:07	138.865	2490.36	0.10117	0.826493
2019-10-11.16:32:08	139.155	2490.63	0.100711	0.803012
2019-10-11.16:32:09	139.434	2490.9	0.104082	0.780567
2019-10-11.16:32:10	139.704	2491.15	0.104574	0.759175
2019-10-11.16:32:11	139.964	2491.4	0.101245	0.738658
2019-10-11.16:32:12	140.214	2491.63	0.099317	0.718907
2019-10-11.16:32:13	140.456	2491.86	0.100863	0.699937
2019-10-11.16:32:14	140.689	2492.07	0.102146	0.681785
2019-10-11.16:32:15	140.913	2492.28	0.100579	0.664413
2019-10-11.16:32:16	141.13	2492.48	0.0985804	0.647732
2019-10-11.16:32:17	141.339	2492.67	0.0988045	0.631695
2019-10-11.16:32:18	141.54	2492.85	0.0999039	0.61632
2019-10-11.16:32:19	141.734	2493.03	0.0994294	0.601605
2019-10-11.16:32:20	141.92	2493.2	0.0979242	0.587494
2019-10-11.16:32:21	142.1	2493.36	0.0974807	0.573932
2019-10-11.16:32:22	142.274	2493.51	0.0981104	0.560915
2019-10-11.16:32:23	142.441	2493.66	0.0981318	0.548447
2019-10-11.16:32:24	142.602	2493.8	0.0971836	0.536497
2019-10-11.16:32:25	142.757	2493.94	0.0965415	0.525019
2019-10-11.16:32:26	142.906	2494.07	0.0967536	0.513996
2019-10-11.16:32:27	143.049	2494.2	0.0969062	0.503428
2019-10-11.16:32:28	143.188	2494.32	0.0963791	0.4933
2019-10-11.16:32:29	143.321	2494.43	0.0957823	0.483577
2019-10-11.16:32:30	143.449	2494.54	0.0957289	0.474238
2019-10-11.16:32:31	143.572	2494.65	0.0958471	0.465278
2019-10-11.16:32:32	143.691	2494.75	0.0955771	0.456688
2019-10-11.16:32:33	143.806	2494.85	0.0951111	0.448445
2019-10-11.16:32:34	143.916	2494.94	0.0949306	0.440527
2019-10-11.16:32:35	144.021	2495.03	0.0949693	0.432927
2019-10-11.16:32:36	144.123	2495.12	0.0948311	0.425637
2019-10-11.16:32:37	144.221	2495.2	0.0944982	0.418642
2019-10-11.16:32:38	144.316	2495.28	0.0942821	0.411924
2019-10-11.16:32:39	144.407	2495.36	0.094251	0.405474
2019-10-11.16:32:40	144.494	2495.43	0.0941686	0.399284
2019-10-11.16:32:41	144.578	2495.5	0.0939398	0.393344
2019-10-11.16:32:42	144.659	2495.57	0.093736	0.38764
2019-10-11.16:32:43	144.736	2495.64	0.0936612	0.382162
2019-10-11.16:32:44	144.811	2495.7	0.0935961	0.376904
2019-10-11.16:32:45	144.883	2495.76	0.0934385	0.371857
2019-10-11.16:32:46	144.952	2495.81	0.0932658	0.36701
2019-10-11.16:32:47	145.019	2495.87	0.0931713	0.362355
2019-10-11.16:32:48	145.083	2495.92	0.0931085	0.357885
2019-10-11.16:32:49	145.144	2495.97	0.0929957	0.353594
2019-10-11.16:32:50	145.204	2496.02	0.0928565	0.349472
2019-10-11.16:32:51	145.261	2496.07	0.092759	0.345514
2019-10-11.16:32:52	145.315	2496.11	0.0926951	0.341712
2019-10-11.16:32:53	145.368	2496.16	0.0926093	0.338061
2019-10-11.16:32:54	145.419	2496.2	0.0924993	0.334555
2019-10-11.16:32:55	145.467	2496.24	0.0924084	0.331187
2019-10-11.16:32:56	145.514	2496.27	0.0923447	0.327951
2019-10-11.16:32:57	145.559	2496.31	0.0922752	0.324843
2019-10-11.16:32:58	145.602	2496.35	0.0921881	0.321858
2019-10-11.16:32:59	145.644	2496.38	0.0921077	0.31899
2019-10-11.16:33:00	145.684	2496.41	0.0920466	0.316235
2019-10-11.16:33:01	145.722	2496.44	0.0919875	0.313587
2019-10-11.16:33:02	145.759	2496.47	0.0919176	0.311044
2019-10-11.16:33:03	145.795	2496.5	0.0918485	0.308601
2019-10-11.16:33:04	145.829	2496.53	0.091792	0.306252
2019-10-11.16:33:05	145.862	2496.56	0.0917403	0.303996
2019-10-11.16:33:06	145.893	2496.58	0.091683	0.301828
2019-10-11.16:33:07	145.924	2496.61	0.0916246	0.299745
2019-10-11.16:33:08	145.953	2496.63	0.0915736	0.297742
2019-10-11.16:33:09	145.981	2496.65	0.0915279	0.295817
2019-10-11.16:33:10	146.008	2496.67	0.09148	0.293968
2019-10-11.16:33:11	146.034	2496.69	0.0914307	0.29219
2019-10-11.16:33:12	146.059	2496.71	0.0913856	0.290481
2019-10-11.16:33:13	146.083	2496.73	0.0913451	0.288839
2019-10-11.16:33:14	146.106	2496.75	0.0913044	0.287259
2019-10-11.16:33:15	146.128	2496.77	0.0912626	0.285741
2019-10-11.16:33:16	146.149	2496.79	0.0912233	0.284282
2019-10-11.16:33:17	146.17	2496.8	0.0911874	0.282878
2019-10-11.16:33:18	146.189	2496.82	0.0911523	0.281529
2019-10-11.16:33:19	146.208	2496.83	0.0911168	0.280231
2019-10-11.16:33:20	146.226	2496.85	0.0910826	0.278984
2019-10-11.16:33:21	146.244	2496.86	0.091051	0.277784
2019-10-11.16:33:22	146.261	2496.88	0.0910206	0.276629
2019-10-11.16:33:23	146.277	2496.89	0.0909901	0.275519
2019-10-11.16:33:24	146.292	2496.9	0.0909605	0.274452
2019-10-11.16:33:25	146.307	2496.91	0.0909327	0.273424
2019-10-11.16:33:26	146.322	2496.93	0.0909061	0.272436
2019-10-11.16:33:27	146.335	2496.94	0.0908799	0.271485
2019-10-11.16:33:28	146.349	2496.95	0.0908542	0.270571
2019-10-11.16:33:29	146.361	2496.96	0.0908298	0.26969
2019-10-11.16:33:30	146.374	2496.97	0.0908065	0.268844
2019-10-11.16:33:31	146.386	2496.98	0.0907837	0.268028
2019-10-11.16:33:32	146.397	2496.99	0.0907613	0.267244
2019-10-11.16:33:33	146.408	2496.99	0.0907399	0.266488
2019-10-11.16:33:34	146.418	2497	0.0907195	0.265761
2019-10-11.16:33:35	146.428	2497.01	0.0906995	0.265061
2019-10-11.16:33:36	146.438	2497.02	0.0906801	0.264387
2019-10-11.16:33:37	146.447	2497.03	0.0906613	0.263738
2019-10-11.16:33:38	146.456	2497.03	0.0906432	0.263113
2019-10-11.16:33:39	146.465	2497.04	0.0906257	0.262511
2019-10-11.16:33:40	146.473	2497.05	0.0906086	0.261931
2019-10-11.16:33:41	146.481	2497.05	0.0905921	0.261373
2019-10-11.16:33:42	146.489	2497.06	0.0905761	0.260834
2019-10-11.16:33:43	146.496	2497.07	0.0905607	0.260315
2019-10-11.16:33:44	146.504	2497.07	0.0905457	0.259816
2019-10-11.16:33:45	146.51	2497.08	0.090531	0.259334
2019-10-11.16:33:46	146.517	2497.08	0.0905169	0.258869
2019-10-11.16:33:47	146.523	2497.09	0.0905032	0.258422
2019-10-11.16:33:48	146.529	2497.09	0.0904899	0.25799
2019-10-11.16:33:49	146.535	2497.1	0.0904769	0.257573
2019-10-11.16:33:50	146.541	2497.1	0.0904644	0.257172
2019-10-11.16:33:51	146.546	2497.11	0.0904522	0.256784
2019-10-11.16:33:52	146.552	2497.11	0.0904403	0.25641
2019-10-11.16:33:53	146.557	2497.11	0.0904288	0.256049
[State]	Cruise
2019-10-11.16:33:54	146.562	2497.12	0.0904176	0.255701
2019-10-11.16:33:55	146.566	2497.12	0.0904067	0.255365
2019-10-11.16:33:56	146.571	2497.13	0.090396	0.25504
2019-10-11.16:33:57	146.575	2497.13	0.0903857	0.254727
2019-10-11.16:33:58	146.579	2497.13	0.0903756	0.254424
2019-10-11.16:33:59	146.583	2497.14	0.0903658	0.254131
2019-10-11.16:34:00	146.587	2497.14	0.0903563	0.253849
2019-10-11.16:34:01	146.591	2497.14	0.090347	0.253576
2019-10-11.16:34:02	146.594	2497.14	0.0903379	0.253311
2019-10-11.16:34:03	146.598	2497.15	0.090329	0.253056
2019-10-11.16:34:04	146.601	2497.15	0.0903204	0.252809
2019-10-11.16:34:05	146.604	2497.15	0.090312	0.25257
2019-10-11.16:34:06	146.608	2497.16	0.0903037	0.252339
2019-10-11.16:34:07	146.61	2497.16	0.0902957	0.252115
2019-10-11.16:34:08	146.613	2497.16	0.0902878	0.251898
2019-10-11.16:34:09	146.616	2497.16	0.0902801	0.251689
2019-10-11.16:34:10	146.619	2497.16	0.0902726	0.251485
2019-10-11.16:34:11	146.621	2497.17	0.0902653	0.251289
2019-10-11.16:34:12	146.624	2497.17	0.0902581	0.251098
2019-10-11.16:34:13	146.626	2497.17	0.0902511	0.250913
2019-10-11.16:34:14	146.629	2497.17	0.0902442	0.250733
2019-10-11.16:34:15	146.631	2497.17	0.0902374	0.250559
2019-10-11.16:34:16	146.633	2497.18	0.0902308	0.25039
2019-10-11.16:34:17	146.635	2497.18	0.0902244	0.250227
2019-10-11.16:34:18	146.637	2497.18	0.090218	0.250067
2019-10-11.16:34:19	146.639	2497.18	0.0902118	0.249913
2019-10-11.16:34:20	146.641	2497.18	0.0902057	0.249763
2019-10-11.16:34:21	146.643	2497.18	0.0901997	0.249617
2019-10-11.16:34:22	146.645	2497.19	0.0901938	0.249475
2019-10-11.16:34:23	146.646	2497.19	0.090188	0.249337
2019-10-11.16:34:24	146.648	2497.19	0.0901823	0.249203
2019-10-11.16:34:25	146.649	2497.19	0.0901767	0.249072
2019-10-11.16:34:26	146.651	2497.19	0.0901712	0.248945
2019-10-11.16:34:27	146.652	2497.19	0.0901658	0.248821
2019-10-11.16:34:28	146.654	2497.19	0.0901605	0.248701
2019-10-11.16:34:29	146.655	2497.2	0.0901552	0.248583
2019-10-11.16:34:30	146.657	2497.2	0.0901501	0.248468
2019-10-11.16:34:31	146.658	2497.2	0.090145	0.248357
2019-10-11.16:34:32	146.659	2497.2	0.09014	0.248247
2019-10-11.16:34:33	146.66	2497.2	0.0901351	0.248141
2019-10-11.16:34:34	146.662	2497.2	0.0901302	0.248037
2019-10-11.16:34:35	146.663	2497.2	0.0901254	0.247935
2019-10-11.16:34:36	146.664	2497.2	0.0901207	0.247836
2019-10-11.16:34:37	146.665	2497.2	0.0901161	0.247739
2019-10-11.16:34:38	146.666	2497.21	0.0901115	0.247644
2019-10-11.16:34:39	146.667	2497.21	0.0901069	0.247551
2019-10-11.16:34:40	146.668	2497.21	0.0901024	0.24746
2019-10-11.16:34:41	146.669	2497.21	0.090098	0.247371
2019-10-11.16:34:42	146.67	2497.21	0.0900936	0.247284
2019-10-11.16:34:43	146.671	2497.21	0.0900893	0.247198
2019-10-11.16:34:44	146.672	2497.21	0.090085	0.247114
2019-10-11.16:34:45	146.673	2497.21	0.0900808	0.247032
2019-10-11.16:34:46	146.673	2497.21	0.0900766	0.246951
2019-10-11.16:34:47	146.674	2497.21	0.0900725	0.246872
2019-10-11.16:34:48	146.675	2497.21	0.0900684	0.246794
2019-10-11.16:34:49	146.676	2497.21	0.0900643	0.246718
2019-10-11.16:34:50	146.676	2497.21	0.0900603	0.246643
2019-10-11.16:34:51	146.677	2497.22	0.0900563	0.246569
2019-10-11.16:34:52	146.678	2497.22	0.0900524	0.246496
2019-10-11.16:34:53	146.679	2497.22	0.0900485	0.246425
2019-10-11.16:34:54	146.679	2497.22	0.0900446	0.246354
2019-10-11.16:34:55	146.68	2497.22	0.0900408	0.246285
2019-10-11.16:34:56	146.681	2497.22	0.090037	0.246217
2019-10-11.16:34:57	146.681	2497.22	0.0900332	0.246149
2019-10-11.16:34:58	146.682	2497.22	0.0900295	0.246083
2019-10-11.16:34:59	146.682	2497.22	0.0900258	0.246018
2019-10-11.16:35:00	146.683	2497.22	0.0900221	0.245953
2019-10-11.16:35:01	146.684	2497.22	0.0900185	0.245889
2019-10-11.16:35:02	146.684	2497.22	0.0900149	0.245826
2019-10-11.16:35:03	146.685	2497.22	0.0900113	0.245764
2019-10-11.16:35:04	146.685	2497.22	0.0900077	0.245703
2019-10-11.16:35:05	146.686	2497.22	0.0900042	0.245642
2019-10-11.16:35:06	146.686	2497.22	0.0900007	0.245582
2019-10-11.16:35:07	146.687	2497.23	0.0899972	0.245523
2019-10-11.16:35:08	146.687	2497.23	0.0899937	0.245464
2019-10-11.16:35:09	146.688	2497.23	0.0899903	0.245406
2019-10-11.16:35:10	146.688	2497.23	0.0899868	0.245349
2019-10-11.16:35:11	146.689	2497.23	0.0899834	0.245292
2019-10-11.16:35:12	146.689	2497.23	0.0899801	0.245236
2019-10-11.16:35:13	146.69	2497.23	0.0899767	0.24518
2019-10-11.16:35:14	146.69	2497.23	0.0899734	0.245124
2019-10-11.16:35:15	146.691	2497.23	0.08997	0.245069
2019-10-11.16:35:16	146.691	2497.23	0.0899667	0.245015
2019-10-11.16:35:17	146.692	2497.23	0.0899634	0.244961
2019-10-11.16:35:18	146.692	2497.23	0.0899602	0.244908
2019-10-11.16:35:19	146.692	2497.23	0.0899569	0.244854
2019-10-11.16:35:20	146.693	2497.23	0.0899537	0.244802
2019-10-11.16:35:21	146.693	2497.23	0.0899505	0.244749
2019-10-11.16:35:22	146.694	2497.23	0.0899473	0.244697
2019-10-11.16:35:23	146.694	2497.23	0.0899441	0.244646
2019-10-11.16:35:24	146.694	2497.23	0.0899409	0.244594
2019-10-11.16:35:25	146.695	2497.23	0.0899378	0.244543
2019-10-11.16:35:26	146.695	2497.23	0.0899346	0.244493
2019-10-11.16:35:27	146.696	2497.23	0.0899315	0.244442
2019-10-11.16:35:28	146.696	2497.24	0.0899284	0.244392
2019-10-11.16:35:29	146.696	2497.24	0.0899253	0.244342
2019-10-11.16:35:30	146.697	2497.24	0.0899222	0.244293
2019-10-11.16:35:31	146.697	2497.24	0.0899192	0.244243
2019-10-11.16:35:32	146.697	2497.24	0.0899161	0.244194
2019-10-11.16:35:33	146.698	2497.24	0.0899131	0.244145
2019-10-11.16:35:34	146.698	2497.24	0.08991	0.244097
2019-10-11.16:35:35	146.698	2497.24	0.089907	0.244048
2019-10-11.16:35:36	146.699	2497.24	0.089904	0.244
2019-10-11.16:35:37	146.699	2497.24	0.089901	0.243952
2019-10-11.16:35:38	146.699	2497.24	0.089898	0.243904
2019-10-11.16:35:39	146.7	2497.24	0.0898951	0.243856
2019-10-11.16:35:40	146.7	2497.24	0.0898921	0.243809
2019-10-11.16:35:41	146.7	2497.24	0.0898891	0.243762
2019-10-11.16:35:42	146.701	2497.24	0.0898862	0.243714
2019-10-11.16:35:43	146.701	2497.24	0.0898833	0.243667
2019-10-11.16:35:44	146.701	2497.24	0.0898804	0.243621
2019-10-11.16:35:45	146.702	2497.24	0.0898775	0.243574
2019-10-11.16:35:46	146.856	2496.86	0.0570652	-1.42388
2019-10-11.16:35:47	148.179	2491.63	-0.0902869	-2.36634
2019-10-11.16:35:48	149.102	2486.07	0.15065	-1.42778
2019-10-11.16:35:49	150.164	2480.88	0.204509	-2.79719
2019-10-11.16:35:50	151.55	2473.47	-0.0017131	-2.43451
2019-10-11.16:35:51	152.428	2467.45	0.0587571	-1.66286
2019-10-11.16:35:52	153.18	2462.53	0.155449	-2.40378
2019-10-11.16:35:53	154.23	2456.11	0.0477746	-2.96255
2019-10-11.16:35:54	155.314	2448.79	0.0149608	-2.58152
2019-10-11.16:35:55	156.08	2442.55	0.142913	-2.10546
2019-10-11.16:35:56	156.553	2437.65	0.152707	-2.04656
2019-10-11.16:35:57	157.147	2432.44	-0.0044996	-2.49685
2019-10-11.16:35:58	157.887	2426.18	-0.0126347	-2.84625
2019-10-11.16:35:59	158.742	2419.09	0.113498	-2.89776
2019-10-11.16:36:00	159.451	2412.25	0.14379	-2.59355
2019-10-11.16:36:01	159.939	2406.29	0.0553727	-2.25124
2019-10-11.16:36:02	160.189	2401.34	0.0412949	-1.98129
2019-10-11.16:36:03	160.468	2396.56	0.0703069	-2.38576
2019-10-11.16:36:04	160.904	2390.91	0.0595186	-2.68202
2019-10-11.16:36:05	161.454	2384.5	0.0442064	-2.93933
2019-10-11.16:36:06	162.07	2377.47	0.06138	-2.92972
2019-10-11.16:36:07	162.561	2370.73	0.0950512	-2.70892
2019-10-11.16:36:08	162.894	2364.65	0.0813096	-2.45827
2019-10-11.16:36:09	163.059	2359.33	0.0589508	-2.18189
2019-10-11.16:36:10	163.086	2354.74	0.0667377	-2.1906
2019-10-11.16:36:11	163.217	2349.87	0.0501873	-2.44993
2019-10-11.16:36:12	163.463	2344.3	0.0438434	-2.68191
2019-10-11.16:36:13	163.812	2338.11	0.0589781	-2.89267
2019-10-11.16:36:14	164.243	2331.36	0.0631959	-3.06807
2019-10-11.16:36:15	164.654	2324.42	0.0658398	-2.89368
2019-10-11.16:36:16	164.942	2317.94	0.0749044	-2.71231
2019-10-11.16:36:17	165.106	2312.02	0.0704863	-2.50933
2019-10-11.16:36:18	165.145	2306.71	0.064508	-2.29488
2019-10-11.16:36:19	165.066	2302.01	0.0680517	-2.12028
2019-10-11.16:36:20	165.011	2297.45	0.051733	-2.35623
[State]	Descent
2019-10-11.16:36:21	165.064	2292.33	0.0404003	-2.54701
2019-10-11.16:36:22	165.215	2286.67	0.056471	-2.73236
2019-10-11.16:36:23	165.453	2280.5	0.0628996	-2.90429
2019-10-11.16:36:24	165.759	2273.86	0.0515686	-3.05448
2019-10-11.16:36:25	166.088	2266.92	0.0558746	-2.99032
2019-10-11.16:36:26	166.329	2260.25	0.0767523	-2.85523
2019-10-11.16:36:27	166.477	2254.01	0.0696445	-2.70139
2019-10-11.16:36:28	166.526	2248.23	0.0561234	-2.53596
2019-10-11.16:36:29	166.482	2242.94	0.0636886	-2.36823
2019-10-11.16:36:30	166.355	2238.13	0.0710378	-2.20549
2019-10-11.16:36:31	166.152	2233.78	0.0632355	-2.05202
2019-10-11.16:36:32	165.884	2229.84	0.0587282	-1.91315
2019-10-11.16:36:33	165.567	2226.27	0.064256	-1.79459
2019-10-11.16:36:34	165.216	2223	0.0652987	-1.69951
2019-10-11.16:36:35	164.846	2219.96	0.0600698	-1.62937
2019-10-11.16:36:36	164.472	2217.07	0.059333	-1.58571
2019-10-11.16:36:37	164.108	2214.26	0.0623114	-1.56916
2019-10-11.16:36:38	163.769	2211.45	0.0614738	-1.57838
2019-10-11.16:36:39	163.465	2208.56	0.0587799	-1.61107
2019-10-11.16:36:40	163.205	2205.55	0.0597379	-1.60321
2019-10-11.16:36:41	162.883	2202.79	0.0772648	-1.33524
2019-10-11.16:36:42	162.464	2200.65	0.0798316	-1.12598
2019-10-11.16:36:43	161.97	2199.04	0.0641579	-0.948297
2019-10-11.16:36:44	161.426	2197.87	0.062668	-0.808822
2019-10-11.16:36:45	160.858	2197	0.0724042	-0.712764
2019-10-11.16:36:46	160.292	2196.31	0.0703854	-0.660661
2019-10-11.16:36:47	159.75	2195.68	0.0618501	-0.651169
2019-10-11.16:36:48	159.251	2195	0.0629031	-0.683141
2019-10-11.16:36:49	158.817	2194.15	0.0679295	-0.75353
2019-10-11.16:36:50	158.46	2193.04	0.0657788	-0.856434
2019-10-11.16:36:51	158.19	2191.6	0.0617155	-0.968583
2019-10-11.16:36:52	157.92	2190.09	0.0786787	-0.739564
2019-10-11.16:36:53	157.567	2189.06	0.0919337	-0.568899
2019-10-11.16:36:54	157.155	2188.46	0.0751813	-0.425201
2019-10-11.16:36:55	156.702	2188.17	0.0645394	-0.314527
2019-10-11.16:36:56	156.233	2188.12	0.0758335	-0.242431
2019-10-11.16:36:57	155.771	2188.18	0.0814041	-0.209891
2019-10-11.16:36:58	155.334	2188.26	0.0711388	-0.214335
2019-10-11.16:36:59	154.939	2188.26	0.0660965	-0.253672
2019-10-11.16:37:00	154.602	2188.08	0.0729629	-0.325568
2019-10-11.16:37:01	154.335	2187.66	0.075818	-0.424779
2019-10-11.16:37:02	154.147	2186.93	0.0701211	-0.544217
2019-10-11.16:37:03	154.037	2185.85	0.0684122	-0.610817
2019-10-11.16:37:04	153.898	2184.81	0.0895299	-0.419239
2019-10-11.16:37:05	153.687	2184.17	0.0967888	-0.275017
2019-10-11.16:37:06	153.419	2183.89	0.0784138	-0.148008
2019-10-11.16:37:07	153.105	2183.9	0.071406	-0.0439777
2019-10-11.16:37:08	152.766	2184.13	0.0837413	0.031195
2019-10-11.16:37:09	152.421	2184.5	0.0875716	0.0760417
2019-10-11.16:37:10	152.084	2184.93	0.0768805	0.0918416
2019-10-11.16:37:11	151.769	2185.35	0.0726667	0.0791044
2019-10-11.16:37:12	151.491	2185.68	0.0797777	0.0386715
2019-10-11.16:37:13	151.262	2185.85	0.0824199	-0.02579
2019-10-11.16:37:14	151.088	2185.82	0.0765528	-0.108878
2019-10-11.16:37:15	150.975	2185.54	0.0740795	-0.205724
2019-10-11.16:37:16	150.924	2184.99	0.0784466	-0.311676
2019-10-11.16:37:17	150.935	2184.15	0.0806691	-0.421031
2019-10-11.16:37:18	150.979	2183.1	0.0824402	-0.344407
2019-10-11.16:37:19	150.952	2182.3	0.0951621	-0.20906
2019-10-11.16:37:20	150.857	2181.85	0.0935187	-0.077229
2019-10-11.16:37:21	150.699	2181.73	0.0824722	0.0460821
2019-10-11.16:37:22	150.488	2181.91	0.0820106	0.154712
2019-10-11.16:37:23	150.241	2182.33	0.0891532	0.243223
2019-10-11.16:37:24	149.969	2182.94	0.0885653	0.309092
2019-10-11.16:37:25	149.688	2183.67	0.0818765	0.351176
2019-10-11.16:37:26	149.632	2184.16	5.50915	-0.956769
2019-10-11.16:37:27	151.189	2179.28	13.5539	-1.43665
2019-10-11.16:37:28	152.664	2173.49	21.3947	0.0857105
2019-10-11.16:37:29	154.885	2166.68	29.3056	-1.13009
2019-10-11.16:37:30	157.492	2157.86	30.1291	0.286385
2019-10-11.16:37:31	159.637	2151.41	30.1277	-0.420735
2019-10-11.16:37:32	162.03	2143.65	30.1237	-0.859244
2019-10-11.16:37:33	164.421	2134.9	30.1229	-0.656029
2019-10-11.16:37:34	166.496	2126.95	30.1253	-0.261063
2019-10-11.16:37:35	168.196	2120.5	30.1265	-0.0274356
2019-10-11.16:37:36	169.873	2114.18	30.1244	-0.444243
2019-10-11.16:37:37	171.604	2107.07	30.1231	-0.638226
2019-10-11.16:37:38	173.306	2099.58	30.1225	-0.697635
2019-10-11.16:37:39	174.911	2092.12	30.1225	-0.625728
2019-10-11.16:37:40	176.353	2085.08	30.1229	-0.427173
2019-10-11.16:37:41	177.578	2078.83	30.1236	-0.122572
2019-10-11.16:37:42	178.679	2073.16	30.1226	-0.381407
2019-10-11.16:37:43	179.85	2066.91	30.1216	-0.560009
2019-10-11.16:37:44	181.026	2060.27	30.1207	-0.636164
2019-10-11.16:37:45	182.161	2053.49	30.1203	-0.637085
2019-10-11.16:37:46	183.215	2046.85	30.1202	-0.562642
2019-10-11.16:37:47	184.153	2040.59	30.1203	-0.40791
2019-10-11.16:37:48	184.94	2034.92	30.1206	-0.244106
2019-10-11.16:37:49	185.707	2029.4	30.1195	-0.467637
2019-10-11.16:37:50	186.521	2023.42	30.1186	-0.585792
2019-10-11.16:37:51	187.34	2017.16	30.1178	-0.640762
2019-10-11.16:37:52	188.124	2010.95	25.6429	-0.598207
2019-10-11.16:37:53	188.82	2005.84	21.1222	-0.915827
2019-10-11.16:37:54	189.667	2000	18.0181	-1.11851
2019-10-11.16:37:55	190.513	1993.58	15.1625	-1.16325
2019-10-11.16:37:56	191.328	1987.35	12.5204	-1.07652
2019-10-11.16:37:57	192.004	1981.83	10.5846	-0.776794
2019-10-11.16:37:58	192.495	1977.16	8.98901	-0.934754
2019-10-11.16:37:59	193.142	1971.69	7.49303	-1.27183
2019-10-11.16:38:00	193.926	1965.25	6.38766	-1.5274
2019-10-11.16:38:01	194.729	1958.25	5.43337	-1.38735
2019-10-11.16:38:02	195.367	1951.95	4.51219	-1.11578
2019-10-11.16:38:03	195.82	1946.68	3.78934	-0.797566
2019-10-11.16:38:04	196.161	1942.07	3.22622	-1.07313
2019-10-11.16:38:05	196.674	1936.42	2.69679	-1.41207
2019-10-11.16:38:06	197.333	1929.68	2.2939	-1.57772
2019-10-11.16:38:07	197.889	1923.1	1.95549	-1.19094
2019-10-11.16:38:08	198.219	1917.77	1.61194	-0.818635
2019-10-11.16:38:09	198.451	1913.15	1.33512	-1.16222
2019-10-11.16:38:10	198.886	1907.26	1.13048	-1.56325
2019-10-11.16:38:11	199.441	1900.35	0.966808	-1.35339
2019-10-11.16:38:12	199.755	1894.59	0.811699	-0.910989
2019-10-11.16:38:13	199.895	1890	0.641164	-1.16887
2019-10-11.16:38:14	200.259	1884.09	0.51498	-1.66092
2019-10-11.16:38:15	200.712	1877.28	0.478725	-1.20649
2019-10-11.16:38:16	200.842	1872.2	0.391475	-0.837494
2019-10-11.16:38:17	201.051	1867.01	0.235998	-1.56507
2019-10-11.16:38:18	201.473	1860.15	0.243886	-1.23838
2019-10-11.16:38:19	201.551	1855.08	0.248308	-0.92249
2019-10-11.16:38:20	201.793	1849.51	0.0591781	-1.79383
2019-10-11.16:38:21	202.089	1843	0.131351	-0.885397
2019-10-11.16:38:22	202.13	1838.26	0.114721	-1.56471
2019-10-11.16:38:23	202.483	1831.48	-0.0251327	-1.02541
2019-10-11.16:38:24	202.488	1826.73	0.0798939	-1.56999
2019-10-11.16:38:25	202.829	1820.01	-0.0101094	-0.86564
2019-10-11.16:38:26	202.869	1815.1	-0.0241412	-1.96288
2019-10-11.16:38:27	203.036	1808.96	0.0074236	-0.71715
2019-10-11.16:38:28	203.328	1802.76	-0.058034	-0.820614
2019-10-11.16:38:29	203.424	1797.44	-0.0782506	-2.08201
2019-10-11.16:38:30	203.417	1792.21	-0.0498396	-3.02306
2019-10-11.16:38:31	203.354	1787.15	-0.0601202	-3.99745
2019-10-11.16:38:32	203.187	1782.17	-0.10703	-4.80789
2019-10-11.16:38:33	202.543	1776.53	-0.161258	-1.07206
2019-10-11.16:38:34	200.513	1772.29	-0.119191	5.83255
2019-10-11.16:38:35	197.826	1769.93	-0.0603471	9.49281
2019-10-11.16:38:36	195.224	1768.15	-0.0217542	11.1132
2019-10-11.16:38:37	192.844	1766.52	0.0369592	11.7745
2019-10-11.16:38:38	190.685	1764.9	0.0781771	11.9757
2019-10-11.16:38:39	188.735	1763.25	0.0913096	11.9232
2019-10-11.16:38:40	186.976	1761.6	0.101994	11.6634
2019-10-11.16:38:41	185.384	1759.95	0.107417	11.1231
2019-10-11.16:38:42	183.937	1758.39	0.0989937	10.1445
2019-10-11.16:38:43	182.608	1756.94	0.0895082	8.55779
2019-10-11.16:38:44	181.354	1755.69	0.089213	6.23207
2019-10-11.16:38:45	180.119	1754.68	0.098124	3.17264
2019-10-11.16:38:46	178.824	1753.95	0.122532	-0.386652
[State]	Landing
2019-10-11.16:38:47	177.427	1753.45	0.172959	-4.08026
2019-10-11.16:38:48	175.977	1753.09	0.250408	-7.36509
2019-10-11.16:38:49	174.572	1752.71	0.344536	-9.58784
2019-10-11.16:38:50	173.278	1752.14	0.443008	-10.2578
2019-10-11.16:38:51	172.127	1751.23	0.525233	-9.12506
2019-10-11.16:38:52	171.155	1749.87	0.567295	-6.19865
2019-10-11.16:38:53	170.35	1748.01	0.558325	-1.88751
2019-10-11.16:38:54	169.644	1745.7	0.496141	3.04444
2019-10-11.16:38:55	169.041	1743.19	0.388059	7.91016
2019-10-11.16:38:56	168.706	1740.94	0.260102	11.1983
2019-10-11.16:38:57	168.606	1739.39	0.143241	11.3106
2019-10-11.16:38:58	168.449	1738.83	0.0735897	7.42449
2019-10-11.16:38:59	167.949	1739.22	0.081737	0.83134
2019-10-11.16:39:00	166.931	1740.16	0.175911	-5.4975
2019-10-11.16:39:01	165.813	1740.93	0.325208	-8.90385
2019-10-11.16:39:02	164.912	1740.91	0.458884	-8.19091
2019-10-11.16:39:03	164.32	1739.86	0.5101	-3.8049
2019-10-11.16:39:04	163.949	1737.84	0.459739	2.49844
2019-10-11.16:39:05	163.724	1735.4	0.32983	8.45175
2019-10-11.16:39:06	163.851	1733.45	0.173852	11.4043
2019-10-11.16:39:07	164.093	1732.77	0.0554838	9.02134
2019-10-11.16:39:08	163.971	1733.5	0.0363438	1.96095
2019-10-11.16:39:09	163.159	1735.04	0.137263	-5.13616
2019-10-11.16:39:10	162.228	1736.24	0.304544	-8.09483
2019-10-11.16:39:11	161.627	1736.25	0.424507	-5.7207
2019-10-11.16:39:12	161.399	1734.92	0.424661	0.289634
2019-10-11.16:39:13	161.36	1732.76	0.314842	6.75569
2019-10-11.16:39:14	161.648	1730.89	0.154373	10.5188
2019-10-11.16:39:15	162.113	1730.33	0.0242277	8.64225
2019-10-11.16:39:16	162.182	1731.32	-0.0002508	1.71508
2019-10-11.16:39:17	161.542	1733.1	0.103792	-5.02046
2019-10-11.16:39:18	160.823	1734.38	0.267843	-7.0603
2019-10-11.16:39:19	160.486	1734.28	0.366659	-3.68886
2019-10-11.16:39:20	160.476	1732.81	0.340399	2.54348
2019-10-11.16:39:21	160.674	1730.82	0.213261	8.25943
2019-10-11.16:39:22	161.211	1729.54	0.0606126	9.9576
2019-10-11.16:39:23	161.671	1729.79	-0.0306701	5.62065
2019-10-11.16:39:24	161.494	1731.37	0.0028711	-1.6289
2019-10-11.16:39:25	160.839	1733.14	0.146841	-6.32113
2019-10-11.16:39:26	160.378	1733.87	0.291122	-5.45654
2019-10-11.16:39:27	160.317	1733.09	0.329852	-0.285041
2019-10-11.16:39:28	160.468	1731.32	0.249802	5.87414
2019-10-11.16:39:29	160.902	1729.68	0.104111	9.66676
2019-10-11.16:39:30	161.505	1729.29	-0.0208964	7.96534
2019-10-11.16:39:31	161.685	1730.43	-0.0439095	1.40219
2019-10-11.16:39:32	161.182	1732.3	0.059845	-4.82526
2019-10-11.16:39:33	160.61	1733.6	0.219698	-6.34318
2019-10-11.16:39:34	160.418	1733.49	0.311858	-2.71052
2019-10-11.16:39:35	160.504	1732.08	0.282745	3.34272
2019-10-11.16:39:36	160.801	1730.26	0.158857	8.53694
2019-10-11.16:39:37	161.398	1729.26	0.0170934	9.40863
2019-10-11.16:39:38	161.825	1729.78	-0.0565277	4.503
2019-10-11.16:39:39	161.578	1731.49	-0.0058475	-2.47282
2019-10-11.16:39:40	160.955	1733.19	0.144367	-6.39364
2019-10-11.16:39:41	160.567	1733.76	0.280593	-4.86677
2019-10-11.16:39:42	160.547	1732.86	0.308154	0.510064
2019-10-11.16:39:43	160.717	1731.09	0.221968	6.48634
2019-10-11.16:39:44	161.178	1729.57	0.0787879	9.75811
2019-10-11.16:39:45	161.749	1729.35	-0.0367871	7.46644
2019-10-11.16:39:46	161.849	1730.6	-0.0472531	0.75497
2019-10-11.16:39:47	161.299	1732.47	0.0656494	-5.19279
2019-10-11.16:39:48	160.731	1733.68	0.225781	-6.2961
2019-10-11.16:39:49	160.545	1733.47	0.31232	-2.41648
2019-10-11.16:39:50	160.62	1732	0.278097	3.67033
2019-10-11.16:39:51	160.91	1730.19	0.152326	8.74865
2019-10-11.16:39:52	161.493	1729.24	0.0121368	9.39967
2019-10-11.16:39:53	161.888	1729.81	-0.057509	4.3145
