DateTime	AltitudeTape:altitude	AirspeedTape:airspeed	HeadingIndicator:heading	AttitudeIndicator:roll
[State]	Standing
2019-10-14.14:22:53	0.474726	1654.61	-0.0010306	0.0033878
[State]	Taxiing
2019-10-14.14:22:54	0.105824	1654.74	-0.0218118	0.477614
2019-10-14.14:22:55	0.0580021	1654.78	-0.0360724	-0.0208364
2019-10-14.14:22:56	1.11722	1654.79	-0.0772162	-0.115218
2019-10-14.14:22:57	4.26532	1654.79	-0.162729	0.117435
2019-10-14.14:22:58	8.08221	1654.79	-0.185233	0.233924
2019-10-14.14:22:59	11.9985	1654.79	-0.224724	0.285652
2019-10-14.14:23:00	15.8516	1654.79	-0.39437	0.327351
2019-10-14.14:23:01	19.6371	1654.79	-0.757514	0.459768
2019-10-14.14:23:02	23.3644	1654.79	-1.13617	0.556587
2019-10-14.14:23:03	27.0184	1654.8	-1.46735	0.613958
2019-10-14.14:23:04	30.6012	1654.8	-1.69592	0.635962
2019-10-14.14:23:05	34.0928	1654.8	-1.8524	0.662234
2019-10-14.14:23:06	37.4522	1654.8	-2.00145	0.700867
2019-10-14.14:23:07	40.6841	1654.81	-2.10789	0.737184
2019-10-14.14:23:08	43.8093	1654.81	-2.15973	0.773278
2019-10-14.14:23:09	46.857	1654.81	-2.16602	0.819796
2019-10-14.14:23:10	49.8577	1654.82	-2.1169	0.876086
2019-10-14.14:23:11	52.837	1654.82	-2.01925	0.939072
2019-10-14.14:23:12	55.8125	1654.82	-1.89124	1.00072
2019-10-14.14:23:13	58.7967	1654.83	-1.74056	1.06243
2019-10-14.14:23:14	61.7984	1654.83	-1.5717	1.12511
2019-10-14.14:23:15	64.8238	1654.84	-1.38739	1.18917
2019-10-14.14:23:16	67.8778	1654.85	-1.18952	1.25458
2019-10-14.14:23:17	70.9638	1654.85	-0.979655	1.32121
2019-10-14.14:23:18	74.0841	1654.86	-0.759158	1.38883
2019-10-14.14:23:19	77.2398	1654.87	-0.529355	1.45719
2019-10-14.14:23:20	80.4311	1654.88	-0.291613	1.52599
2019-10-14.14:23:21	83.6738	1654.88	-0.162582	1.58698
2019-10-14.14:23:22	86.9981	1654.9	-0.0716218	2.04685
[State]	TakeOff
2019-10-14.14:23:23	90.2666	1655.03	0.0482835	7.54912
2019-10-14.14:23:24	91.2468	1659.05	3.09394	13.0302
2019-10-14.14:23:25	90.3809	1667.52	9.12141	11.4515
2019-10-14.14:23:26	89.5164	1674.56	15.6544	11.7111
2019-10-14.14:23:27	88.7006	1680.1	23.1082	12.7184
2019-10-14.14:23:28	87.9541	1684.58	30.9198	12.9309
2019-10-14.14:23:29	87.3954	1687.78	30.3937	12.6535
2019-10-14.14:23:30	87.023	1690.55	30.3784	11.7586
2019-10-14.14:23:31	86.7978	1693	30.3687	11.445
2019-10-14.14:23:32	86.6194	1695.3	30.355	11.6578
2019-10-14.14:23:33	86.4278	1697.51	30.346	12.1323
2019-10-14.14:23:34	86.2105	1699.67	30.3458	12.4639
2019-10-14.14:23:35	85.9968	1701.75	30.3507	12.4933
2019-10-14.14:23:36	85.8174	1703.74	30.3547	12.3078
2019-10-14.14:23:37	85.6828	1705.65	30.3546	12.11
2019-10-14.14:23:38	85.5809	1707.46	30.351	12.0433
2019-10-14.14:23:39	85.483	1709.2	28.2547	12.1444
2019-10-14.14:23:40	85.1484	1711.64	21.6881	12.5361
2019-10-14.14:23:41	84.2461	1716.11	15.2234	13.064
2019-10-14.14:23:42	83.1096	1722.07	8.46808	12.7447
2019-10-14.14:23:43	81.9253	1728.18	1.20075	13.3012
2019-10-14.14:23:44	80.8006	1734.07	-1.3186	13.4168
2019-10-14.14:23:45	80.0808	1739.29	1.70854	12.4737
2019-10-14.14:23:46	79.8994	1743.12	4.75723	11.917
2019-10-14.14:23:47	79.8348	1745.82	5.03453	12.623
2019-10-14.14:23:48	79.7082	1748.53	2.21256	12.3963
2019-10-14.14:23:49	79.6937	1751.46	-1.83185	12.3859
2019-10-14.14:23:50	79.5561	1754.58	-3.96051	12.8836
[State]	Climb
2019-10-14.14:23:51	79.2655	1757.89	-2.44274	12.9075
2019-10-14.14:23:52	79.1347	1761.22	1.61644	12.4311
2019-10-14.14:23:53	79.1106	1764.13	5.08373	12.4427
2019-10-14.14:23:54	79.1098	1766.44	5.14847	12.6517
2019-10-14.14:23:55	79.1192	1768.67	1.62614	12.4139
2019-10-14.14:23:56	79.2211	1771.21	-2.92781	12.5273
2019-10-14.14:23:57	79.0826	1774.07	-4.87585	13.2837
2019-10-14.14:23:58	78.7387	1777.3	-2.58231	13.2706
2019-10-14.14:23:59	78.5576	1780.65	2.21256	12.7887
2019-10-14.14:24:00	78.4478	1783.57	6.06983	12.9957
2019-10-14.14:24:01	78.3983	1785.8	5.73235	12.8812
2019-10-14.14:24:02	78.5167	1787.7	1.30419	12.3445
2019-10-14.14:24:03	78.7863	1789.79	-3.97528	12.4763
2019-10-14.14:24:04	78.7583	1792.16	-5.84771	13.3979
2019-10-14.14:24:05	78.5076	1794.94	-2.73805	13.2252
2019-10-14.14:24:06	78.4339	1797.95	2.22837	12.7056
2019-10-14.14:24:07	78.3647	1800.61	6.23409	13.0741
2019-10-14.14:24:08	78.3166	1802.63	6.93439	13.2479
2019-10-14.14:24:09	78.4074	1804.4	1.7048	12.4092
2019-10-14.14:24:10	78.6901	1806.41	-4.5513	12.5566
2019-10-14.14:24:11	78.628	1808.69	-6.83267	13.7269
2019-10-14.14:24:12	78.3163	1811.4	-3.31138	13.4304
2019-10-14.14:24:13	78.2412	1814.36	1.58307	12.6852
2019-10-14.14:24:14	78.2067	1816.91	5.28023	12.9713
2019-10-14.14:24:15	78.2061	1818.77	9.19554	13.3421
2019-10-14.14:24:16	78.2824	1820.26	3.46144	12.865
2019-10-14.14:24:17	78.4862	1822.26	-3.42484	12.7607
2019-10-14.14:24:18	78.3224	1824.74	-7.43736	14.3108
2019-10-14.14:24:19	77.7717	1827.75	-4.62711	14.3503
2019-10-14.14:24:20	77.437	1831.09	0.394588	13.3062
2019-10-14.14:24:21	77.3101	1834	3.88843	13.2458
2019-10-14.14:24:22	77.255	1836.03	7.50544	13.4434
2019-10-14.14:24:23	77.4723	1837.14	7.04193	13.4355
2019-10-14.14:24:24	77.784	1838.4	-0.616257	12.5575
2019-10-14.14:24:25	77.9476	1840.29	-6.76207	13.8504
2019-10-14.14:24:26	77.5271	1842.79	-6.67408	14.9723
2019-10-14.14:24:27	77.034	1845.94	-1.50656	13.7145
2019-10-14.14:24:28	76.9969	1848.86	2.3125	12.9898
2019-10-14.14:24:29	77.038	1850.87	5.52638	13.1193
2019-10-14.14:24:30	77.2994	1851.9	9.85743	13.3599
2019-10-14.14:24:31	77.6225	1852.6	3.8418	13.1054
2019-10-14.14:24:32	77.887	1854.25	-2.80936	13.2828
2019-10-14.14:24:33	77.5554	1856.79	-8.52052	15.1758
2019-10-14.14:24:34	76.8765	1859.97	-4.76467	14.646
2019-10-14.14:24:35	76.6785	1863.08	0.0558072	13.0102
2019-10-14.14:24:36	76.8641	1865.25	3.34723	12.6071
2019-10-14.14:24:37	77.1942	1866.3	6.83218	12.8534
2019-10-14.14:24:38	77.593	1866.71	8.91275	13.6667
2019-10-14.14:24:39	77.8472	1867.77	1.30433	12.9712
2019-10-14.14:24:40	77.8449	1869.97	-4.84477	14.2355
2019-10-14.14:24:41	77.2466	1873	-7.56161	15.3162
2019-10-14.14:24:42	76.6735	1876.26	-2.72352	13.9437
2019-10-14.14:24:43	76.7026	1879.06	1.37792	12.7283
2019-10-14.14:24:44	76.9436	1880.77	4.52023	12.5937
2019-10-14.14:24:45	77.3364	1881.45	8.48655	13.1996
2019-10-14.14:24:46	77.693	1881.89	5.9653	13.4412
2019-10-14.14:24:47	77.9385	1883.37	-1.09143	13.1632
2019-10-14.14:24:48	77.6693	1885.93	-7.06858	14.8323
2019-10-14.14:24:49	77.0055	1889.08	-6.3217	15.0315
2019-10-14.14:24:50	76.6368	1892.26	-0.99616	13.3265
2019-10-14.14:24:51	76.7989	1894.67	2.54144	12.6118
2019-10-14.14:24:52	77.0963	1895.96	5.79443	12.6601
2019-10-14.14:24:53	77.5154	1896.4	10.1234	13.5207
2019-10-14.14:24:54	77.8104	1897.11	3.14778	13.06
2019-10-14.14:24:55	77.9578	1899	-3.29807	13.7136
2019-10-14.14:24:56	77.4709	1901.86	-8.53596	15.2031
2019-10-14.14:24:57	76.8263	1905.07	-4.16933	14.418
2019-10-14.14:24:58	76.7119	1908.06	0.457126	12.8858
2019-10-14.14:24:59	76.9221	1910.06	3.67479	12.5806
2019-10-14.14:25:00	77.28	1910.95	7.27572	12.9106
2019-10-14.14:25:01	77.6813	1911.31	8.07664	13.6099
2019-10-14.14:25:02	77.9418	1912.45	0.571661	12.9546
2019-10-14.14:25:03	77.8705	1914.74	-5.49555	14.4056
2019-10-14.14:25:04	77.2488	1917.79	-7.39503	15.2386
2019-10-14.14:25:05	76.7322	1921.01	-2.18875	13.7107
2019-10-14.14:25:06	76.8148	1923.68	1.73094	12.6464
2019-10-14.14:25:07	77.0717	1925.25	4.88568	12.5713
2019-10-14.14:25:08	77.4757	1925.83	9.03293	13.2669
2019-10-14.14:25:09	77.8154	1926.32	5.06706	13.2822
2019-10-14.14:25:10	78.0458	1927.92	-1.78911	13.2621
2019-10-14.14:25:11	77.7026	1930.56	-7.77667	14.9312
2019-10-14.14:25:12	77.0376	1933.72	-5.65177	14.8274
2019-10-14.14:25:13	76.7499	1936.84	-0.515432	13.1317
2019-10-14.14:25:14	76.9329	1939.12	2.9075	12.5627
2019-10-14.14:25:15	77.2491	1940.27	6.25567	12.6879
2019-10-14.14:25:16	77.6684	1940.66	9.78488	13.5615
2019-10-14.14:25:17	77.9463	1941.49	2.25753	12.9453
2019-10-14.14:25:18	78.0352	1943.5	-4.03684	13.9099
2019-10-14.14:25:19	77.4956	1946.43	-8.00232	15.2336
2019-10-14.14:25:20	76.8814	1949.64	-3.47576	14.1374
2019-10-14.14:25:21	76.8435	1952.53	0.906544	12.7459
2019-10-14.14:25:22	77.0685	1954.37	4.08616	12.5416
2019-10-14.14:25:23	77.4441	1955.14	7.86145	12.9964
2019-10-14.14:25:24	77.8258	1955.51	7.01884	13.4964
2019-10-14.14:25:25	78.0841	1956.81	-0.283166	12.98
2019-10-14.14:25:26	77.9145	1959.21	-6.28831	14.5803
2019-10-14.14:25:27	77.2679	1962.3	-6.97702	15.1004
2019-10-14.14:25:28	76.8231	1965.5	-1.56612	13.4479
2019-10-14.14:25:29	76.9537	1968.03	2.16177	12.568
2019-10-14.14:25:30	77.23	1969.44	5.36653	12.5569
2019-10-14.14:25:31	77.6427	1969.93	9.75135	13.3557
2019-10-14.14:25:32	77.957	1970.51	3.99786	13.0973
2019-10-14.14:25:33	78.1507	1972.25	-2.62924	13.4346
2019-10-14.14:25:34	77.7255	1975.01	-8.53125	15.0362
2019-10-14.14:25:35	77.0675	1978.18	-4.83878	14.5525
2019-10-14.14:25:36	76.88	1981.22	0.0366657	12.9266
2019-10-14.14:25:37	77.0787	1983.34	3.34891	12.5173
2019-10-14.14:25:38	77.4175	1984.33	6.83999	12.7538
2019-10-14.14:25:39	77.8281	1984.68	8.86721	13.5637
2019-10-14.14:25:40	78.0927	1985.68	1.24828	12.8713
2019-10-14.14:25:41	78.0946	1987.83	-4.90098	14.1505
2019-10-14.14:25:42	77.5029	1990.82	-7.57427	15.2047
2019-10-14.14:25:43	76.942	1994.03	-2.70256	13.8198
2019-10-14.14:25:44	76.9817	1996.78	1.41239	12.6192
2019-10-14.14:25:45	77.2247	1998.45	4.57964	12.5048
2019-10-14.14:25:46	77.6174	1999.09	8.58296	13.1098
2019-10-14.14:25:47	77.9719	1999.51	5.76321	13.3141
2019-10-14.14:25:48	78.218	2000.98	-1.26335	13.0807
2019-10-14.14:25:49	77.9366	2003.53	-7.24392	14.7592
2019-10-14.14:25:50	77.2742	2006.66	-6.14511	14.8821
2019-10-14.14:25:51	76.9272	2009.8	-0.875991	13.1787
2019-10-14.14:25:52	77.096	2012.16	2.66191	12.5075
2019-10-14.14:25:53	77.3956	2013.39	5.96385	12.5854
2019-10-14.14:25:54	77.8114	2013.79	10.0591	13.4559
2019-10-14.14:25:55	78.0963	2014.54	2.77546	12.9265
2019-10-14.14:25:56	78.2237	2016.45	-3.61816	13.6997
2019-10-14.14:25:57	77.7166	2019.31	-8.28919	15.1398
2019-10-14.14:25:58	77.0826	2022.51	-3.88446	14.2116
2019-10-14.14:25:59	77.0017	2025.43	0.660391	12.7409
2019-10-14.14:26:00	77.2169	2027.35	3.88585	12.4873
2019-10-14.14:26:01	77.5796	2028.17	7.5817	12.8823
2019-10-14.14:26:02	77.9666	2028.52	7.51157	13.4887
2019-10-14.14:26:03	78.2233	2029.73	0.0941497	12.8876
2019-10-14.14:26:04	78.1015	2032.05	-5.94006	14.4297
2019-10-14.14:26:05	77.4643	2035.11	-7.20581	15.0962
2019-10-14.14:26:06	76.9853	2038.3	-1.84402	13.4906
2019-10-14.14:26:07	77.0954	2040.87	1.98965	12.5319
2019-10-14.14:26:08	77.3608	2042.34	5.18924	12.4997
2019-10-14.14:26:09	77.7662	2042.85	9.48661	13.2661
2019-10-14.14:26:10	78.0854	2043.38	4.36745	13.104
2019-10-14.14:26:11	78.293	2045.05	-2.34736	13.3035
2019-10-14.14:26:12	77.8964	2047.75	-8.33406	14.9448
2019-10-14.14:26:13	77.2332	2050.9	-5.12218	14.5894
2019-10-14.14:26:14	77.0112	2053.95	-0.14491	12.9349
2019-10-14.14:26:15	77.2033	2056.1	3.21999	12.4772
2019-10-14.14:26:16	77.5318	2057.13	6.67481	12.6833
2019-10-14.14:26:17	77.9414	2057.47	9.14345	13.524
2019-10-14.14:26:18	78.2054	2058.41	1.50267	12.8347
2019-10-14.14:26:19	78.2328	2060.5	-4.686	14.0345
2019-10-14.14:26:20	77.653	2063.45	-7.64465	15.1723
2019-10-14.14:26:21	77.0755	2066.65	-2.90523	13.8511
2019-10-14.14:26:22	77.0956	2069.42	1.29237	12.6017
2019-10-14.14:26:23	77.3321	2071.11	4.47373	12.4712
2019-10-14.14:26:24	77.7176	2071.76	8.42835	13.0476
2019-10-14.14:26:25	78.074	2072.15	6.02083	13.3188
2019-10-14.14:26:26	78.3219	2073.57	-1.07026	13.0118
2019-10-14.14:26:27	78.0631	2076.07	-7.05235	14.686
2019-10-14.14:26:28	77.402	2079.16	-6.32661	14.8911
2019-10-14.14:26:29	77.0338	2082.29	-1.00996	13.1889
2019-10-14.14:26:30	77.196	2084.67	2.57582	12.4792
2019-10-14.14:26:31	77.4897	2085.91	5.86531	12.5431
2019-10-14.14:26:32	77.9033	2086.31	10.1033	13.4082
2019-10-14.14:26:33	78.1905	2087	2.96002	12.9151
2019-10-14.14:26:34	78.3302	2088.86	-3.47151	13.6166
2019-10-14.14:26:35	77.8358	2091.69	-8.39019	15.0934
2019-10-14.14:26:36	77.1967	2094.86	-4.03591	14.2275
2019-10-14.14:26:37	77.1008	2097.78	0.570369	12.7294
2019-10-14.14:26:38	77.3132	2099.7	3.81634	12.4583
2019-10-14.14:26:39	77.6712	2100.52	7.48634	12.8321
2019-10-14.14:26:40	78.0601	2100.85	7.68951	13.4733
2019-10-14.14:26:41	78.3165	2102.01	0.233032	12.8463
2019-10-14.14:26:42	78.2119	2104.28	-5.81293	14.3626
2019-10-14.14:26:43	77.5799	2107.31	-7.28176	15.0812
2019-10-14.14:26:44	77.0903	2110.48	-1.95031	13.4938
2019-10-14.14:26:45	77.1934	2113.05	1.9257	12.5069
2019-10-14.14:26:46	77.4552	2114.51	5.12641	12.4692
2019-10-14.14:26:47	77.8579	2115.02	9.39334	13.2203
2019-10-14.14:26:48	78.1794	2115.51	4.4954	13.0937
2019-10-14.14:26:49	78.392	2117.14	-2.25145	13.2451
2019-10-14.14:26:50	78.0065	2119.8	-8.24746	14.8976
2019-10-14.14:26:51	77.3433	2122.92	-5.22177	14.585
2019-10-14.14:26:52	77.1107	2125.96	-0.207646	12.9212
2019-10-14.14:26:53	77.3014	2128.1	3.18034	12.4486
2019-10-14.14:26:54	77.6264	2129.12	6.6264	12.6454
2019-10-14.14:26:55	78.0358	2129.45	9.22689	13.4938
2019-10-14.14:26:56	78.3001	2130.35	1.5815	12.8067
2019-10-14.14:26:57	78.3357	2132.41	-4.62037	13.9801
2019-10-14.14:26:58	77.761	2135.33	-7.67408	15.143
2019-10-14.14:26:59	77.1799	2138.5	-2.96789	13.8402
2019-10-14.14:27:00	77.195	2141.25	1.26065	12.5765
2019-10-14.14:27:01	77.4299	2142.94	4.45081	12.4444
2019-10-14.14:27:02	77.8131	2143.58	8.39466	13.0112
2019-10-14.14:27:03	78.1699	2143.94	6.07665	13.2985
2019-10-14.14:27:04	78.4185	2145.33	-1.03115	12.9736
2019-10-14.14:27:05	78.1657	2147.79	-7.01352	14.6468
2019-10-14.14:27:06	77.5441	2150.87	-4.5006	14.7958
2019-10-14.14:27:07	77.5135	2153.94	1.0051	13.1115
2019-10-14.14:27:08	78.3997	2155.76	3.88943	12.7376
2019-10-14.14:27:09	79.6824	2156.28	-6.46576	11.9713
2019-10-14.14:27:10	81.5687	2156.29	-15.6424	12.2103
2019-10-14.14:27:11	83.3681	2155.95	-23.6773	14.6538
2019-10-14.14:27:12	84.8976	2155.21	-29.5867	15.6894
2019-10-14.14:27:13	86.4503	2154.28	-29.3915	12.8561
2019-10-14.14:27:14	88.2737	2153.61	-29.4002	9.54094
2019-10-14.14:27:15	89.8187	2153.35	-29.3845	8.54638
2019-10-14.14:27:16	90.8311	2154.24	-29.3467	10.2365
2019-10-14.14:27:17	91.5376	2156.82	-29.3089	11.7981
2019-10-14.14:27:18	92.0294	2160.27	-29.3128	13.0877
2019-10-14.14:27:19	92.3383	2164.21	-29.3384	12.9916
2019-10-14.14:27:20	92.6989	2168.25	-29.3588	12.0928
2019-10-14.14:27:21	93.1716	2172.25	-29.3614	11.229
2019-10-14.14:27:22	93.6747	2176.24	-29.3532	11.0818
2019-10-14.14:27:23	94.0821	2180.46	-29.3418	11.4755
2019-10-14.14:27:24	94.364	2184.97	-27.5808	11.9406
2019-10-14.14:27:25	94.4929	2190.13	-22.8058	11.9109
2019-10-14.14:27:26	94.4825	2196.1	-17.9964	11.7144
2019-10-14.14:27:27	94.259	2202.77	-12.9372	11.8983
2019-10-14.14:27:28	93.8941	2210.01	-7.37268	12.2805
2019-10-14.14:27:29	93.4552	2217.61	-1.2439	12.6663
2019-10-14.14:27:30	92.9933	2225.31	2.50172	12.9877
2019-10-14.14:27:31	92.5828	2232.98	0.608623	12.865
2019-10-14.14:27:32	92.3287	2240.51	-1.37156	12.7603
2019-10-14.14:27:33	92.1123	2247.75	-1.46435	12.6236
2019-10-14.14:27:34	92.0827	2254.61	0.318059	12.2065
2019-10-14.14:27:35	92.2189	2260.91	2.18369	11.8923
2019-10-14.14:27:36	92.4395	2266.64	2.27417	11.6845
2019-10-14.14:27:37	92.7507	2272.11	0.453351	11.6814
2019-10-14.14:27:38	93.0999	2277.75	-1.53425	11.7716
2019-10-14.14:27:39	93.2787	2283.69	-1.76267	12.0472
2019-10-14.14:27:40	93.3523	2290.05	-0.0287613	12.1506
2019-10-14.14:27:41	93.3085	2296.72	1.94022	12.3606
2019-10-14.14:27:42	93.0834	2303.59	2.2008	12.6281
2019-10-14.14:27:43	92.8092	2310.69	0.49438	12.7115
2019-10-14.14:27:44	92.5958	2317.96	-1.52933	12.7907
2019-10-14.14:27:45	92.3191	2325.27	-1.89785	12.892
2019-10-14.14:27:46	92.0977	2332.52	-0.256336	12.6876
2019-10-14.14:27:47	91.9951	2339.46	1.81001	12.4687
2019-10-14.14:27:48	91.9352	2345.93	2.31085	12.3277
2019-10-14.14:27:49	92.0112	2352.03	0.753236	12.0491
2019-10-14.14:27:50	92.2875	2357.88	-1.3907	11.8567
2019-10-14.14:27:51	92.565	2363.59	-2.04142	11.8702
2019-10-14.14:27:52	92.8377	2369.31	-0.55289	11.7526
2019-10-14.14:27:53	93.1308	2375.06	1.63204	11.7198
2019-10-14.14:27:54	93.2787	2380.86	2.38163	11.9227
2019-10-14.14:27:55	93.3377	2386.87	0.967977	12.0439
2019-10-14.14:27:56	93.3941	2393.24	-1.23014	12.2184
2019-10-14.14:27:57	93.3001	2399.98	-2.04618	12.5411
2019-10-14.14:27:58	93.0868	2407.06	-0.680094	12.6341
2019-10-14.14:27:59	92.8772	2414.29	1.52094	12.6343
2019-10-14.14:28:00	92.5838	2421.41	2.40916	12.7332
2019-10-14.14:28:01	92.3258	2428.37	1.12431	12.6215
[State]	Cruise
2019-10-14.14:28:02	92.2424	2435.18	-1.11199	12.4545
2019-10-14.14:28:03	92.2223	2441.78	-2.1409	12.4136
2019-10-14.14:28:04	92.2501	2448.17	-0.954847	12.1877
2019-10-14.14:28:05	92.4348	2454.29	1.31174	11.8923
2019-10-14.14:28:06	92.6179	2460.06	2.47467	11.8479
2019-10-14.14:28:07	92.8203	2465.64	1.40837	11.7506
2019-10-14.14:28:08	93.1138	2471.24	-0.869851	11.7085
2019-10-14.14:28:09	93.3577	2477.02	-2.13548	11.9137
2019-10-14.14:28:10	93.4541	2483.1	-1.13682	12.043
2019-10-14.14:28:11	93.5232	2489.48	1.13992	12.0802
2019-10-14.14:28:12	93.4296	2496	2.45719	12.3398
2019-10-14.14:28:13	93.23	2502.68	1.53276	12.4718
2019-10-14.14:28:14	93.0667	2509.57	-0.736194	12.5168
2019-10-14.14:28:15	92.8958	2516.58	-2.13649	12.6734
2019-10-14.14:28:16	92.6599	2523.66	-1.29589	12.6574
2019-10-14.14:28:17	92.5398	2530.63	0.966509	12.4182
2019-10-14.14:28:18	92.4405	2537.25	2.4634	12.3507
2019-10-14.14:28:19	92.3988	2543.51	1.75062	12.1785
2019-10-14.14:28:20	92.5269	2549.54	-0.506059	11.945
2019-10-14.14:28:21	92.7623	2555.4	-2.13624	11.9168
2019-10-14.14:28:22	92.9449	2561.21	-1.5398	11.8827
2019-10-14.14:28:23	93.1965	2567.05	0.709309	11.7076
2019-10-14.14:28:24	93.3798	2572.82	2.42313	11.813
2019-10-14.14:28:25	93.461	2578.63	1.93394	11.9292
2019-10-14.14:28:26	93.539	2584.67	-0.284188	11.9913
2019-10-14.14:28:27	93.5901	2591.02	-2.06054	12.2317
2019-10-14.14:28:28	93.4631	2597.68	-1.63983	12.4437
2019-10-14.14:28:29	93.3301	2604.59	0.554546	12.3991
2019-10-14.14:28:30	93.1332	2611.5	2.37238	12.5049
2019-10-14.14:28:31	92.8856	2618.29	2.04686	12.5309
2019-10-14.14:28:32	92.7362	2625	-0.115148	12.3885
2019-10-14.14:28:33	92.7159	2631.61	-2.03332	12.3528
2019-10-14.14:28:34	92.6668	2638.08	-1.83445	12.3093
2019-10-14.14:28:35	92.738	2644.4	0.293902	12.0079
2019-10-14.14:28:36	92.8681	2650.41	2.30015	11.8951
2019-10-14.14:28:37	92.9865	2656.13	2.24443	11.8484
2019-10-14.14:28:38	93.179	2661.77	0.170801	11.7203
2019-10-14.14:28:39	93.4495	2667.48	-1.91791	11.7855
2019-10-14.14:28:40	93.5779	2673.36	-1.96377	11.9741
2019-10-14.14:28:41	93.6721	2679.51	0.0760596	11.9402
2019-10-14.14:28:42	93.6995	2685.79	2.19929	12.0684
2019-10-14.14:28:43	93.5842	2692.14	2.32876	12.2631
2019-10-14.14:28:44	93.4522	2698.66	0.340991	12.2894
2019-10-14.14:28:45	93.3784	2705.35	-1.83193	12.395
2019-10-14.14:28:46	93.3821	2712.04	-2.18198	9.55454
2019-10-14.14:28:47	96.5653	2712.04	-1.30665	-0.3745
2019-10-14.14:28:48	102.431	2701.66	0.570657	1.36583
2019-10-14.14:28:49	107.267	2692.37	1.89725	0.988027
2019-10-14.14:28:50	112.179	2683.12	0.931118	0.249047
2019-10-14.14:28:51	116.994	2673.6	-1.04602	0.533686
2019-10-14.14:28:52	121.238	2665.31	-1.4558	0.53881
2019-10-14.14:28:53	125.361	2657.45	-0.0130193	0.39796
2019-10-14.14:28:54	129.183	2650.01	1.11077	0.346689
2019-10-14.14:28:55	132.76	2642.95	0.348825	0.292197
2019-10-14.14:28:56	136.24	2636.18	-0.895583	0.224077
2019-10-14.14:28:57	139.483	2629.67	-0.651041	0.119439
2019-10-14.14:28:58	142.622	2623.32	0.428354	0.0696639
2019-10-14.14:28:59	145.525	2617.18	0.44522	0.0230369
2019-10-14.14:29:00	148.341	2611.22	-0.414981	-0.0376026
2019-10-14.14:29:01	150.986	2605.4	-0.50597	-0.0897504
2019-10-14.14:29:02	153.546	2599.69	0.157875	-0.137351
2019-10-14.14:29:03	155.936	2594.1	0.228927	-0.173448
2019-10-14.14:29:04	158.241	2588.63	-0.280645	-0.214388
2019-10-14.14:29:05	160.41	2583.25	-0.291937	-0.254699
2019-10-14.14:29:06	162.496	2577.94	0.0885246	-0.284811
2019-10-14.14:29:07	164.455	2572.72	0.0369953	-0.315781
2019-10-14.14:29:08	166.339	2567.57	-0.233873	-0.342674
2019-10-14.14:29:09	168.12	2562.49	-0.13766	-0.374841
2019-10-14.14:29:10	169.823	2557.46	0.0325518	-0.397003
2019-10-14.14:29:11	171.439	2552.48	-0.0855773	-0.422127
2019-10-14.14:29:12	172.977	2547.56	-0.172293	-0.433742
2019-10-14.14:29:13	174.423	2542.78	-0.057878	-0.357064
2019-10-14.14:29:14	175.722	2538.4	-0.0324238	-0.226695
2019-10-14.14:29:15	176.9	2534.44	-0.125045	-0.125862
2019-10-14.14:29:16	177.942	2530.94	-0.106469	-0.0315021
2019-10-14.14:29:17	178.887	2527.78	-0.0536957	0.0749111
2019-10-14.14:29:18	179.719	2525.02	-0.089507	0.140324
2019-10-14.14:29:19	180.47	2522.53	-0.114184	0.226211
2019-10-14.14:29:20	181.13	2520.37	-0.0777855	0.282648
2019-10-14.14:29:21	181.729	2518.41	-0.0818213	0.339285
2019-10-14.14:29:22	182.255	2516.7	-0.10395	0.407463
2019-10-14.14:29:23	182.728	2515.18	-0.0941196	0.424876
2019-10-14.14:29:24	183.158	2513.8	-0.0845944	0.477632
2019-10-14.14:29:25	183.53	2512.63	-0.0956006	0.512476
2019-10-14.14:29:26	183.87	2511.57	-0.100218	0.526224
2019-10-14.14:29:27	184.179	2510.59	-0.090457	0.56102
2019-10-14.14:29:28	184.448	2509.76	-0.0915837	0.610096
2019-10-14.14:29:29	184.687	2509.05	-0.100151	0.600813
2019-10-14.14:29:30	184.911	2508.37	-0.0966194	0.612247
2019-10-14.14:29:31	185.114	2507.75	-0.092043	0.63646
2019-10-14.14:29:32	185.29	2507.23	-0.0963757	0.673126
2019-10-14.14:29:33	185.44	2506.82	-0.0983916	0.668259
2019-10-14.14:29:34	185.586	2506.4	-0.096824	0.664034
2019-10-14.14:29:35	185.724	2505.99	-0.0960359	0.668049
2019-10-14.14:29:36	185.851	2505.61	-0.0972323	0.680454
2019-10-14.14:29:37	185.961	2505.28	-0.0968138	0.700331
2019-10-14.14:29:38	186.054	2505.03	-0.0959424	0.726569
2019-10-14.14:29:39	186.128	2504.87	-0.0971407	0.727249
2019-10-14.14:29:40	186.203	2504.7	-0.0995116	0.713481
2019-10-14.14:29:41	186.28	2504.49	-0.0976302	0.704087
2019-10-14.14:29:42	186.358	2504.26	-0.0969273	0.699237
2019-10-14.14:29:43	186.432	2504.02	-0.0984104	0.699195
2019-10-14.14:29:44	186.501	2503.79	-0.0978731	0.703575
2019-10-14.14:29:45	186.563	2503.59	-0.0969704	0.711915
2019-10-14.14:29:46	186.616	2503.42	-0.0976347	0.723944
2019-10-14.14:29:47	186.659	2503.3	-0.0976846	0.739084
2019-10-14.14:29:48	186.691	2503.23	-0.097035	0.756591
2019-10-14.14:29:49	186.711	2503.22	-0.0972096	0.775861
2019-10-14.14:29:50	186.721	2503.27	-0.0980236	0.770708
2019-10-14.14:29:51	186.738	2503.28	-0.0994796	0.751798
2019-10-14.14:29:52	186.765	2503.23	-0.0983609	0.733872
2019-10-14.14:29:53	186.799	2503.13	-0.0979634	0.71759
2019-10-14.14:29:54	186.84	2502.98	-0.0988537	0.703597
2019-10-14.14:29:55	186.885	2502.79	-0.0985051	0.69214
2019-10-14.14:29:56	186.933	2502.57	-0.0979545	0.68341
2019-10-14.14:29:57	186.983	2502.33	-0.0983307	0.677679
2019-10-14.14:29:58	187.032	2502.07	-0.0983086	0.674984
2019-10-14.14:29:59	187.079	2501.81	-0.0978772	0.675211
2019-10-14.14:30:00	187.123	2501.56	-0.0979409	0.678271
2019-10-14.14:30:01	187.162	2501.33	-0.0980036	0.683955
2019-10-14.14:30:02	187.195	2501.11	-0.0977405	0.691922
2019-10-14.14:30:03	187.222	2500.93	-0.0976727	0.701823
2019-10-14.14:30:04	187.242	2500.79	-0.0977281	0.713275
2019-10-14.14:30:05	187.253	2500.68	-0.0975993	0.725819
2019-10-14.14:30:06	187.258	2500.62	-0.0975105	0.738997
[State]	Descent
2019-10-14.14:30:07	187.255	2500.6	-0.0975428	0.752372
2019-10-14.14:30:08	187.245	2500.62	-0.0974999	0.765497
2019-10-14.14:30:09	187.228	2500.69	-0.0974378	0.777954
2019-10-14.14:30:10	187.206	2500.79	-0.0974559	0.789378
2019-10-14.14:30:11	187.179	2500.93	-0.0974586	0.799447
2019-10-14.14:30:12	187.149	2501.1	-0.097431	0.80789
2019-10-14.14:30:13	187.117	2501.29	-0.0974432	0.814511
2019-10-14.14:30:14	187.083	2501.5	-0.0974629	0.81918
2019-10-14.14:30:15	187.049	2501.72	-0.097458	0.821829
2019-10-14.14:30:16	187.016	2501.94	-0.0975915	0.815744
2019-10-14.14:30:17	186.991	2502.13	-0.0982333	0.801514
2019-10-14.14:30:18	186.975	2502.26	-0.097953	0.786049
2019-10-14.14:30:19	186.968	2502.35	-0.0976912	0.76975
2019-10-14.14:30:20	186.971	2502.38	-0.098009	0.753257
2019-10-14.14:30:21	186.983	2502.37	-0.0979594	0.737092
2019-10-14.14:30:22	187.002	2502.29	-0.0976978	0.721728
2019-10-14.14:30:23	187.028	2502.18	-0.0977765	0.707666
2019-10-14.14:30:24	187.06	2502.02	-0.0977833	0.69531
2019-10-14.14:30:25	187.096	2501.82	-0.0975811	0.684959
2019-10-14.14:30:26	187.175	2501.41	-0.113149	-0.287016
2019-10-14.14:30:27	188.041	2496.67	-0.184675	-0.665693
2019-10-14.14:30:28	188.639	2492.49	-0.0287559	-1.25509
2019-10-14.14:30:29	189.659	2486	-0.118602	-0.482178
2019-10-14.14:30:30	190.308	2481.31	-0.12457	-1.78537
2019-10-14.14:30:31	191.127	2475.05	-0.0714079	-0.272323
2019-10-14.14:30:32	191.947	2469.37	-0.120528	-1.30821
2019-10-14.14:30:33	192.448	2464.41	-0.0918945	-1.59499
2019-10-14.14:30:34	193.204	2458.01	-0.0863166	-0.0329493
2019-10-14.14:30:35	193.948	2452.12	-0.123765	-0.521002
2019-10-14.14:30:36	194.468	2446.96	-0.14116	-2.05004
2019-10-14.14:30:37	194.862	2441.78	-0.113598	-3.38761
2019-10-14.14:30:38	195.197	2436.45	-0.0931831	-4.64581
2019-10-14.14:30:39	195.344	2430.98	-0.108695	-6.40535
2019-10-14.14:30:40	195.058	2425.09	-0.147536	-7.7376
2019-10-14.14:30:41	193.994	2419.62	-0.121747	-7.2334
2019-10-14.14:30:42	192.468	2414.96	-0.0782223	-6.69189
2019-10-14.14:30:43	190.891	2410.53	-0.064741	-6.68797
2019-10-14.14:30:44	189.369	2406.13	-0.0117337	-7.15291
2019-10-14.14:30:45	187.918	2401.73	0.0541834	-7.98544
2019-10-14.14:30:46	186.54	2397.3	0.0988103	-9.05579
2019-10-14.14:30:47	185.234	2392.84	0.154544	-10.2101
2019-10-14.14:30:48	184.006	2388.3	0.229651	-11.2721
2019-10-14.14:30:49	182.861	2383.66	0.300677	-12.0565
2019-10-14.14:30:50	181.799	2378.87	0.368532	-12.3812
2019-10-14.14:30:51	180.825	2373.9	0.440186	-12.0978
2019-10-14.14:30:52	179.96	2368.7	0.501628	-11.1036
2019-10-14.14:30:53	179.203	2363.23	0.541902	-9.35141
2019-10-14.14:30:54	178.551	2357.47	0.562648	-6.89387
2019-10-14.14:30:55	177.997	2351.4	0.561376	-3.92408
2019-10-14.14:30:56	177.516	2345.03	0.532272	-0.617312
2019-10-14.14:30:57	177.077	2338.43	0.476498	2.90848
2019-10-14.14:30:58	176.713	2331.71	0.400234	6.37923
2019-10-14.14:30:59	176.508	2325.04	0.313194	9.21623
2019-10-14.14:31:00	176.501	2318.6	0.225543	10.6749
2019-10-14.14:31:01	176.591	2312.52	0.149551	10.239
2019-10-14.14:31:02	176.66	2306.88	0.0977368	7.66882
2019-10-14.14:31:03	176.608	2301.7	0.0806094	3.30979
2019-10-14.14:31:04	176.307	2296.89	0.104764	-1.81231
2019-10-14.14:31:05	175.735	2292.28	0.170554	-6.61559
2019-10-14.14:31:06	175.075	2287.61	0.269131	-10.1581
2019-10-14.14:31:07	174.494	2282.64	0.379052	-11.8227
2019-10-14.14:31:08	174.024	2277.23	0.476255	-11.4832
2019-10-14.14:31:09	173.705	2271.32	0.53873	-9.32515
2019-10-14.14:31:10	173.516	2264.91	0.55638	-5.76941
2019-10-14.14:31:11	173.422	2258.03	0.52915	-1.53129
2019-10-14.14:31:12	173.351	2250.82	0.461009	2.9243
2019-10-14.14:31:13	173.345	2243.55	0.364468	7.15162
2019-10-14.14:31:14	173.486	2236.78	0.263849	10.0616
2019-10-14.14:31:15	173.712	2230.91	0.167416	10.7295
2019-10-14.14:31:16	173.85	2226.14	0.0942088	8.60516
2019-10-14.14:31:17	173.759	2222.47	0.0686835	3.9556
2019-10-14.14:31:18	173.262	2219.78	0.101613	-1.77405
2019-10-14.14:31:19	172.363	2217.71	0.189061	-6.92728
2019-10-14.14:31:20	171.368	2215.83	0.313415	-10.0234
2019-10-14.14:31:21	170.468	2213.73	0.439783	-10.306
2019-10-14.14:31:22	169.739	2211.19	0.522511	-7.80256
2019-10-14.14:31:23	169.182	2208.13	0.534819	-3.10558
2019-10-14.14:31:24	168.723	2204.6	0.476053	2.52626
2019-10-14.14:31:25	168.343	2200.96	0.359449	7.98333
2019-10-14.14:31:26	168.248	2197.79	0.220883	11.3147
2019-10-14.14:31:27	168.333	2195.63	0.101399	10.6302
2019-10-14.14:31:28	168.245	2194.73	0.0463023	5.39318
2019-10-14.14:31:29	167.625	2194.89	0.0870962	-1.90585
2019-10-14.14:31:30	166.527	2195.43	0.219431	-7.66467
2019-10-14.14:31:31	165.506	2195.48	0.382276	-9.26684
2019-10-14.14:31:32	164.781	2194.52	0.488005	-6.36283
2019-10-14.14:31:33	164.352	2192.45	0.48355	-0.268705
2019-10-14.14:31:34	164.065	2189.65	0.376611	6.44261
2019-10-14.14:31:35	164.077	2187.04	0.216308	11.0036
2019-10-14.14:31:36	164.366	2185.63	0.0731127	10.3836
2019-10-14.14:31:37	164.392	2185.81	0.0201564	3.90928
2019-10-14.14:31:38	163.68	2187.11	0.0983441	-3.97083
2019-10-14.14:31:39	162.667	2188.34	0.269581	-8.11995
2019-10-14.14:31:40	161.962	2188.38	0.41132	-6.42405
2019-10-14.14:31:41	161.669	2186.97	0.427867	-0.392508
2019-10-14.14:31:42	161.59	2184.6	0.320659	6.47729
2019-10-14.14:31:43	161.855	2182.48	0.153382	10.6139
2019-10-14.14:31:44	162.316	2181.79	0.0170244	8.63557
2019-10-14.14:31:45	162.327	2182.78	-0.0034316	1.25704
2019-10-14.14:31:46	161.59	2184.56	0.114935	-5.55237
2019-10-14.14:31:47	160.843	2185.66	0.285711	-6.93025
2019-10-14.14:31:48	160.535	2185.2	0.369171	-2.63568
2019-10-14.14:31:49	160.537	2183.36	0.315162	4.07912
2019-10-14.14:31:50	160.805	2181.27	0.16586	9.36507
2019-10-14.14:31:51	161.391	2180.31	0.0149923	9.26784
2019-10-14.14:31:52	161.67	2181.1	-0.0397485	2.95347
2019-10-14.14:31:53	161.171	2182.97	0.0487806	-4.17897
2019-10-14.14:31:54	160.492	2184.4	0.21705	-6.54002
2019-10-14.14:31:55	160.22	2184.31	0.320117	-2.9845
2019-10-14.14:31:56	160.281	2182.76	0.287647	3.43955
2019-10-14.14:31:57	160.595	2180.8	0.15089	8.82422
2019-10-14.14:31:58	161.226	2179.86	0.0019257	9.11801
2019-10-14.14:31:59	161.58	2180.64	-0.0585357	3.19149
2019-10-14.14:32:00	161.169	2182.54	0.0224225	-3.8196
2019-10-14.14:32:01	160.542	2184.05	0.187821	-6.29605
2019-10-14.14:32:02	160.301	2184.07	0.294682	-2.9245
2019-10-14.14:32:03	160.389	2182.61	0.269067	3.34613
2019-10-14.14:32:04	160.722	2180.73	0.138633	8.66131
2019-10-14.14:32:05	161.36	2179.82	-0.0069962	9.01693
2019-10-14.14:32:06	161.233	2181.49	-4.76713	6.98951
2019-10-14.14:32:07	158.402	2191.76	-13.5833	-0.028203
2019-10-14.14:32:08	154.098	2204.8	-22.6178	-0.982381
[State]	Cruise
2019-10-14.14:32:09	150.181	2214.99	-29.5061	7.03636
2019-10-14.14:32:10	147.558	2224.99	-29.8239	9.74428
2019-10-14.14:32:11	144.398	2238.88	-29.8089	3.28015
2019-10-14.14:32:12	140.88	2250.52	-29.7942	6.62271
2019-10-14.14:32:13	138.744	2261.1	-29.8359	7.03451
2019-10-14.14:32:14	135.595	2273.58	-29.817	6.48858
2019-10-14.14:32:15	133.545	2283.96	-29.8285	6.2567
2019-10-14.14:32:16	131.12	2294.25	-29.8339	7.45414
2019-10-14.14:32:17	128.482	2305.96	-29.8335	7.69313
2019-10-14.14:32:18	126.105	2317.25	-29.8327	7.379
2019-10-14.14:32:19	124.16	2327.07	-29.833	6.80642
2019-10-14.14:32:20	122.365	2335.77	-29.8424	7.41403
2019-10-14.14:32:21	120.497	2344.8	-29.8443	7.49578
2019-10-14.14:32:22	118.778	2353.55	-29.8437	7.37
2019-10-14.14:32:23	117.156	2361.7	-29.8492	7.70121
2019-10-14.14:32:24	115.549	2369.75	-29.8517	7.72105
2019-10-14.14:32:25	114.01	2377.51	-29.856	7.89847
2019-10-14.14:32:26	112.511	2385.15	-26.1242	8.0345
2019-10-14.14:32:27	110.898	2393.53	-20.0241	8.46058
2019-10-14.14:32:28	108.878	2403.5	-13.9688	9.07028
2019-10-14.14:32:29	106.897	2414.13	-7.54161	9.17285
2019-10-14.14:32:30	105.023	2424.49	-4.53174	9.47614
2019-10-14.14:32:31	103.369	2434.44	-4.45969	9.39691
2019-10-14.14:32:32	102.021	2443.47	-4.12814	8.99127
2019-10-14.14:32:33	100.921	2451.39	-2.64871	9.19487
2019-10-14.14:32:34	99.7938	2459.19	-0.687938	9.29234
2019-10-14.14:32:35	98.68	2466.78	0.337996	9.39793
2019-10-14.14:32:36	97.5652	2474.18	-0.0798372	9.60492
2019-10-14.14:32:37	96.5625	2481.5	-1.12503	9.65681
2019-10-14.14:32:38	95.589	2488.67	-1.47404	9.82736
2019-10-14.14:32:39	94.6498	2495.76	-0.604419	9.85025
2019-10-14.14:32:40	93.7876	2502.65	0.768176	9.94015
2019-10-14.14:32:41	92.8876	2509.38	1.4392	10.1264
2019-10-14.14:32:42	91.9965	2515.94	0.864875	10.249
2019-10-14.14:32:43	91.1924	2522.33	-0.355836	10.3264
2019-10-14.14:32:44	90.4541	2528.51	-1.04826	10.4526
2019-10-14.14:32:45	89.7276	2534.49	-0.5353	10.5258
2019-10-14.14:32:46	89.0839	2540.25	0.751727	10.5615
2019-10-14.14:32:47	88.4163	2545.77	1.69169	10.749
2019-10-14.14:32:48	87.7233	2551.13	1.46763	10.8614
2019-10-14.14:32:49	87.1	2556.34	0.264506	10.7923
2019-10-14.14:32:50	86.6728	2561.22	-0.900947	10.5357
2019-10-14.14:32:51	86.4179	2565.56	-1.02332	10.2771
2019-10-14.14:32:52	86.3503	2569.38	0.044038	9.95614
2019-10-14.14:32:53	86.4373	2572.7	1.41827	9.72591
2019-10-14.14:32:54	86.5631	2575.65	1.93172	9.62101
2019-10-14.14:32:55	86.7365	2578.4	1.11713	9.50657
2019-10-14.14:32:56	86.9766	2581.11	-0.362452	9.46486
2019-10-14.14:32:57	87.2124	2583.92	-1.23824	9.55989
2019-10-14.14:32:58	87.339	2586.94	-0.72626	9.69066
2019-10-14.14:32:59	87.4221	2590.18	0.753642	9.74721
2019-10-14.14:33:00	87.4126	2593.56	1.92538	9.73303
2019-10-14.14:33:01	87.4568	2596.8	1.73745	9.47897
2019-10-14.14:33:02	87.6323	2599.76	0.307858	9.24276
2019-10-14.14:33:03	87.9793	2602.52	-1.14781	8.98951
2019-10-14.14:33:04	88.3678	2605.08	-1.34868	8.83511
2019-10-14.14:33:05	88.8465	2607.48	-0.0920103	8.50214
2019-10-14.14:33:06	89.4163	2609.67	1.53457	8.31946
2019-10-14.14:33:07	89.9267	2611.74	2.08996	8.25121
2019-10-14.14:33:08	90.4503	2613.8	1.04758	8.02199
2019-10-14.14:33:09	91.0903	2615.85	-0.699702	7.77329
2019-10-14.14:33:10	91.7569	2617.85	-1.57571	7.64337
2019-10-14.14:33:11	92.4229	2619.85	-0.767986	7.3738
2019-10-14.14:33:12	93.2027	2621.75	0.978917	7.0998
2019-10-14.14:33:13	93.9245	2623.57	2.0375	7.05554
2019-10-14.14:33:14	94.6046	2625.43	1.40607	6.86136
2019-10-14.14:33:15	95.3775	2627.26	-0.335612	6.62876
2019-10-14.14:33:16	96.1901	2629	-1.51162	6.52347
2019-10-14.14:33:17	96.9633	2630.68	-0.980046	6.31649
2019-10-14.14:33:18	97.8423	2632.2	0.711586	6.04551
2019-10-14.14:33:19	98.6863	2633.52	1.87019	6.0188
2019-10-14.14:33:20	99.4293	2634.93	1.35465	5.93633
2019-10-14.14:33:21	100.26	2636.4	-0.29814	5.69273
2019-10-14.14:33:22	101.102	2637.85	-1.37337	5.61554
2019-10-14.14:33:23	101.898	2639.33	-0.776374	5.4228
2019-10-14.14:33:24	102.779	2640.76	0.804434	5.21274
2019-10-14.14:33:25	103.587	2642.13	1.66687	5.19313
2019-10-14.14:33:26	104.35	2643.59	0.92082	5.03918
2019-10-14.14:33:27	105.2	2645.06	-0.575826	4.86859
2019-10-14.14:33:28	106.018	2646.52	-1.16216	4.78533
2019-10-14.14:33:29	106.839	2647.99	-0.245375	4.56742
2019-10-14.14:33:30	107.716	2649.35	1.07293	4.44829
2019-10-14.14:33:31	108.496	2650.71	1.29864	4.3835
2019-10-14.14:33:32	109.284	2652.11	0.23686	4.22479
2019-10-14.14:33:33	110.117	2653.49	-0.826345	4.11189
2019-10-14.14:33:34	110.891	2654.86	-0.666779	3.98152
2019-10-14.14:33:35	111.726	2656.17	0.435659	3.80904
2019-10-14.14:33:36	112.515	2657.41	1.12023	3.76044
2019-10-14.14:33:37	113.264	2658.68	0.609484	3.63549
2019-10-14.14:33:38	114.065	2659.93	-0.397504	3.51169
[State]	Climb
2019-10-14.14:33:39	114.822	2661.16	-0.647334	3.42426
2019-10-14.14:33:40	115.595	2662.35	0.091563	3.27005
2019-10-14.14:33:41	116.367	2663.46	0.823304	3.20349
2019-10-14.14:33:42	117.08	2664.58	0.646412	3.10863
2019-10-14.14:33:43	117.827	2665.69	-0.135911	2.99906
2019-10-14.14:33:44	118.553	2666.76	-0.483011	2.92169
2019-10-14.14:33:45	119.273	2667.81	-0.0045734	2.79633
2019-10-14.14:33:46	120.173	2668.58	4.39599	1.12951
2019-10-14.14:33:47	122.953	2664.16	11.881	-1.7073
2019-10-14.14:33:48	126.34	2655.51	19.1997	0.841807
2019-10-14.14:33:49	129.493	2648.07	26.7372	0.934922
2019-10-14.14:33:50	133.28	2638.99	30.3243	-0.314219
2019-10-14.14:33:51	137.228	2628.47	30.3435	-0.190417
2019-10-14.14:33:52	140.564	2619.7	30.3429	0.626828
2019-10-14.14:33:53	143.568	2612.14	30.3355	0.372004
2019-10-14.14:33:54	146.453	2604.36	30.3367	0.422213
2019-10-14.14:33:55	149.106	2597.15	30.3381	0.302875
2019-10-14.14:33:56	151.668	2590.13	30.3365	0.242606
2019-10-14.14:33:57	154.044	2583.35	30.3341	0.28372
2019-10-14.14:33:58	156.285	2576.72	30.3335	0.268148
2019-10-14.14:33:59	158.424	2570.21	30.3331	0.18504
2019-10-14.14:34:00	160.463	2563.83	30.3318	0.150863
2019-10-14.14:34:01	162.392	2557.55	30.3303	0.13955
2019-10-14.14:34:02	164.225	2551.38	30.3294	0.099536
2019-10-14.14:34:03	165.967	2545.3	30.3286	0.10096
2019-10-14.14:34:04	167.568	2539.52	30.328	0.25961
2019-10-14.14:34:05	168.996	2534.28	30.3276	0.405418
2019-10-14.14:34:06	170.265	2529.61	30.3272	0.53362
2019-10-14.14:34:07	171.391	2525.46	30.3266	0.657369
2019-10-14.14:34:08	172.386	2521.79	30.3259	0.773782
2019-10-14.14:34:09	173.262	2518.61	26.6957	0.804401
2019-10-14.14:34:10	174.139	2516.09	21.4242	0.586637
2019-10-14.14:34:11	174.982	2514.04	17.8125	0.683735
2019-10-14.14:34:12	175.68	2512.37	15.0245	0.763002
2019-10-14.14:34:13	176.32	2511	12.2314	0.699271
2019-10-14.14:34:14	176.977	2509.77	10.0286	0.733544
2019-10-14.14:34:15	177.557	2508.79	8.53792	0.75941
2019-10-14.14:34:16	178.077	2507.9	7.08674	0.810406
2019-10-14.14:34:17	178.583	2507.19	5.75894	0.759859
2019-10-14.14:34:18	179.077	2506.49	4.85405	0.780099
2019-10-14.14:34:19	179.509	2505.91	4.10564	0.844039
2019-10-14.14:34:20	179.911	2505.46	3.34006	0.790235
2019-10-14.14:34:21	180.318	2504.96	2.76199	0.777826
2019-10-14.14:34:22	180.698	2504.48	2.35717	0.797066
2019-10-14.14:34:23	181.037	2504.11	1.93887	0.84203
2019-10-14.14:34:24	181.342	2503.91	1.57304	0.832609
2019-10-14.14:34:25	181.645	2503.66	1.32707	0.8027
2019-10-14.14:34:26	181.94	2503.36	1.10916	0.79287
2019-10-14.14:34:27	182.223	2503.07	0.892493	0.800465
2019-10-14.14:34:28	182.482	2502.84	0.736058	0.825429
2019-10-14.14:34:29	182.71	2502.72	0.61619	0.865432
2019-10-14.14:34:30	182.911	2502.72	0.491481	0.838058
2019-10-14.14:34:31	183.118	2502.63	0.38942	0.80693
2019-10-14.14:34:32	183.329	2502.46	0.323625	0.786762
2019-10-14.14:34:33	183.538	2502.26	0.25692	0.779122
2019-10-14.14:34:34	183.735	2502.06	0.193504	0.784996
2019-10-14.14:34:35	183.914	2501.91	0.152109	0.802396
2019-10-14.14:34:36	184.072	2501.84	0.116413	0.829873
2019-10-14.14:34:37	184.204	2501.87	0.0790122	0.867073
2019-10-14.14:34:38	184.317	2502	0.0499323	0.835319
2019-10-14.14:34:39	184.444	2502.02	0.027417	0.798708
2019-10-14.14:34:40	184.582	2501.93	0.0095027	0.769191
2019-10-14.14:34:41	184.727	2501.77	-0.0072479	0.7482
2019-10-14.14:34:42	184.872	2501.57	-0.020982	0.736071
2019-10-14.14:34:43	185.014	2501.34	-0.0314527	0.732654
2019-10-14.14:34:44	185.148	2501.12	-0.0409695	0.737731
2019-10-14.14:34:45	185.269	2500.93	-0.0492328	0.750812
2019-10-14.14:34:46	185.375	2500.81	-0.0554913	0.771017
2019-10-14.14:34:47	185.463	2500.76	-0.0609028	0.797353
2019-10-14.14:34:48	185.53	2500.81	-0.065808	0.828725
2019-10-14.14:34:49	185.576	2500.96	-0.0696249	0.863836
2019-10-14.14:34:50	185.605	2501.22	-0.0742706	0.843165
2019-10-14.14:34:51	185.653	2501.37	-0.0806736	0.799906
2019-10-14.14:34:52	185.72	2501.38	-0.0805425	0.759028
2019-10-14.14:34:53	185.805	2501.28	-0.0813985	0.72225
2019-10-14.14:34:54	185.904	2501.06	-0.0852168	0.691054
2019-10-14.14:34:55	186.012	2500.76	-0.0859852	0.665991
2019-10-14.14:34:56	186.127	2500.39	-0.0858032	0.647414
2019-10-14.14:34:57	186.243	2499.98	-0.0876773	0.63589
2019-10-14.14:34:58	186.358	2499.54	-0.0886168	0.631465
2019-10-14.14:34:59	186.467	2499.11	-0.0883329	0.633794
2019-10-14.14:35:00	186.567	2498.69	-0.0890704	0.642595
2019-10-14.14:35:01	186.655	2498.32	-0.0898272	0.65734
2019-10-14.14:35:02	186.729	2498.01	-0.0897015	0.67718
2019-10-14.14:35:03	186.787	2497.77	-0.0899158	0.701257
2019-10-14.14:35:04	186.828	2497.62	-0.0904233	0.728651
2019-10-14.14:35:05	186.852	2497.56	-0.0904565	0.758275
2019-10-14.14:35:06	186.858	2497.6	-0.090503	0.789055
2019-10-14.14:35:07	186.847	2497.74	-0.0908215	0.819972
2019-10-14.14:35:08	186.82	2497.98	-0.0909518	0.850002
2019-10-14.14:35:09	186.779	2498.32	-0.0909901	0.878191
2019-10-14.14:35:10	186.725	2498.74	-0.0911983	0.903719
2019-10-14.14:35:11	186.662	2499.23	-0.091541	0.908427
2019-10-14.14:35:12	186.615	2499.67	-0.0949353	0.856305
2019-10-14.14:35:13	186.596	2499.94	-0.0945415	0.806416
2019-10-14.14:35:14	186.606	2500.06	-0.0927622	0.755612
2019-10-14.14:35:15	186.642	2500	-0.0942304	0.705908
2019-10-14.14:35:16	186.703	2499.8	-0.0946956	0.658875
2019-10-14.14:35:17	186.784	2499.44	-0.0934368	0.615676
2019-10-14.14:35:18	186.884	2498.96	-0.0937329	0.577682
2019-10-14.14:35:19	186.996	2498.37	-0.0942336	0.545979
2019-10-14.14:35:20	187.118	2497.69	-0.0935094	0.521171
2019-10-14.14:35:21	187.245	2496.94	-0.0932927	0.503769
2019-10-14.14:35:22	187.372	2496.16	-0.0935745	0.494084
2019-10-14.14:35:23	187.495	2495.35	-0.0932101	0.492016
2019-10-14.14:35:24	187.611	2494.56	-0.0928741	0.497265
2019-10-14.14:35:25	187.716	2493.8	-0.0929602	0.509382
2019-10-14.14:35:26	187.803	2493.09	-0.0938595	0.314096
2019-10-14.14:35:27	188.45	2489.58	-0.184142	-1.39332
2019-10-14.14:35:28	189.145	2484.56	-0.0422821	-0.455133
2019-10-14.14:35:29	190.053	2478.94	-0.107968	-1.35617
2019-10-14.14:35:30	190.681	2473.77	-0.094274	-0.888456
2019-10-14.14:35:31	191.611	2467.46	-0.123844	-0.980697
2019-10-14.14:35:32	192.124	2462.69	-0.0516697	-1.39681
2019-10-14.14:35:33	192.977	2456.08	-0.127219	-0.452094
2019-10-14.14:35:34	193.52	2451.19	-0.105061	-1.93164
2019-10-14.14:35:35	194.058	2445.49	-0.0576907	-0.831528
2019-10-14.14:35:36	194.808	2439.17	-0.122477	-0.291057
2019-10-14.14:35:37	195.327	2433.97	-0.12987	-1.70483
2019-10-14.14:35:38	195.663	2428.93	-0.0912592	-2.86368
2019-10-14.14:35:39	195.99	2423.6	-0.0697138	-3.26294
2019-10-14.14:35:40	196.237	2418.27	-0.0450913	-4.18206
2019-10-14.14:35:41	196.15	2413.11	-0.0243962	-6.69901
2019-10-14.14:35:42	195.507	2407.86	-0.0448932	-10.608
2019-10-14.14:35:43	194.036	2403.1	0.0315919	-11.7335
2019-10-14.14:35:44	192.373	2398.66	0.0623404	-11.6912
2019-10-14.14:35:45	190.748	2394.27	0.0704063	-11.612
2019-10-14.14:35:46	189.203	2389.85	0.138736	-11.7008
2019-10-14.14:35:47	187.743	2385.38	0.20427	-11.9405
2019-10-14.14:35:48	186.372	2380.85	0.244359	-12.2356
2019-10-14.14:35:49	185.087	2376.24	0.304787	-12.4637
2019-10-14.14:35:50	183.884	2371.52	0.377373	-12.4807
2019-10-14.14:35:51	182.775	2366.65	0.433613	-12.1542
2019-10-14.14:35:52	181.767	2361.61	0.483889	-11.3643
2019-10-14.14:35:53	180.862	2356.36	0.532168	-10.0192
2019-10-14.14:35:54	180.059	2350.87	0.562309	-8.092
2019-10-14.14:35:55	179.357	2345.12	0.570455	-5.64306
[State]	Cruise
2019-10-14.14:35:56	178.745	2339.09	0.560301	-2.81921
2019-10-14.14:35:57	178.196	2332.79	0.528424	0.305479
2019-10-14.14:35:58	177.697	2326.29	0.471396	3.61556
2019-10-14.14:35:59	177.286	2319.69	0.395869	6.83857
2019-10-14.14:36:00	177.038	2313.14	0.312783	9.42904
2019-10-14.14:36:01	176.98	2306.8	0.229767	10.7221
2019-10-14.14:36:02	177.014	2300.79	0.157008	10.2589
2019-10-14.14:36:03	177.036	2295.19	0.106601	7.81065
2019-10-14.14:36:04	176.953	2290	0.0889437	3.65132
2019-10-14.14:36:05	176.651	2285.18	0.109655	-1.30971
2019-10-14.14:36:06	176.082	2280.56	0.169884	-6.06961
2019-10-14.14:36:07	175.409	2275.91	0.263083	-9.74401
2019-10-14.14:36:08	174.798	2271.01	0.370458	-11.6872
2019-10-14.14:36:09	174.292	2265.7	0.469738	-11.7106
2019-10-14.14:36:10	173.929	2259.92	0.538912	-9.93906
2019-10-14.14:36:11	173.698	2253.65	0.565769	-6.70703
2019-10-14.14:36:12	173.565	2246.93	0.550472	-2.57382
2019-10-14.14:36:13	173.413	2240.09	0.49754	1.9206
2019-10-14.14:36:14	173.233	2233.52	0.407607	6.33191
2019-10-14.14:36:15	173.149	2227.55	0.298595	9.7629
[State]	Descent
2019-10-14.14:36:16	173.21	2222.44	0.194457	11.1174
2019-10-14.14:36:17	173.252	2218.36	0.114336	9.65718
2019-10-14.14:36:18	173.12	2215.35	0.075778	5.33844
2019-10-14.14:36:19	172.623	2213.3	0.0951985	-0.52603
2019-10-14.14:36:20	171.689	2211.89	0.17892	-6.06641
2019-10-14.14:36:21	170.622	2210.65	0.307711	-9.58753
2019-10-14.14:36:22	169.665	2209.11	0.43832	-10.1114
2019-10-14.14:36:23	168.899	2207.03	0.524667	-7.6181
2019-10-14.14:36:24	168.333	2204.32	0.53693	-2.757
2019-10-14.14:36:25	167.876	2201.06	0.471733	3.0649
2019-10-14.14:36:26	167.526	2197.68	0.346568	8.54261
2019-10-14.14:36:27	167.491	2194.83	0.203406	11.5073
2019-10-14.14:36:28	167.593	2193.08	0.0878398	10.0384
2019-10-14.14:36:29	167.457	2192.61	0.0478149	4.01439
2019-10-14.14:36:30	166.708	2193.14	0.111487	-3.37428
2019-10-14.14:36:31	165.594	2193.83	0.262583	-8.38353
2019-10-14.14:36:32	164.65	2193.8	0.422	-8.74249
2019-10-14.14:36:33	164.038	2192.63	0.499186	-4.63456
2019-10-14.14:36:34	163.691	2190.35	0.458585	2.03095
2019-10-14.14:36:35	163.501	2187.57	0.323261	8.42266
2019-10-14.14:36:36	163.695	2185.39	0.15716	11.4123
2019-10-14.14:36:37	163.973	2184.67	0.0379416	8.36579
2019-10-14.14:36:38	163.772	2185.49	0.0354247	0.636014
2019-10-14.14:36:39	162.862	2187.01	0.162498	-6.22492
2019-10-14.14:36:40	161.969	2187.9	0.336766	-7.8926
2019-10-14.14:36:41	161.485	2187.37	0.430117	-3.98843
2019-10-14.14:36:42	161.335	2185.48	0.388121	2.80672
2019-10-14.14:36:43	161.407	2183.11	0.243239	8.88116
2019-10-14.14:36:44	161.865	2181.6	0.0789316	10.4579
2019-10-14.14:36:45	162.211	2181.77	-0.0113657	5.44685
2019-10-14.14:36:46	161.851	2183.34	0.0368934	-2.37733
2019-10-14.14:36:47	161.039	2184.99	0.19787	-6.92428
2019-10-14.14:36:48	160.509	2185.41	0.340265	-5.31583
2019-10-14.14:36:49	160.405	2184.23	0.356413	0.629518
2019-10-14.14:36:50	160.529	2182.13	0.247123	7.07606
2019-10-14.14:36:51	161.01	2180.47	0.0852592	10.104
2019-10-14.14:36:52	161.538	2180.4	-0.0289494	6.65864
2019-10-14.14:36:53	161.449	2181.9	-0.0128585	-0.843011
2019-10-14.14:36:54	160.77	2183.75	0.131029	-6.11024
2019-10-14.14:36:55	160.269	2184.52	0.28389	-5.37249
2019-10-14.14:36:56	160.204	2183.65	0.321784	0.0751605
2019-10-14.14:36:57	160.376	2181.75	0.230303	6.43353
2019-10-14.14:36:58	160.878	2180.14	0.0753349	9.76886
2019-10-14.14:36:59	161.467	2180.03	-0.0421279	6.81926
2019-10-14.14:37:00	161.468	2181.51	-0.0351171	-0.420055
2019-10-14.14:37:01	160.855	2183.41	0.101583	-5.78191
2019-10-14.14:37:02	160.378	2184.29	0.256268	-5.32161
2019-10-14.14:37:03	160.327	2183.55	0.302731	-0.105251
2019-10-14.14:37:04	160.511	2181.74	0.220578	6.16452
2019-10-14.14:37:05	161.006	2180.14	0.0708133	9.63487
2019-10-14.14:37:06	161.846	2179.58	-0.0803975	5.0147
2019-10-14.14:37:07	162.835	2176.88	-0.159269	-2.24075
2019-10-14.14:37:08	163.432	2172.93	0.0713951	-7.68233
2019-10-14.14:37:09	164.034	2167.7	0.275965	-8.61197
2019-10-14.14:37:10	164.834	2161.14	0.281092	-5.65051
2019-10-14.14:37:11	165.696	2153.56	0.27723	-0.630059
2019-10-14.14:37:12	166.521	2145.43	0.269527	4.67357
2019-10-14.14:37:13	167.429	2137.39	0.167463	8.57092
2019-10-14.14:37:14	168.473	2130.04	0.0286677	9.28155
2019-10-14.14:37:15	169.374	2123.75	-0.0371898	5.74123
2019-10-14.14:37:16	169.87	2118.42	-0.0124137	-0.608326
2019-10-14.14:37:17	169.81	2113.61	0.0618136	-6.83672
2019-10-14.14:37:18	169.56	2108.69	0.186822	-10.7385
2019-10-14.14:37:19	169.416	2103.2	0.342781	-11.3872
2019-10-14.14:37:20	169.449	2096.97	0.449994	-9.10165
2019-10-14.14:37:21	169.644	2090.04	0.472934	-4.75817
2019-10-14.14:37:22	169.915	2082.52	0.436021	0.325341
2019-10-14.14:37:23	170.204	2074.75	0.354082	5.3014
2019-10-14.14:37:24	170.653	2067.14	0.243262	8.99418
2019-10-14.14:37:25	171.305	2060.08	0.132906	10.096
2019-10-14.14:37:26	171.935	2053.77	0.0548134	7.95535
2019-10-14.14:37:27	172.362	2048.2	0.0291944	3.01199
2019-10-14.14:37:28	172.394	2043.21	0.0617296	-2.92741
2019-10-14.14:37:29	172.067	2038.44	0.150729	-8.07302
2019-10-14.14:37:30	171.686	2033.47	0.276462	-11.11
2019-10-14.14:37:31	171.412	2028.03	0.399524	-11.5755
2019-10-14.14:37:32	171.29	2021.99	0.485003	-9.6996
2019-10-14.14:37:33	171.31	2015.37	0.517636	-6.04247
2019-10-14.14:37:34	171.427	2008.23	0.497112	-1.53784
2019-10-14.14:37:35	171.557	2000.74	0.42896	3.13029
2019-10-14.14:37:36	171.763	1993.22	0.329599	7.31018
2019-10-14.14:37:37	172.171	1985.99	0.223198	9.85404
2019-10-14.14:37:38	172.705	1979.29	0.1292	9.89652
2019-10-14.14:37:39	173.177	1973.24	0.0666772	7.11407
2019-10-14.14:37:40	173.447	1967.81	0.051233	2.15038
2019-10-14.14:37:41	173.357	1962.84	0.0890325	-3.41357
2019-10-14.14:37:42	172.974	1958.01	0.17553	-8.18297
2019-10-14.14:37:43	172.554	1953.01	0.290671	-11.0843
2019-10-14.14:37:44	172.233	1947.58	0.405161	-11.7168
2019-10-14.14:37:45	172.047	1941.63	0.490858	-10.2295
2019-10-14.14:37:46	171.998	1935.15	0.529846	-7.04624
2019-10-14.14:37:47	172.054	1928.18	0.520171	-2.90103
2019-10-14.14:37:48	172.137	1920.82	0.466934	1.52141
2019-10-14.14:37:49	172.255	1913.33	0.379462	5.78184
2019-10-14.14:37:50	172.522	1905.97	0.277508	9.0028
2019-10-14.14:37:51	172.974	1899.02	0.179264	10.2266
2019-10-14.14:37:52	173.449	1892.62	0.101977	8.92583
2019-10-14.14:37:53	173.811	1886.82	0.0612365	5.16923
2019-10-14.14:37:54	173.924	1881.54	0.0673089	-0.0331199
2019-10-14.14:37:55	173.687	1876.57	0.121438	-5.23947
2019-10-14.14:37:56	173.263	1871.64	0.215915	-9.33243
2019-10-14.14:37:57	172.866	1866.46	0.328892	-11.5143
2019-10-14.14:37:58	172.566	1860.85	0.434025	-11.5985
2019-10-14.14:37:59	172.402	1854.75	0.506966	-9.79218
2019-10-14.14:38:00	172.361	1848.16	0.535796	-6.516
2019-10-14.14:38:01	172.411	1841.12	0.520599	-2.4701
2019-10-14.14:38:02	172.48	1833.74	0.465341	1.79639
2019-10-14.14:38:03	172.585	1826.25	0.379326	5.88174
2019-10-14.14:38:04	172.836	1818.89	0.280619	8.97545
2019-10-14.14:38:05	173.262	1811.91	0.185557	10.2028
2019-10-14.14:38:06	173.716	1805.44	0.109467	9.08222
2019-10-14.14:38:07	174.075	1799.53	0.0666866	5.62738
2019-10-14.14:38:08	174.213	1794.13	0.0674813	0.698934
2019-10-14.14:38:09	173.974	1789.27	0.120265	-4.23344
2019-10-14.14:38:10	173.435	1784.94	0.209999	-8.29548
2019-10-14.14:38:11	172.796	1780.97	0.314424	-10.6866
2019-10-14.14:38:12	172.167	1777.13	0.42161	-11.0566
2019-10-14.14:38:13	171.6	1773.27	0.506426	-9.43138
2019-10-14.14:38:14	171.12	1769.3	0.542637	-6.07327
2019-10-14.14:38:15	170.714	1765.17	0.526808	-1.61095
2019-10-14.14:38:16	170.315	1760.93	0.463647	3.24755
[State]	Landing
2019-10-14.14:38:17	169.966	1756.83	0.361204	7.86961
2019-10-14.14:38:18	169.827	1753.22	0.242301	10.8979
2019-10-14.14:38:19	169.853	1750.43	0.134234	11.0268
2019-10-14.14:38:20	169.8	1748.68	0.0672483	7.57939
2019-10-14.14:38:21	169.443	1747.92	0.0666203	1.52074
2019-10-14.14:38:22	168.582	1747.84	0.141651	-4.68657
2019-10-14.14:38:23	167.518	1747.87	0.276355	-8.76043
2019-10-14.14:38:24	166.588	1747.41	0.417414	-9.30432
2019-10-14.14:38:25	165.905	1746.16	0.502639	-6.3442
2019-10-14.14:38:26	165.459	1744.07	0.498906	-0.881552
2019-10-14.14:38:27	165.122	1741.36	0.410966	5.2369
2019-10-14.14:38:28	164.988	1738.67	0.270324	10.1098
2019-10-14.14:38:29	165.176	1736.79	0.128467	11.2949
2019-10-14.14:38:30	165.308	1736.19	0.0409272	7.32691
2019-10-14.14:38:31	164.973	1736.83	0.054736	-0.0194896
2019-10-14.14:38:32	164.028	1738.05	0.177362	-6.46692
2019-10-14.14:38:33	163.085	1738.8	0.344469	-8.58349
2019-10-14.14:38:34	162.469	1738.41	0.453651	-5.73846
2019-10-14.14:38:35	162.192	1736.79	0.445623	0.412403
2019-10-14.14:38:36	162.084	1734.44	0.332627	6.89776
2019-10-14.14:38:37	162.299	1732.38	0.171696	10.7519
2019-10-14.14:38:38	162.711	1731.61	0.0394217	9.13428
2019-10-14.14:38:39	162.769	1732.36	0.0080368	2.32417
2019-10-14.14:38:40	162.111	1734	0.10367	-4.7388
2019-10-14.14:38:41	161.308	1735.29	0.269181	-7.48745
2019-10-14.14:38:42	160.855	1735.29	0.383072	-4.74706
2019-10-14.14:38:43	160.761	1733.9	0.374144	1.36621
2019-10-14.14:38:44	160.86	1731.8	0.257196	7.50743
2019-10-14.14:38:45	161.302	1730.2	0.100067	10.2916
2019-10-14.14:38:46	161.794	1730.04	-0.0117751	7.11345
2019-10-14.14:38:47	161.754	1731.36	-0.0062507	-0.118927
2019-10-14.14:38:48	161.097	1733.17	0.121523	-5.86833
2019-10-14.14:38:49	160.518	1734.17	0.278547	-6.30905
2019-10-14.14:38:50	160.35	1733.69	0.345663	-1.84064
2019-10-14.14:38:51	160.435	1732.01	0.289297	4.45179
2019-10-14.14:38:52	160.766	1730.16	0.149509	9.23546
2019-10-14.14:38:53	161.371	1729.35	0.009391	9.0721
2019-10-14.14:38:54	161.7	1730.12	-0.045342	3.26326
2019-10-14.14:38:55	161.316	1731.92	0.0294237	-3.60813
2019-10-14.14:38:56	160.688	1733.47	0.187955	-6.5671
2019-10-14.14:38:57	160.379	1733.73	0.306094	-4.03352
2019-10-14.14:38:58	160.412	1732.55	0.305906	1.78571
2019-10-14.14:38:59	160.64	1730.7	0.198217	7.54125
2019-10-14.14:39:00	161.184	1729.39	0.0514796	9.76635
2019-10-14.14:39:01	161.71	1729.52	-0.0471263	6.12388
2019-10-14.14:39:02	161.644	1731.03	-0.0277788	-0.902984
2019-10-14.14:39:03	161.042	1732.86	0.107072	-5.94764
2019-10-14.14:39:04	160.566	1733.75	0.2579	-5.6619
2019-10-14.14:39:05	160.483	1733.17	0.313297	-0.882876
2019-10-14.14:39:06	160.617	1731.5	0.249467	5.23583
2019-10-14.14:39:07	161.008	1729.82	0.111254	9.43401
2019-10-14.14:39:08	161.611	1729.26	-0.0182348	8.46898
2019-10-14.14:39:09	161.865	1730.23	-0.0559979	2.30688
2019-10-14.14:39:10	161.416	1732.08	0.0330269	-4.22408
2019-10-14.14:39:11	160.807	1733.52	0.193674	-6.51404
2019-10-14.14:39:12	160.541	1733.63	0.302867	-3.51083
2019-10-14.14:39:13	160.583	1732.37	0.293175	2.39785
2019-10-14.14:39:14	160.818	1730.53	0.180954	7.95736
2019-10-14.14:39:15	161.368	1729.32	0.0368271	9.73451
2019-10-14.14:39:16	161.85	1729.58	-0.0535391	5.67355
2019-10-14.14:39:17	161.714	1731.15	-0.0244528	-1.38058
2019-10-14.14:39:18	161.085	1732.95	0.116114	-6.15141
2019-10-14.14:39:19	160.614	1733.76	0.265041	-5.5486
2019-10-14.14:39:20	160.532	1733.1	0.314714	-0.600146
2019-10-14.14:39:21	160.659	1731.4	0.245909	5.52226
2019-10-14.14:39:22	161.052	1729.73	0.106082	9.56818
2019-10-14.14:39:23	161.642	1729.23	-0.0213409	8.35358
2019-10-14.14:39:24	161.863	1730.26	-0.0542958	2.04458
2019-10-14.14:39:25	161.384	1732.12	0.0396888	-4.42845
2019-10-14.14:39:26	160.771	1733.53	0.201384	-6.52373
2019-10-14.14:39:27	160.513	1733.58	0.307059	-3.34981
2019-10-14.14:39:28	160.558	1732.27	0.292685	2.61953
2019-10-14.14:39:29	160.801	1730.43	0.177188	8.12119
2019-10-14.14:39:30	161.358	1729.26	0.0329879	9.70503
2019-10-14.14:39:31	161.826	1729.58	-0.0539831	5.43208
2019-10-14.14:39:32	161.661	1731.19	-0.0198402	-1.63874
2019-10-14.14:39:33	161.027	1732.98	0.123714	-6.23344
