DateTime	AltitudeTape:altitude	AirspeedTape:airspeed	HeadingIndicator:heading	AttitudeIndicator:roll
[State]	Standing
2019-10-14.11:17:45	0.474726	1654.61	-0.0010306	0.0033878
[State]	Taxiing
2019-10-14.11:17:46	0.204895	1654.64	-0.0041994	0.0965602
2019-10-14.11:17:47	0.0715001	1654.77	-0.0294292	0.294305
2019-10-14.11:17:48	0.240449	1654.79	-0.0468263	-0.198354
2019-10-14.11:17:49	2.53354	1654.79	-0.147671	0.0152544
2019-10-14.11:17:50	6.14408	1654.79	-0.181359	0.193909
2019-10-14.11:17:51	10.04	1654.79	-0.20184	0.2647
2019-10-14.11:17:52	13.94	1654.79	-0.301465	0.313881
2019-10-14.11:17:53	17.7513	1654.79	-0.574894	0.395674
2019-10-14.11:17:54	21.5089	1654.79	-0.946949	0.510722
2019-10-14.11:17:55	25.2011	1654.79	-1.31394	0.592143
2019-10-14.11:17:56	28.818	1654.8	-1.59442	0.626702
2019-10-14.11:17:57	32.3635	1654.8	-1.76279	0.639021
2019-10-14.11:17:58	35.7893	1654.8	-1.92943	0.680723
2019-10-14.11:17:59	39.0831	1654.81	-2.06132	0.719349
2019-10-14.11:18:00	42.2584	1654.81	-2.13987	0.754411
2019-10-14.11:18:01	45.3409	1654.81	-2.16891	0.795504
2019-10-14.11:18:02	48.3614	1654.82	-2.1508	0.845228
2019-10-14.11:18:03	51.3487	1654.82	-2.07266	0.907794
2019-10-14.11:18:04	54.3243	1654.82	-1.95848	0.969958
2019-10-14.11:18:05	57.3029	1654.83	-1.8184	1.0315
2019-10-14.11:18:06	60.2949	1654.83	-1.65821	1.09361
2019-10-14.11:18:07	63.3078	1654.84	-1.48135	1.15697
2019-10-14.11:18:08	66.347	1654.84	-1.29005	1.22172
2019-10-14.11:18:09	69.4166	1654.85	-1.086	1.28776
2019-10-14.11:18:10	72.5195	1654.86	-0.870653	1.35491
2019-10-14.11:18:11	75.6575	1654.86	-0.645336	1.42293
2019-10-14.11:18:12	78.831	1654.87	-0.411386	1.49155
[State]	TakeOff
2019-10-14.11:18:13	82.0421	1654.88	-0.193906	1.55761
2019-10-14.11:18:14	85.329	1654.89	-0.130812	1.62151
2019-10-14.11:18:15	88.6701	1654.92	-0.0142092	3.26451
2019-10-14.11:18:16	91.2548	1655.95	0.306865	12.3493
2019-10-14.11:18:17	90.8156	1663.36	6.06995	11.7071
2019-10-14.11:18:18	89.9281	1671.26	12.2997	11.6002
2019-10-14.11:18:19	89.1245	1677.45	19.2568	12.2413
2019-10-14.11:18:20	88.2903	1682.52	27.1709	12.8726
2019-10-14.11:18:21	87.6627	1686.26	30.4622	12.9873
2019-10-14.11:18:22	87.1814	1689.22	30.3809	12.1495
2019-10-14.11:18:23	86.9003	1691.8	30.3747	11.5331
2019-10-14.11:18:24	86.707	1694.16	30.3617	11.4915
2019-10-14.11:18:25	86.5275	1696.41	30.3495	11.8919
2019-10-14.11:18:26	86.321	1698.6	30.3449	12.3323
2019-10-14.11:18:27	86.101	1700.72	30.348	12.5158
2019-10-14.11:18:28	85.9016	1702.75	30.3531	12.4151
2019-10-14.11:18:29	85.7448	1704.71	30.3552	12.1985
2019-10-14.11:18:30	85.6292	1706.56	30.3531	12.0566
2019-10-14.11:18:31	85.5352	1708.33	30.3487	12.0665
2019-10-14.11:18:32	85.3722	1710.23	24.9568	12.2572
2019-10-14.11:18:33	84.7652	1713.58	18.4736	13.0285
2019-10-14.11:18:34	83.681	1719.04	11.8907	12.7529
2019-10-14.11:18:35	82.5243	1725.12	4.91819	13.0212
2019-10-14.11:18:36	81.3404	1731.18	-2.58431	13.4762
2019-10-14.11:18:37	80.3587	1736.81	-0.0319403	13.006
2019-10-14.11:18:38	79.9394	1741.42	3.44698	11.992
2019-10-14.11:18:39	79.8852	1744.52	5.31669	12.3342
2019-10-14.11:18:40	79.7638	1747.15	3.94804	12.562
2019-10-14.11:18:41	79.6854	1749.97	0.146903	12.3194
2019-10-14.11:18:42	79.6569	1752.99	-3.30757	12.6099
2019-10-14.11:18:43	79.4124	1756.21	-3.65299	13.0064
[State]	Climb
2019-10-14.11:18:44	79.163	1759.58	-0.562316	12.6677
2019-10-14.11:18:45	79.1205	1762.76	3.64244	12.3628
2019-10-14.11:18:46	79.1094	1765.35	5.63162	12.5431
2019-10-14.11:18:47	79.1069	1767.52	3.72751	12.591
2019-10-14.11:18:48	79.1642	1769.9	-0.757445	12.3578
2019-10-14.11:18:49	79.1949	1772.6	-4.40955	12.9101
2019-10-14.11:18:50	78.9139	1775.64	-4.2273	13.4142
2019-10-14.11:18:51	78.6134	1778.99	-0.249047	12.9974
2019-10-14.11:18:52	78.5017	1782.2	4.44207	12.8156
2019-10-14.11:18:53	78.4068	1784.76	6.49697	13.0635
2019-10-14.11:18:54	78.4343	1786.75	3.88731	12.607
2019-10-14.11:18:55	78.652	1788.71	-1.51284	12.2518
2019-10-14.11:18:56	78.8206	1790.93	-5.53315	12.975
2019-10-14.11:18:57	78.6347	1793.49	-4.8562	13.4731
2019-10-14.11:18:58	78.4387	1796.45	-0.101089	12.8874
2019-10-14.11:18:59	78.4078	1799.35	4.27725	12.8161
2019-10-14.11:19:00	78.3318	1801.7	8.02868	13.3031
2019-10-14.11:19:01	78.3336	1803.5	4.7415	12.8454
2019-10-14.11:19:02	78.5501	1805.37	-1.62496	12.2609
2019-10-14.11:19:03	78.7144	1807.5	-6.41897	13.1992
2019-10-14.11:19:04	78.4724	1809.99	-5.72441	13.7922
2019-10-14.11:19:05	78.2328	1812.89	-0.641745	12.9578
2019-10-14.11:19:06	78.2344	1815.71	3.48615	12.7412
2019-10-14.11:19:07	78.1849	1817.94	7.18949	13.1856
2019-10-14.11:19:08	78.243	1819.47	6.59698	13.34
2019-10-14.11:19:09	78.3711	1821.19	-0.092246	12.5385
2019-10-14.11:19:10	78.4757	1823.44	-6.42905	13.501
2019-10-14.11:19:11	78.0624	1826.17	-6.80518	14.6301
2019-10-14.11:19:12	77.54	1829.43	-1.8736	13.7706
2019-10-14.11:19:13	77.377	1832.64	2.24256	13.1507
2019-10-14.11:19:14	77.257	1835.13	5.57047	13.3747
2019-10-14.11:19:15	77.3383	1836.68	9.77078	13.4649
2019-10-14.11:19:16	77.6017	1837.68	2.95675	12.8786
2019-10-14.11:19:17	77.9468	1839.28	-3.77426	12.9503
2019-10-14.11:19:18	77.7954	1841.45	-7.67967	14.7284
2019-10-14.11:19:19	77.2343	1844.32	-4.1465	14.5283
2019-10-14.11:19:20	76.9946	1847.5	0.594073	13.1468
2019-10-14.11:19:21	77.0044	1849.99	3.87594	13.0513
2019-10-14.11:19:22	77.1317	1851.5	7.47445	13.1565
2019-10-14.11:19:23	77.4837	1852.16	7.84692	13.5654
2019-10-14.11:19:24	77.779	1853.31	0.309822	12.8297
2019-10-14.11:19:25	77.8035	1855.42	-5.76648	14.2514
2019-10-14.11:19:26	77.209	1858.32	-7.32304	15.3623
2019-10-14.11:19:27	76.68	1861.6	-2.08972	13.6909
2019-10-14.11:19:28	76.7585	1864.31	1.79392	12.6816
2019-10-14.11:19:29	77.0065	1865.91	4.95403	12.6082
2019-10-14.11:19:30	77.4002	1866.52	9.13752	13.3405
2019-10-14.11:19:31	77.7238	1867.08	4.94104	13.3109
2019-10-14.11:19:32	77.9415	1868.73	-1.88094	13.328
2019-10-14.11:19:33	77.5816	1871.43	-7.87374	15.0021
2019-10-14.11:19:34	76.9082	1874.63	-5.53628	14.8537
2019-10-14.11:19:35	76.6256	1877.78	-0.442632	13.1639
2019-10-14.11:19:36	76.8069	1880.06	2.95328	12.6065
2019-10-14.11:19:37	77.1265	1881.21	6.30613	12.7442
2019-10-14.11:19:38	77.5434	1881.61	9.73663	13.6217
2019-10-14.11:19:39	77.817	1882.48	2.1934	12.9936
2019-10-14.11:19:40	77.8971	1884.52	-4.08565	13.9826
2019-10-14.11:19:41	77.3507	1887.47	-7.97828	15.2924
2019-10-14.11:19:42	76.736	1890.71	-3.42583	14.1795
2019-10-14.11:19:43	76.7002	1893.6	0.925122	12.7951
2019-10-14.11:19:44	76.9256	1895.45	4.0866	12.5894
2019-10-14.11:19:45	77.3032	1896.23	7.85835	13.0505
2019-10-14.11:19:46	77.6854	1896.61	7.04334	13.549
2019-10-14.11:19:47	77.9431	1897.92	-0.252694	13.0336
2019-10-14.11:19:48	77.7728	1900.34	-6.25536	14.6301
2019-10-14.11:19:49	77.1253	1903.45	-7.00328	15.1629
2019-10-14.11:19:50	76.6762	1906.65	-1.58238	13.512
2019-10-14.11:19:51	76.804	1909.2	2.13318	12.6235
2019-10-14.11:19:52	77.0797	1910.63	5.31946	12.6041
2019-10-14.11:19:53	77.4931	1911.13	9.68308	13.3974
2019-10-14.11:19:54	77.8106	1911.72	4.09852	13.162
2019-10-14.11:19:55	78.0077	1913.46	-2.54308	13.4683
2019-10-14.11:19:56	77.5884	1916.22	-8.48356	15.0773
2019-10-14.11:19:57	76.928	1919.41	-4.91493	14.635
2019-10-14.11:19:58	76.7292	1922.47	-0.0201084	12.9984
2019-10-14.11:19:59	76.9258	1924.61	3.28679	12.57
2019-10-14.11:20:00	77.2632	1925.63	6.74775	12.7889
2019-10-14.11:20:01	77.6769	1925.99	9.02984	13.6138
2019-10-14.11:20:02	77.9434	1926.98	1.40977	12.9262
2019-10-14.11:20:03	77.9589	1929.12	-4.75592	14.1621
2019-10-14.11:20:04	77.3735	1932.12	-7.6132	15.2637
2019-10-14.11:20:05	76.8014	1935.34	-2.82067	13.9216
2019-10-14.11:20:06	76.8282	1938.12	1.32272	12.6865
2019-10-14.11:20:07	77.0681	1939.83	4.4756	12.5542
2019-10-14.11:20:08	77.4593	1940.5	8.42614	13.1311
2019-10-14.11:20:09	77.8209	1940.92	6.04288	13.4002
2019-10-14.11:20:10	78.0708	1942.36	-1.03806	13.0988
2019-10-14.11:20:11	77.8118	1944.89	-7.01744	14.7664
2019-10-14.11:20:12	77.1515	1948.02	-6.36177	14.9842
2019-10-14.11:20:13	76.7804	1951.19	-1.02988	13.2817
2019-10-14.11:20:14	76.9423	1953.59	2.53409	12.561
2019-10-14.11:20:15	77.2379	1954.87	5.79705	12.6107
2019-10-14.11:20:16	77.6563	1955.3	10.1179	13.468
2019-10-14.11:20:17	77.9509	1956.01	3.11946	13.0057
2019-10-14.11:20:18	78.0991	1957.88	-3.32998	13.6622
2019-10-14.11:20:19	77.6131	1960.73	-8.49443	15.1521
2019-10-14.11:20:20	76.9706	1963.92	-4.15119	14.3504
2019-10-14.11:20:21	76.8608	1966.89	0.478662	12.8259
2019-10-14.11:20:22	77.0722	1968.87	3.71191	12.5289
2019-10-14.11:20:23	77.4301	1969.75	7.33392	12.8688
2019-10-14.11:20:24	77.8287	1970.1	7.97603	13.5543
2019-10-14.11:20:25	78.0886	1971.25	0.480244	12.9045
2019-10-14.11:20:26	78.0093	1973.53	-5.58235	14.3735
2019-10-14.11:20:27	77.3856	1976.57	-7.37268	15.1745
2019-10-14.11:20:28	76.8773	1979.78	-2.12543	13.6289
2019-10-14.11:20:29	76.9668	1982.42	1.7872	12.5865
2019-10-14.11:20:30	77.2255	1983.96	4.96011	12.5236
2019-10-14.11:20:31	77.6294	1984.52	9.14644	13.2348
2019-10-14.11:20:32	77.9642	1985.02	4.88549	13.2059
2019-10-14.11:20:33	78.1901	1986.62	-1.93684	13.239
2019-10-14.11:20:34	77.8337	1989.28	-7.93126	14.9035
2019-10-14.11:20:35	77.17	1992.43	-5.5136	14.7326
2019-10-14.11:20:36	76.9012	1995.52	-0.416376	13.0448
2019-10-14.11:20:37	77.0877	1997.76	2.99868	12.5084
2019-10-14.11:20:38	77.4072	1998.87	6.38267	12.6566
2019-10-14.11:20:39	77.8242	1999.24	9.60205	13.5248
2019-10-14.11:20:40	78.0976	2000.1	2.00773	12.8783
2019-10-14.11:20:41	78.169	2002.13	-4.25346	13.9215
2019-10-14.11:20:42	77.6166	2005.06	-7.84396	15.1909
2019-10-14.11:20:43	77.0138	2008.27	-3.28772	14.0143
2019-10-14.11:20:44	76.9959	2011.11	1.03948	12.6707
2019-10-14.11:20:45	77.2238	2012.91	4.22569	12.4953
2019-10-14.11:20:46	77.6017	2013.64	8.06675	12.9937
2019-10-14.11:20:47	77.9728	2014.02	6.63952	13.4141
2019-10-14.11:20:48	78.2275	2015.36	-0.589199	12.9657
2019-10-14.11:20:49	78.0241	2017.8	-6.58366	14.6032
2019-10-14.11:20:50	77.3702	2020.89	-6.73789	15.0051
2019-10-14.11:20:51	76.953	2024.06	-1.34879	13.3277
2019-10-14.11:20:52	77.0964	2026.54	2.32845	12.5149
2019-10-14.11:20:53	77.3784	2027.88	5.56914	12.5335
2019-10-14.11:20:54	77.7902	2028.33	9.99872	13.3662
2019-10-14.11:20:55	78.0912	2028.97	3.55946	13.0047
2019-10-14.11:20:56	78.2639	2030.76	-2.98573	13.4911
2019-10-14.11:20:57	77.8085	2033.54	-8.58611	15.0534
2019-10-14.11:20:58	77.1551	2036.72	-4.49796	14.4053
2019-10-14.11:20:59	77.0061	2039.71	0.266409	12.829
2019-10-14.11:21:00	77.2096	2041.75	3.5512	12.4813
2019-10-14.11:21:01	77.5557	2042.67	7.11811	12.7774
2019-10-14.11:21:02	77.9561	2043	8.3649	13.5274
2019-10-14.11:21:03	78.2146	2044.08	0.795259	12.8437
2019-10-14.11:21:04	78.1713	2046.29	-5.30399	14.2384
2019-10-14.11:21:05	77.559	2049.29	-7.46752	15.1535
2019-10-14.11:21:06	77.0262	2052.49	-2.36445	13.6671
2019-10-14.11:21:07	77.0948	2055.17	1.64347	12.5605
2019-10-14.11:21:08	77.3449	2056.75	4.82272	12.4809
2019-10-14.11:21:09	77.7414	2057.32	8.94169	13.1584
2019-10-14.11:21:10	78.0793	2057.78	5.18526	13.2127
2019-10-14.11:21:11	78.3118	2059.32	-1.71364	13.1427
2019-10-14.11:21:12	77.9811	2061.92	-7.70017	14.8235
2019-10-14.11:21:13	77.3156	2065.05	-5.72604	14.7519
2019-10-14.11:21:14	77.0185	2068.14	-0.57089	13.0553
2019-10-14.11:21:15	77.199	2070.41	2.89515	12.4755
2019-10-14.11:21:16	77.51	2071.54	6.25787	12.6045
2019-10-14.11:21:17	77.9241	2071.9	9.77611	13.4812
2019-10-14.11:21:18	78.1977	2072.71	2.22934	12.8599
2019-10-14.11:21:19	78.2863	2074.69	-4.07113	13.8235
2019-10-14.11:21:20	77.7464	2077.58	-7.96302	15.1518
2019-10-14.11:21:21	77.133	2080.77	-3.46265	14.0404
2019-10-14.11:21:22	77.0976	2083.62	0.936767	12.6582
2019-10-14.11:21:23	77.3214	2085.43	4.14051	12.4651
2019-10-14.11:21:24	77.6939	2086.16	7.9448	12.9377
2019-10-14.11:21:25	78.0675	2086.51	6.85094	13.4088
2019-10-14.11:21:26	78.3226	2087.8	-0.430474	12.9135
2019-10-14.11:21:27	78.1397	2090.19	-6.43268	14.5336
2019-10-14.11:21:28	77.4896	2093.25	-6.8681	15.0001
2019-10-14.11:21:29	77.0576	2096.41	-1.46719	13.3341
2019-10-14.11:21:30	77.1944	2098.88	2.25513	12.4885
2019-10-14.11:21:31	77.4718	2100.23	5.49126	12.4984
2019-10-14.11:21:32	77.8812	2100.68	9.9146	13.3189
2019-10-14.11:21:33	78.185	2101.27	3.72131	12.9959
2019-10-14.11:21:34	78.3659	2103.01	-2.85943	13.4206
2019-10-14.11:21:35	77.9227	2105.76	-8.5921	15.0038
2019-10-14.11:21:36	77.2674	2108.91	-4.63023	14.413
2019-10-14.11:21:37	77.105	2111.89	0.185997	12.8177
2019-10-14.11:21:38	77.3063	2113.92	3.49303	12.4526
2019-10-14.11:21:39	77.6481	2114.85	7.04236	12.7325
2019-10-14.11:21:40	78.0493	2115.16	8.49635	13.5026
2019-10-14.11:21:41	78.308	2116.19	0.903469	12.8104
2019-10-14.11:21:42	78.2776	2118.36	-5.20983	14.1763
2019-10-14.11:21:43	77.6707	2121.33	-7.49904	15.1292
2019-10-14.11:21:44	77.1313	2124.51	-2.44962	13.6636
2019-10-14.11:21:45	77.1937	2127.17	1.59639	12.5357
2019-10-14.11:21:46	77.4413	2128.75	4.78215	12.4531
2019-10-14.11:21:47	77.8353	2129.31	8.88125	13.1171
2019-10-14.11:21:48	78.1745	2129.74	5.27896	13.1981
2019-10-14.11:21:49	78.4093	2131.25	-1.64516	13.0956
2019-10-14.11:21:50	78.0875	2133.81	-7.62941	14.7796
2019-10-14.11:21:51	77.4229	2136.91	-5.79838	14.7383
2019-10-14.11:21:52	77.1187	2139.99	-0.615843	13.0375
2019-10-14.11:21:53	77.298	2142.24	2.87083	12.4471
2019-10-14.11:21:54	77.6063	2143.36	6.2312	12.5721
2019-10-14.11:21:55	78.0194	2143.71	9.81166	13.4494
2019-10-14.11:21:56	78.2932	2144.49	2.27573	12.8338
2019-10-14.11:21:57	78.3863	2146.43	-4.03469	13.7784
2019-10-14.11:21:58	77.8522	2149.29	-7.9443	15.1204
2019-10-14.11:21:59	77.3839	2152.48	-1.41784	13.8337
2019-10-14.11:22:00	77.8905	2155.05	2.93587	12.8027
2019-10-14.11:22:01	78.998	2156.09	-1.04036	12.5505
2019-10-14.11:22:02	80.5512	2156.36	-11.3181	11.6762
2019-10-14.11:22:03	82.5287	2156.14	-19.6575	13.3816
2019-10-14.11:22:04	84.1336	2155.68	-28.0358	15.5066
2019-10-14.11:22:05	85.6444	2154.7	-29.4032	14.6524
2019-10-14.11:22:06	87.3404	2153.92	-29.3991	11.042
2019-10-14.11:22:07	89.1105	2153.4	-29.3953	8.65819
2019-10-14.11:22:08	90.393	2153.59	-29.3692	9.16319
2019-10-14.11:22:09	91.1885	2155.36	-29.3223	11.0751
2019-10-14.11:22:10	91.8225	2158.47	-29.3071	12.5566
2019-10-14.11:22:11	92.188	2162.2	-29.3244	13.2039
2019-10-14.11:22:12	92.5052	2166.23	-29.3507	12.5885
2019-10-14.11:22:13	92.9226	2170.26	-29.3621	11.6032
2019-10-14.11:22:14	93.4308	2174.23	-29.3579	11.0455
2019-10-14.11:22:15	93.8949	2178.31	-29.3471	11.2659
2019-10-14.11:22:16	94.2378	2182.68	-29.339	11.7005
2019-10-14.11:22:17	94.4457	2187.43	-25.194	12.0453
2019-10-14.11:22:18	94.5143	2193.03	-20.4131	11.7452
2019-10-14.11:22:19	94.3943	2199.35	-15.5177	11.7794
2019-10-14.11:22:20	94.0893	2206.33	-10.2268	12.0725
2019-10-14.11:22:21	93.6804	2213.78	-4.37459	12.4835
2019-10-14.11:22:22	93.2253	2221.47	2.00297	12.8403
2019-10-14.11:22:23	92.7694	2229.15	1.75109	12.9524
2019-10-14.11:22:24	92.4482	2236.78	-0.53202	12.7986
2019-10-14.11:22:25	92.2102	2244.17	-1.70592	12.7266
2019-10-14.11:22:26	92.0618	2251.24	-0.722766	12.437
2019-10-14.11:22:27	92.1417	2257.84	1.38121	12.0124
2019-10-14.11:22:28	92.3162	2263.84	2.51196	11.7913
2019-10-14.11:22:29	92.5872	2269.38	1.52243	11.6742
2019-10-14.11:22:30	92.9315	2274.9	-0.661085	11.6923
2019-10-14.11:22:31	93.2129	2280.67	-1.93588	11.92
2019-10-14.11:22:32	93.3174	2286.82	-1.0648	12.1154
2019-10-14.11:22:33	93.3576	2293.36	1.07024	12.2182
2019-10-14.11:22:34	93.212	2300.13	2.35278	12.5159
2019-10-14.11:22:35	92.9427	2307.11	1.52324	12.6848
2019-10-14.11:22:36	92.6979	2314.31	-0.619737	12.7414
2019-10-14.11:22:37	92.4643	2321.61	-1.9957	12.8662
2019-10-14.11:22:38	92.1869	2328.92	-1.26341	12.8242
2019-10-14.11:22:39	92.0444	2336.04	0.864565	12.5462
2019-10-14.11:22:40	91.9551	2342.75	2.33717	12.4139
2019-10-14.11:22:41	91.9496	2349.02	1.73522	12.1969
2019-10-14.11:22:42	92.1276	2354.98	-0.386528	11.9273
2019-10-14.11:22:43	92.4345	2360.74	-1.99592	11.8582
2019-10-14.11:22:44	92.6927	2366.44	-1.51517	11.831
2019-10-14.11:22:45	93.0005	2372.19	0.596353	11.6886
[State]	Cruise
2019-10-14.11:22:46	93.222	2377.95	2.28334	11.8211
2019-10-14.11:22:47	93.3127	2383.83	1.90174	11.9927
2019-10-14.11:22:48	93.3649	2390.01	-0.176269	12.1121
2019-10-14.11:22:49	93.3738	2396.56	-1.91409	12.3793
2019-10-14.11:22:50	93.1945	2403.48	-1.59462	12.6267
2019-10-14.11:22:51	92.9942	2410.68	0.457774	12.6094
2019-10-14.11:22:52	92.7359	2417.86	2.23233	12.6985
2019-10-14.11:22:53	92.4403	2424.91	2.00599	12.7036
2019-10-14.11:22:54	92.2574	2431.8	-0.0121553	12.5278
2019-10-14.11:22:55	92.2355	2438.51	-1.88983	12.4263
2019-10-14.11:22:56	92.2192	2445	-1.80016	12.3371
2019-10-14.11:22:57	92.3355	2451.27	0.179622	12.0109
2019-10-14.11:22:58	92.5283	2457.21	2.14855	11.8598
2019-10-14.11:22:59	92.7115	2462.86	2.20563	11.8108
2019-10-14.11:23:00	92.9533	2468.42	0.286267	11.7045
2019-10-14.11:23:01	93.261	2474.1	-1.75602	11.7825
2019-10-14.11:23:02	93.4148	2480.02	-1.90858	12.0114
2019-10-14.11:23:03	93.5	2486.26	-0.0230217	12.0415
2019-10-14.11:23:04	93.4977	2492.72	2.04528	12.2025
2019-10-14.11:23:05	93.3339	2499.32	2.27007	12.4329
2019-10-14.11:23:06	93.1364	2506.1	0.435698	12.4875
2019-10-14.11:23:07	92.9991	2513.07	-1.67642	12.5788
2019-10-14.11:23:08	92.7735	2520.12	-1.99678	12.7135
2019-10-14.11:23:09	92.5856	2527.17	-0.21524	12.5356
2019-10-14.11:23:10	92.4895	2533.99	1.94317	12.3734
2019-10-14.11:23:11	92.405	2540.42	2.39399	12.2899
2019-10-14.11:23:12	92.4364	2546.55	0.694348	12.0481
2019-10-14.11:23:13	92.6542	2552.48	-1.54036	11.8955
2019-10-14.11:23:14	92.8535	2558.3	-2.13587	11.9323
2019-10-14.11:23:15	93.0594	2564.13	-0.501901	11.7874
2019-10-14.11:23:16	93.3048	2569.94	1.77724	11.7274
2019-10-14.11:23:17	93.4275	2575.71	2.48025	11.8902
2019-10-14.11:23:18	93.4944	2581.62	0.925031	11.949
2019-10-14.11:23:19	93.5896	2587.81	-1.37605	12.0796
2019-10-14.11:23:20	93.5405	2594.31	-2.15573	12.3786
2019-10-14.11:23:21	93.3881	2601.12	-0.650039	12.4328
2019-10-14.11:23:22	93.2453	2608.06	1.65802	12.4291
2019-10-14.11:23:23	93.0069	2614.91	2.51409	12.5506
2019-10-14.11:23:24	92.7899	2621.66	1.089	12.4618
2019-10-14.11:23:25	92.729	2628.32	-1.25512	12.3436
2019-10-14.11:23:26	92.6889	2634.86	-2.24437	12.3688
2019-10-14.11:23:27	92.6764	2641.27	-0.90941	12.1715
2019-10-14.11:23:28	92.8073	2647.45	1.46501	11.9098
2019-10-14.11:23:29	92.9243	2653.3	2.58449	11.8901
2019-10-14.11:23:30	93.0679	2658.95	1.36507	11.7774
2019-10-14.11:23:31	93.3231	2664.61	-1.02874	11.7151
2019-10-14.11:23:32	93.53	2670.39	-2.25917	11.9039
2019-10-14.11:23:33	93.617	2676.41	-1.11094	11.9723
2019-10-14.11:23:34	93.7078	2682.64	1.28568	11.9597
2019-10-14.11:23:35	93.6533	2688.95	2.57938	12.1896
2019-10-14.11:23:36	93.5112	2695.37	1.51238	12.2839
2019-10-14.11:23:37	93.4192	2701.99	-0.880644	12.3191
2019-10-14.11:23:38	93.299	2708.75	-2.26034	12.4868
2019-10-14.11:23:39	94.3448	2713.73	-1.87432	3.73348
2019-10-14.11:23:40	99.5832	2707.26	-0.444787	-0.166227
2019-10-14.11:23:41	104.905	2696.71	1.44742	1.83475
2019-10-14.11:23:42	109.706	2687.91	1.69824	0.389875
2019-10-14.11:23:43	114.629	2678.28	-0.109725	0.285504
2019-10-14.11:23:44	119.174	2669.27	-1.53756	0.826853
2019-10-14.11:23:45	123.305	2661.38	-0.866325	0.346789
2019-10-14.11:23:46	127.319	2653.67	0.750073	0.41826
2019-10-14.11:23:47	130.989	2646.43	0.939425	0.340414
2019-10-14.11:23:48	134.527	2639.54	-0.374922	0.216072
2019-10-14.11:23:49	137.879	2632.89	-0.989019	0.196996
2019-10-14.11:23:50	141.078	2626.47	-0.0792329	0.086192
2019-10-14.11:23:51	144.094	2620.22	0.626528	0.057602
2019-10-14.11:23:52	146.941	2614.18	0.0146529	-0.0123175
2019-10-14.11:23:53	149.682	2608.29	-0.615913	-0.0489744
2019-10-14.11:23:54	152.278	2602.53	-0.180128	-0.120422
2019-10-14.11:23:55	154.759	2596.88	0.317472	-0.148666
2019-10-14.11:23:56	157.098	2591.35	-0.0271006	-0.194919
2019-10-14.11:23:57	159.339	2585.93	-0.382494	-0.226581
2019-10-14.11:23:58	161.467	2580.59	-0.0888214	-0.271917
2019-10-14.11:23:59	163.487	2575.32	0.134081	-0.298418
2019-10-14.11:24:00	165.41	2570.14	-0.122211	-0.33159
2019-10-14.11:24:01	167.238	2565.02	-0.233396	-0.359297
2019-10-14.11:24:02	168.986	2559.97	-0.0228165	-0.387007
2019-10-14.11:24:03	170.638	2554.96	0.0001716	-0.410295
2019-10-14.11:24:04	172.22	2550.02	-0.158997	-0.432391
2019-10-14.11:24:05	173.718	2545.12	-0.126269	-0.455904
2019-10-14.11:24:06	175.151	2540.26	-0.0267712	-0.474379
2019-10-14.11:24:07	176.511	2535.44	-0.0879229	-0.493878
2019-10-14.11:24:08	177.805	2530.67	-0.135555	-0.511577
2019-10-14.11:24:09	179.037	2525.92	-0.0754722	-0.528981
2019-10-14.11:24:10	180.206	2521.21	-0.0699489	-0.544212
2019-10-14.11:24:11	181.316	2516.53	-0.115691	-0.558087
2019-10-14.11:24:12	182.364	2511.88	-0.100175	-0.572187
2019-10-14.11:24:13	183.362	2507.25	-0.0781556	-0.584652
2019-10-14.11:24:14	184.308	2502.64	-0.101337	-0.596292
2019-10-14.11:24:15	185.201	2498.06	-0.106237	-0.607696
2019-10-14.11:24:16	186.049	2493.5	-0.0897106	-0.61848
2019-10-14.11:24:17	186.854	2488.96	-0.0968364	-0.628327
2019-10-14.11:24:18	187.614	2484.44	-0.105622	-0.637818
2019-10-14.11:24:19	188.335	2479.94	-0.0974826	-0.646978
2019-10-14.11:24:20	189.019	2475.45	-0.0976924	-0.65551
2019-10-14.11:24:21	189.666	2470.97	-0.1044	-0.663649
2019-10-14.11:24:22	190.279	2466.51	-0.101682	-0.671485
2019-10-14.11:24:23	190.86	2462.06	-0.100162	-0.678772
2019-10-14.11:24:24	191.411	2457.62	-0.104138	-0.685486
2019-10-14.11:24:25	191.932	2453.19	-0.103918	-0.691715
2019-10-14.11:24:26	192.426	2448.78	-0.102599	-0.697701
2019-10-14.11:24:27	192.894	2444.37	-0.104685	-0.704042
2019-10-14.11:24:28	193.337	2439.97	-0.105262	-0.710825
2019-10-14.11:24:29	193.757	2435.57	-0.104414	-0.715298
2019-10-14.11:24:30	194.157	2431.19	-0.105535	-0.715273
2019-10-14.11:24:31	194.534	2426.81	-0.106359	-0.726104
2019-10-14.11:24:32	194.891	2422.43	-0.105779	-0.729986
2019-10-14.11:24:33	195.232	2418.06	-0.106672	-0.733161
2019-10-14.11:24:34	195.552	2413.7	-0.106923	-0.74098
2019-10-14.11:24:35	195.859	2409.33	-0.107315	-0.741892
2019-10-14.11:24:36	196.147	2404.97	-0.107047	-0.748377
2019-10-14.11:24:37	196.423	2400.61	-0.10827	-0.752884
2019-10-14.11:24:38	196.682	2396.26	-0.107431	-0.747048
2019-10-14.11:24:39	196.929	2391.91	-0.108464	-0.762681
2019-10-14.11:24:40	197.165	2387.55	-0.10881	-0.761055
2019-10-14.11:24:41	197.385	2383.21	-0.107678	-0.761688
2019-10-14.11:24:42	197.597	2378.87	-0.109731	-0.773915
2019-10-14.11:24:43	197.799	2374.5	-0.10922	-0.773035
2019-10-14.11:24:44	197.988	2370.16	-0.107905	-0.762854
2019-10-14.11:24:45	198.166	2365.83	-0.110405	-0.781737
2019-10-14.11:24:46	198.341	2361.47	-0.110288	-0.787284
2019-10-14.11:24:47	198.506	2357.11	-0.108415	-0.783152
[State]	Descent
2019-10-14.11:24:48	198.658	2352.78	-0.109518	-0.77238
2019-10-14.11:24:49	198.802	2348.46	-0.111259	-0.792515
2019-10-14.11:24:50	198.945	2344.09	-0.11012	-0.800964
2019-10-14.11:24:51	199.083	2339.71	-0.109537	-0.801225
2019-10-14.11:24:52	199.211	2335.35	-0.110406	-0.79345
2019-10-14.11:24:53	199.326	2331.03	-0.109866	-0.783325
2019-10-14.11:24:54	199.436	2326.71	-0.111167	-0.804281
2019-10-14.11:24:55	199.549	2322.34	-0.111327	-0.815034
2019-10-14.11:24:56	199.659	2317.94	-0.110142	-0.819215
2019-10-14.11:24:57	199.763	2313.55	-0.110675	-0.816835
2019-10-14.11:24:58	199.859	2309.17	-0.110771	-0.808221
2019-10-14.11:24:59	199.944	2304.84	-0.110078	-0.794009
2019-10-14.11:25:00	200.021	2300.53	-0.111494	-0.810901
2019-10-14.11:25:01	200.102	2296.17	-0.112179	-0.825404
2019-10-14.11:25:02	200.186	2291.77	-0.110593	-0.835023
2019-10-14.11:25:03	200.269	2287.35	-0.111157	-0.839404
2019-10-14.11:25:04	200.349	2282.92	-0.111528	-0.838559
2019-10-14.11:25:05	200.422	2278.5	-0.11065	-0.832905
2019-10-14.11:25:06	200.487	2274.12	-0.110817	-0.822709
2019-10-14.11:25:07	200.542	2269.77	-0.110993	-0.808384
2019-10-14.11:25:08	200.588	2265.47	-0.111344	-0.81936
2019-10-14.11:25:09	200.641	2261.12	-0.112481	-0.835909
2019-10-14.11:25:10	200.699	2256.71	-0.111399	-0.849093
2019-10-14.11:25:11	200.76	2252.27	-0.111361	-0.858384
2019-10-14.11:25:12	200.821	2247.8	-0.111905	-0.863532
2019-10-14.11:25:13	200.881	2243.32	-0.111317	-0.864677
2019-10-14.11:25:14	200.937	2238.85	-0.111194	-0.861928
2019-10-14.11:25:15	200.988	2234.39	-0.111426	-0.855434
2019-10-14.11:25:16	201.031	2229.97	-0.111089	-0.845574
2019-10-14.11:25:17	201.066	2225.58	-0.110961	-0.832743
2019-10-14.11:25:18	201.091	2221.24	-0.111043	-0.817356
2019-10-14.11:25:19	201.106	2216.96	-0.110846	-0.799951
2019-10-14.11:25:20	201.111	2212.75	-0.110744	-0.781064
2019-10-14.11:25:21	201.106	2208.59	-0.111556	-0.813643
2019-10-14.11:25:22	201.144	2204.21	-0.117164	-0.923421
2019-10-14.11:25:23	201.236	2199.45	-0.114488	-1.02654
2019-10-14.11:25:24	201.378	2194.35	-0.113177	-1.12346
2019-10-14.11:25:25	201.561	2188.92	-0.11587	-1.21113
2019-10-14.11:25:26	201.778	2183.2	-0.114456	-1.28791
2019-10-14.11:25:27	202.022	2177.24	-0.113502	-1.35232
2019-10-14.11:25:28	202.282	2171.07	-0.114658	-1.40283
2019-10-14.11:25:29	202.553	2164.75	-0.113771	-1.43866
2019-10-14.11:25:30	202.826	2158.33	-0.11299	-1.45883
2019-10-14.11:25:31	203.094	2151.87	-0.113315	-1.4631
2019-10-14.11:25:32	203.348	2145.41	-0.112673	-1.45202
2019-10-14.11:25:33	203.581	2139.03	-0.112093	-1.42655
2019-10-14.11:25:34	203.786	2132.75	-0.112094	-1.38789
2019-10-14.11:25:35	203.958	2126.64	-0.111643	-1.33768
2019-10-14.11:25:36	204.093	2120.72	-0.111258	-1.27785
2019-10-14.11:25:37	204.188	2115.02	-0.11119	-1.21041
2019-10-14.11:25:38	204.24	2109.58	-0.110929	-1.13763
2019-10-14.11:25:39	204.25	2104.4	-0.110736	-1.06178
2019-10-14.11:25:40	204.219	2099.5	-0.110729	-0.985125
2019-10-14.11:25:41	204.147	2094.86	-0.110651	-0.909894
2019-10-14.11:25:42	204.039	2090.49	-0.110743	-0.856471
2019-10-14.11:25:43	203.944	2086.11	-0.117358	-0.952107
2019-10-14.11:25:44	203.899	2081.43	-0.116268	-1.03797
2019-10-14.11:25:45	203.904	2076.45	-0.113515	-1.12472
2019-10-14.11:25:46	203.954	2071.16	-0.116839	-1.20902
2019-10-14.11:25:47	204.046	2065.58	-0.116128	-1.28874
2019-10-14.11:25:48	204.176	2059.72	-0.11465	-1.36201
2019-10-14.11:25:49	204.337	2053.62	-0.116133	-1.42651
2019-10-14.11:25:50	204.523	2047.31	-0.115559	-1.48082
2019-10-14.11:25:51	204.728	2040.82	-0.114663	-1.52388
2019-10-14.11:25:52	204.943	2034.2	-0.115201	-1.55466
2019-10-14.11:25:53	205.162	2027.5	-0.114693	-1.57279
2019-10-14.11:25:54	205.377	2020.74	-0.114086	-1.57829
2019-10-14.11:25:55	205.583	2013.99	-0.114176	-1.57137
2019-10-14.11:25:56	205.772	2007.29	-0.113746	-1.55273
2019-10-14.11:25:57	205.941	2000.67	-0.113324	-1.52336
2019-10-14.11:25:58	206.083	1994.17	-0.11325	-1.48443
2019-10-14.11:25:59	206.195	1987.83	-0.112933	-1.43742
2019-10-14.11:26:00	206.276	1981.67	-0.112667	-1.38395
2019-10-14.11:26:01	206.322	1975.71	-0.112587	-1.32573
2019-10-14.11:26:02	206.334	1969.97	-0.112407	-1.26457
2019-10-14.11:26:03	206.313	1964.45	-0.112289	-1.20226
2019-10-14.11:26:04	206.258	1959.15	-0.112277	-1.14058
2019-10-14.11:26:05	206.174	1954.07	-0.112236	-1.0812
2019-10-14.11:26:06	206.062	1949.2	-0.112247	-1.02567
2019-10-14.11:26:07	205.926	1944.52	-0.112322	-0.975375
2019-10-14.11:26:08	205.771	1940.01	-0.112394	-0.931495
2019-10-14.11:26:09	205.602	1935.63	-0.112814	-0.920163
2019-10-14.11:26:10	205.452	1931.21	-0.116322	-0.970722
2019-10-14.11:26:11	205.337	1926.6	-0.115052	-1.02456
2019-10-14.11:26:12	205.257	1921.79	-0.114472	-1.08293
2019-10-14.11:26:13	205.212	1916.77	-0.116167	-1.14359
2019-10-14.11:26:14	205.203	1911.52	-0.115424	-1.20489
2019-10-14.11:26:15	205.227	1906.06	-0.115138	-1.26507
2019-10-14.11:26:16	205.282	1900.39	-0.115861	-1.32222
2019-10-14.11:26:17	205.363	1894.53	-0.115349	-1.37491
2019-10-14.11:26:18	205.468	1888.48	-0.115117	-1.42177
2019-10-14.11:26:19	205.592	1882.28	-0.11532	-1.46157
2019-10-14.11:26:20	205.73	1875.95	-0.114906	-1.49347
2019-10-14.11:26:21	205.876	1869.52	-0.114662	-1.51685
2019-10-14.11:26:22	206.027	1863.02	-0.114605	-1.53129
2019-10-14.11:26:23	206.175	1856.49	-0.114249	-1.53673
2019-10-14.11:26:24	206.318	1849.95	-0.114005	-1.53333
2019-10-14.11:26:25	206.45	1843.44	-0.113846	-1.52148
2019-10-14.11:26:26	206.568	1836.99	-0.113557	-1.50183
2019-10-14.11:26:27	206.668	1830.62	-0.113347	-1.47519
2019-10-14.11:26:28	206.747	1824.35	-0.113187	-1.44255
2019-10-14.11:26:29	206.804	1818.22	-0.112982	-1.40502
2019-10-14.11:26:30	206.837	1812.22	-0.112839	-1.3638
2019-10-14.11:26:31	206.846	1806.38	-0.112733	-1.32016
2019-10-14.11:26:32	206.83	1800.7	-0.112625	-1.27537
2019-10-14.11:26:33	206.791	1795.18	-0.112565	-1.23068
2019-10-14.11:26:34	206.73	1789.82	-0.112536	-1.1873
2019-10-14.11:26:35	206.648	1784.62	-0.11252	-1.14636
2019-10-14.11:26:36	206.549	1779.55	-0.11254	-1.10885
2019-10-14.11:26:37	206.436	1774.62	-0.112582	-1.07566
2019-10-14.11:26:38	206.276	1769.97	-0.105698	-0.838607
2019-10-14.11:26:39	205.986	1766.21	-0.102129	-0.584601
2019-10-14.11:26:40	205.575	1763.33	-0.108796	-0.345778
2019-10-14.11:26:41	205.059	1761.26	-0.105276	-0.129907
2019-10-14.11:26:42	204.457	1759.9	-0.10439	0.0574798
2019-10-14.11:26:43	203.79	1759.14	-0.108074	0.212606
2019-10-14.11:26:44	203.118	1758.64	-0.11418	0.121587
2019-10-14.11:26:45	202.535	1757.76	-0.116145	-0.0040081
2019-10-14.11:26:46	202.058	1756.37	-0.112676	-0.157955
[State]	Landing
2019-10-14.11:26:47	201.696	1754.38	-0.116034	-0.333059
2019-10-14.11:26:48	201.416	1751.92	-0.107825	-0.169391
2019-10-14.11:26:49	201.004	1750.31	-0.0884541	0.147243
2019-10-14.11:26:50	200.448	1749.77	-0.105156	0.445646
2019-10-14.11:26:51	199.783	1750.13	-0.108735	0.451101
2019-10-14.11:26:52	199.252	1750.02	-0.121126	0.16299
2019-10-14.11:26:53	198.909	1748.86	-0.117352	-0.145543
2019-10-14.11:26:54	198.678	1746.99	-0.096261	0.124211
2019-10-14.11:26:55	198.257	1746.3	-0.0825801	0.527321
2019-10-14.11:26:56	197.657	1746.89	-0.108752	0.58888
2019-10-14.11:26:57	197.206	1746.95	-0.135496	0.165671
2019-10-14.11:26:58	197.004	1745.58	-0.109905	-0.0349635
2019-10-14.11:26:59	196.715	1744.52	-0.0684454	0.533389
2019-10-14.11:27:00	196.177	1745.13	-0.098267	0.707697
2019-10-14.11:27:01	195.783	1745.31	-0.150982	0.151793
2019-10-14.11:27:02	195.652	1743.89	-0.100789	0.242616
2019-10-14.11:27:03	195.303	1743.55	-0.0481997	0.833902
2019-10-14.11:27:04	194.815	1744.44	-0.138307	0.400507
2019-10-14.11:27:05	194.656	1743.55	-0.157935	-0.0008767
2019-10-14.11:27:06	194.429	1742.75	-0.028272	0.780567
2019-10-14.11:27:07	193.952	1743.71	-0.0998354	0.478996
2019-10-14.11:27:08	193.816	1742.98	-0.197821	0.0182494
2019-10-14.11:27:09	193.603	1742.29	-0.0234628	0.886483
2019-10-14.11:27:10	193.167	1743.26	-0.0810403	0.390265
2019-10-14.11:27:11	193.11	1742.22	-0.211561	0.295566
2019-10-14.11:27:12	192.815	1742.17	-0.0087002	1.08523
2019-10-14.11:27:13	192.496	1742.82	-0.100846	0.162873
2019-10-14.11:27:14	192.47	1741.58	-0.182169	0.663371
2019-10-14.11:27:15	192.078	1742.4	-0.0016186	0.697778
2019-10-14.11:27:16	191.995	1742.02	-0.147845	0.0114019
2019-10-14.11:27:17	191.844	1741.44	-0.110416	1.06908
2019-10-14.11:27:18	191.523	1742.34	-0.0505307	0.252944
2019-10-14.11:27:19	191.56	1741.13	-0.14926	0.671879
2019-10-14.11:27:20	191.211	1741.95	-0.0495839	0.707917
2019-10-14.11:27:21	191.193	1741.49	-0.133394	0.115086
2019-10-14.11:27:22	191.031	1741.19	-0.0769822	1.18703
2019-10-14.11:27:23	190.802	1741.87	-0.091337	0.109458
2019-10-14.11:27:24	190.835	1740.77	-0.125411	0.893526
2019-10-14.11:27:25	190.509	1741.82	-0.0474107	0.457154
2019-10-14.11:27:26	190.59	1740.82	-0.149196	0.531878
2019-10-14.11:27:27	190.315	1741.35	-0.0494145	0.922027
2019-10-14.11:27:28	190.285	1741.23	-0.123495	0.0280443
2019-10-14.11:27:29	190.202	1740.74	-0.087807	1.21087
2019-10-14.11:27:30	189.989	1741.53	-0.0817536	0.148612
2019-10-14.11:27:31	190.065	1740.43	-0.12465	0.918837
2019-10-14.11:27:32	189.772	1741.5	-0.0510188	0.467682
2019-10-14.11:27:33	189.887	1740.5	-0.144213	0.579879
2019-10-14.11:27:34	189.634	1741.1	-0.0475593	0.899602
2019-10-14.11:27:35	189.651	1740.91	-0.127695	0.0816718
2019-10-14.11:27:36	189.576	1740.53	-0.081225	1.24779
2019-10-14.11:27:37	189.405	1741.27	-0.08487	0.132642
2019-10-14.11:27:38	189.498	1740.21	-0.12176	0.963268
2019-10-14.11:27:39	189.23	1741.3	-0.0509875	0.463071
2019-10-14.11:27:40	189.371	1740.28	-0.143796	0.610884
2019-10-14.11:27:41	189.139	1740.91	-0.045813	0.912185
2019-10-14.11:27:42	189.174	1740.74	-0.127168	0.0823158
2019-10-14.11:27:43	189.132	1740.31	-0.0829419	1.24645
2019-10-14.11:27:44	188.962	1741.14	-0.0789937	0.197342
2019-10-14.11:27:45	189.09	1740.03	-0.12844	0.906744
2019-10-14.11:27:46	188.834	1741.11	-0.0435318	0.569739
2019-10-14.11:27:47	188.978	1740.25	-0.145789	0.470035
2019-10-14.11:27:48	188.811	1740.57	-0.0522939	1.13126
2019-10-14.11:27:49	188.773	1740.85	-0.108508	0.0338405
2019-10-14.11:27:50	188.84	1740.01	-0.106046	1.08673
2019-10-14.11:27:51	188.617	1741.09	-0.0543489	0.411671
2019-10-14.11:27:52	188.787	1740	-0.146587	0.675632
2019-10-14.11:27:53	188.574	1740.72	-0.0389178	0.921622
2019-10-14.11:27:54	188.62	1740.61	-0.126653	0.0670641
2019-10-14.11:27:55	188.638	1740.02	-0.0912323	1.17635
2019-10-14.11:27:56	188.446	1741.03	-0.0617647	0.352429
2019-10-14.11:27:57	188.622	1739.89	-0.145752	0.737945
2019-10-14.11:27:58	188.403	1740.72	-0.0338151	0.866403
2019-10-14.11:27:59	188.471	1740.52	-0.131969	0.0914163
2019-10-14.11:28:00	188.49	1739.96	-0.089392	1.17271
2019-10-14.11:28:01	188.301	1740.99	-0.0586263	0.380832
2019-10-14.11:28:02	188.484	1739.87	-0.150366	0.699344
2019-10-14.11:28:03	188.284	1740.6	-0.0322235	0.954442
2019-10-14.11:28:04	188.319	1740.6	-0.124382	0.0583884
2019-10-14.11:28:05	188.389	1739.84	-0.10241	1.08005
2019-10-14.11:28:06	188.177	1740.96	-0.043989	0.492472
2019-10-14.11:28:07	188.362	1739.95	-0.158152	0.549281
2019-10-14.11:28:08	188.221	1740.31	-0.0410083	1.17663
2019-10-14.11:28:09	188.167	1740.79	-0.099487	0.160396
2019-10-14.11:28:10	188.313	1739.73	-0.129903	0.907476
2019-10-14.11:28:11	188.087	1740.81	-0.0248308	0.695752
2019-10-14.11:28:12	188.221	1740.26	-0.153251	0.225807
2019-10-14.11:28:13	188.21	1739.92	-0.0740689	1.20497
2019-10-14.11:28:14	188.038	1740.92	-0.0579408	0.402794
2019-10-14.11:28:15	188.233	1739.8	-0.160528	0.653231
2019-10-14.11:28:16	188.067	1740.38	-0.0264013	1.09186
2019-10-14.11:28:17	188.046	1740.72	-0.110783	0.142912
2019-10-14.11:28:18	188.19	1739.68	-0.128492	0.909197
2019-10-14.11:28:19	187.969	1740.77	-0.0179775	0.722151
2019-10-14.11:28:20	188.092	1740.3	-0.156748	0.171794
2019-10-14.11:28:21	188.117	1739.8	-0.0808127	1.13312
2019-10-14.11:28:22	187.923	1740.9	-0.0427865	0.498941
2019-10-14.11:28:23	188.116	1739.9	-0.171976	0.512337
2019-10-14.11:28:24	188.019	1740.09	-0.0361816	1.24353
2019-10-14.11:28:25	187.912	1740.85	-0.082993	0.31324
2019-10-14.11:28:26	188.103	1739.69	-0.158522	0.731294
2019-10-14.11:28:27	187.921	1740.44	-0.0096027	1.01627
2019-10-14.11:28:28	187.923	1740.67	-0.124831	0.146152
2019-10-14.11:28:29	188.071	1739.63	-0.129424	0.886015
2019-10-14.11:28:30	187.855	1740.69	-0.006131	0.785328
2019-10-14.11:28:31	187.947	1740.42	-0.159245	0.104494
2019-10-14.11:28:32	188.028	1739.67	-0.0952382	1.01848
2019-10-14.11:28:33	187.813	1740.83	-0.0185975	0.640972
2019-10-14.11:28:34	187.969	1740.17	-0.180168	0.255952
2019-10-14.11:28:35	187.981	1739.77	-0.0628785	1.13078
2019-10-14.11:28:36	187.787	1740.89	-0.0389587	0.539131
2019-10-14.11:28:37	187.975	1739.96	-0.187644	0.424868
2019-10-14.11:28:38	187.932	1739.89	-0.035963	1.21669
2019-10-14.11:28:39	187.769	1740.89	-0.0613604	0.459958
2019-10-14.11:28:40	187.97	1739.83	-0.186389	0.53965
2019-10-14.11:28:41	187.884	1740.01	-0.0156098	1.24197
2019-10-14.11:28:42	187.756	1740.88	-0.0820823	0.399943
2019-10-14.11:28:43	187.958	1739.74	-0.181142	0.6101
2019-10-14.11:28:44	187.843	1740.11	-0.0014122	1.22149
2019-10-14.11:28:45	187.743	1740.86	-0.0991442	0.358826
2019-10-14.11:28:46	187.942	1739.69	-0.175311	0.650614
2019-10-14.11:28:47	187.811	1740.17	0.007971	1.19325
2019-10-14.11:28:48	187.729	1740.84	-0.111612	0.337444
2019-10-14.11:28:49	187.926	1739.67	-0.171283	0.668151
2019-10-14.11:28:50	187.788	1740.19	0.0141001	1.17981
2019-10-14.11:28:51	187.712	1740.84	-0.119127	0.334239
2019-10-14.11:28:52	187.908	1739.66	-0.170421	0.666874
2019-10-14.11:28:53	187.773	1740.17	0.0180229	1.18688
2019-10-14.11:28:54	187.692	1740.85	-0.121564	0.348605
2019-10-14.11:28:55	187.891	1739.68	-0.173423	0.648082
2019-10-14.11:28:56	187.767	1740.12	0.0200802	1.20924
2019-10-14.11:28:57	187.671	1740.87	-0.1188	0.378403
2019-10-14.11:28:58	187.871	1739.71	-0.180271	0.612738
2019-10-14.11:28:59	187.769	1740.04	0.019912	1.23081
2019-10-14.11:29:00	187.649	1740.89	-0.110724	0.421873
2019-10-14.11:29:01	187.85	1739.77	-0.190291	0.559248
2019-10-14.11:29:02	187.776	1739.94	0.0167321	1.22769
2019-10-14.11:29:03	187.628	1740.9	-0.0972685	0.477348
2019-10-14.11:29:04	187.825	1739.86	-0.202145	0.482912
2019-10-14.11:29:05	187.786	1739.83	0.0096202	1.18094
2019-10-14.11:29:06	187.609	1740.9	-0.0786093	0.542769
2019-10-14.11:29:07	187.793	1739.99	-0.213682	0.377839
2019-10-14.11:29:08	187.795	1739.72	-0.0024844	1.1069
2019-10-14.11:29:09	187.595	1740.87	-0.0554782	0.616411
2019-10-14.11:29:10	187.754	1740.16	-0.221982	0.248645
2019-10-14.11:29:11	187.803	1739.63	-0.0205881	1.02494
2019-10-14.11:29:12	187.587	1740.81	-0.0294533	0.699161
2019-10-14.11:29:13	187.708	1740.35	-0.223987	0.141343
2019-10-14.11:29:14	187.807	1739.57	-0.0451631	0.937416
2019-10-14.11:29:15	187.588	1740.69	-0.0031476	0.79869
2019-10-14.11:29:16	187.659	1740.54	-0.217848	0.131673
2019-10-14.11:29:17	187.805	1739.54	-0.0757996	0.846947
2019-10-14.11:29:18	187.6	1740.53	0.0197841	0.928777
2019-10-14.11:29:19	187.618	1740.7	-0.20331	0.2173
2019-10-14.11:29:20	187.796	1739.56	-0.110891	0.7553
2019-10-14.11:29:21	187.626	1740.31	0.0351112	1.08987
2019-10-14.11:29:22	187.584	1740.81	-0.180259	0.317755
2019-10-14.11:29:23	187.782	1739.63	-0.147608	0.659966
2019-10-14.11:29:24	187.663	1740.08	0.0396928	1.21645
2019-10-14.11:29:25	187.558	1740.88	-0.149177	0.420409
