DateTime	ASI:airspeed	Altimeter:altitude	RC:roll	HI:heading
[State]	Standing
2019-10-11.15:25:12	0.474726	1654.61	-0.0010306	0.0033878
[State]	Taxiing
2019-10-11.15:25:13	0.204895	1654.64	-0.0041994	0.0965602
2019-10-11.15:25:14	0.0715001	1654.77	-0.0294292	0.294305
2019-10-11.15:25:15	0.240449	1654.79	-0.0468263	-0.198354
2019-10-11.15:25:16	2.53354	1654.79	-0.147671	0.0152544
2019-10-11.15:25:17	6.14408	1654.79	-0.181359	0.193909
2019-10-11.15:25:18	10.04	1654.79	-0.20184	0.2647
2019-10-11.15:25:19	13.94	1654.79	-0.301465	0.313881
2019-10-11.15:25:20	17.7513	1654.79	-0.574894	0.395674
2019-10-11.15:25:21	21.5089	1654.79	-0.946949	0.510722
2019-10-11.15:25:22	25.2011	1654.79	-1.31394	0.592143
2019-10-11.15:25:23	28.818	1654.8	-1.59442	0.626702
2019-10-11.15:25:24	32.3635	1654.8	-1.76279	0.639021
2019-10-11.15:25:25	35.7893	1654.8	-1.92943	0.680723
2019-10-11.15:25:26	39.0831	1654.81	-2.06132	0.719349
2019-10-11.15:25:27	42.2584	1654.81	-2.13987	0.754411
2019-10-11.15:25:28	45.3409	1654.81	-2.16891	0.795504
2019-10-11.15:25:29	48.3614	1654.82	-2.1508	0.845228
2019-10-11.15:25:30	51.3487	1654.82	-2.07266	0.907794
2019-10-11.15:25:31	54.3243	1654.82	-1.95848	0.969958
2019-10-11.15:25:32	57.3029	1654.83	-1.8184	1.0315
2019-10-11.15:25:33	60.2949	1654.83	-1.65821	1.09361
2019-10-11.15:25:34	63.3078	1654.84	-1.48135	1.15697
2019-10-11.15:25:35	66.347	1654.84	-1.29005	1.22172
2019-10-11.15:25:36	69.4166	1654.85	-1.086	1.28776
2019-10-11.15:25:37	72.5195	1654.86	-0.870653	1.35491
2019-10-11.15:25:38	75.6575	1654.86	-0.645336	1.42293
[State]	TakeOff
2019-10-11.15:25:39	78.831	1654.87	-0.411386	1.49155
2019-10-11.15:25:40	82.0421	1654.88	-0.193906	1.55761
2019-10-11.15:25:41	85.329	1654.89	-0.130812	1.62151
2019-10-11.15:25:42	88.6701	1654.92	-0.0142092	3.26451
2019-10-11.15:25:43	91.2578	1655.95	0.0317856	12.3515
2019-10-11.15:25:44	91.0478	1663.22	0.0374017	11.8309
2019-10-11.15:25:45	90.5977	1671.19	0.0588258	11.5238
2019-10-11.15:25:46	90.2936	1678.19	0.0759301	11.1362
2019-10-11.15:25:47	90.0887	1684.57	0.0763176	11.4945
2019-10-11.15:25:48	89.8117	1691.04	0.0647541	11.5236
2019-10-11.15:25:49	89.5787	1697.43	0.0531468	11.4281
2019-10-11.15:25:50	89.359	1703.63	0.0489868	11.4944
2019-10-11.15:25:51	89.1098	1709.77	0.0528215	11.5277
2019-10-11.15:25:52	88.8767	1715.85	0.0591012	11.5645
2019-10-11.15:25:53	88.6705	1721.87	0.0623107	11.5875
2019-10-11.15:25:54	88.4939	1727.84	0.0608024	11.6011
2019-10-11.15:25:55	88.3314	1733.74	0.0567554	11.6135
2019-10-11.15:25:56	88.1705	1739.58	0.0534647	11.6294
2019-10-11.15:25:57	88.007	1745.37	0.052701	11.6492
2019-10-11.15:25:58	87.8454	1751.1	0.0539513	11.6696
2019-10-11.15:25:59	87.6934	1756.78	0.0554687	11.6872
[State]	Climb
2019-10-11.15:26:00	87.5557	1762.42	0.0558615	11.7002
2019-10-11.15:26:01	87.4354	1768	0.0549459	11.7092
2019-10-11.15:26:02	87.3291	1773.53	0.0534852	11.7196
2019-10-11.15:26:03	87.2326	1779	0.0524101	11.7294
2019-10-11.15:26:04	87.1445	1784.42	0.0521154	11.7392
2019-10-11.15:26:05	87.0655	1789.8	0.0523578	11.7479
2019-10-11.15:26:06	86.9967	1795.14	0.0526116	11.7547
2019-10-11.15:26:07	86.9383	1800.44	0.0525117	11.7594
2019-10-11.15:26:08	86.8888	1805.71	0.0520522	11.7626
2019-10-11.15:26:09	86.8463	1810.95	0.0514812	11.765
2019-10-11.15:26:10	86.8094	1816.16	0.0510556	11.767
2019-10-11.15:26:11	86.7774	1821.35	0.0508641	11.7686
2019-10-11.15:26:12	86.7502	1826.51	0.0508168	11.7696
2019-10-11.15:26:13	86.728	1831.66	0.0507591	11.7697
2019-10-11.15:26:14	86.7104	1836.79	0.0505949	11.769
2019-10-11.15:26:15	86.6969	1841.9	0.0503335	11.7678
2019-10-11.15:26:16	86.6868	1846.99	0.0500513	11.7661
2019-10-11.15:26:17	86.6794	1852.08	0.0498198	11.7642
2019-10-11.15:26:18	86.6744	1857.15	0.0496586	11.762
2019-10-11.15:26:19	86.6719	1862.21	0.0495372	11.7595
2019-10-11.15:26:20	86.6716	1867.27	0.0494104	11.7566
2019-10-11.15:26:21	86.6734	1872.31	0.0492526	11.7535
2019-10-11.15:26:22	86.677	1877.35	0.0490693	11.75
2019-10-11.15:26:23	86.6822	1882.38	0.0488836	11.7464
2019-10-11.15:26:24	86.6887	1887.41	0.0487154	11.7426
2019-10-11.15:26:25	86.6964	1892.43	0.0485686	11.7387
2019-10-11.15:26:26	86.7052	1897.44	0.0484328	11.7348
2019-10-11.15:26:27	86.7148	1902.45	0.0482938	11.7315
2019-10-11.15:26:28	86.7249	1907.46	0.048144	11.7289
2019-10-11.15:26:29	86.7349	1912.46	0.047986	11.7273
2019-10-11.15:26:30	86.7442	1917.47	0.0478272	11.7265
2019-10-11.15:26:31	86.7526	1922.47	0.0476734	11.7264
2019-10-11.15:26:32	86.7599	1927.48	0.0475253	11.7266
2019-10-11.15:26:33	86.7661	1932.49	0.0473795	11.7267
2019-10-11.15:26:34	86.7715	1937.5	0.0472323	11.7263
2019-10-11.15:26:35	86.7765	1942.5	0.0470822	11.7252
2019-10-11.15:26:36	86.7816	1947.51	0.0469303	11.7232
2019-10-11.15:26:37	86.7871	1952.51	0.0467792	11.7204
2019-10-11.15:26:38	86.7936	1957.51	0.0466308	11.7169
2019-10-11.15:26:39	86.801	1962.51	0.0464851	11.7131
2019-10-11.15:26:40	86.8095	1967.5	0.046341	11.7094
2019-10-11.15:26:41	86.8188	1972.48	0.0461972	11.7061
2019-10-11.15:26:42	86.8285	1977.46	0.0460531	11.7034
2019-10-11.15:26:43	86.8383	1982.44	0.0459087	11.7016
2019-10-11.15:26:44	86.8475	1987.42	0.0457645	11.7006
2019-10-11.15:26:45	86.856	1992.4	0.0456208	11.7002
2019-10-11.15:26:46	86.8634	1997.38	0.0454775	11.7002
2019-10-11.15:26:47	86.8699	2002.37	0.0453343	11.7002
2019-10-11.15:26:48	86.8756	2007.35	0.0451909	11.6998
2019-10-11.15:26:49	86.8809	2012.33	0.0450476	11.6987
2019-10-11.15:26:50	86.8861	2017.31	0.0449047	11.6969
2019-10-11.15:26:51	86.8917	2022.29	0.0447625	11.6943
2019-10-11.15:26:52	86.898	2027.26	0.0446215	11.6911
2019-10-11.15:26:53	86.9053	2032.23	0.0444816	11.6876
2019-10-11.15:26:54	86.9135	2037.2	0.0443426	11.684
2019-10-11.15:26:55	86.9224	2042.16	0.0442044	11.6808
2019-10-11.15:26:56	86.9318	2047.12	0.0440668	11.6781
2019-10-11.15:26:57	86.9413	2052.07	0.0439296	11.6761
2019-10-11.15:26:58	86.9505	2057.03	0.0437925	11.6749
2019-10-11.15:26:59	86.9589	2061.98	0.0436555	11.6743
2019-10-11.15:27:00	86.9666	2066.94	0.0435186	11.6741
2019-10-11.15:27:01	86.9733	2071.89	0.0433816	11.6739
2019-10-11.15:27:02	86.9793	2076.85	0.0432446	11.6734
2019-10-11.15:27:03	86.9848	2081.81	0.043108	11.6724
2019-10-11.15:27:04	86.9902	2086.76	0.0429717	11.6708
2019-10-11.15:27:05	86.9958	2091.71	0.0428362	11.6684
2019-10-11.15:27:06	87.0021	2096.66	0.0427015	11.6655
2019-10-11.15:27:07	87.0091	2101.61	0.0425677	11.6622
2019-10-11.15:27:08	87.0171	2106.55	0.0424348	11.6588
2019-10-11.15:27:09	87.0257	2111.48	0.0423027	11.6556
2019-10-11.15:27:10	87.0348	2116.42	0.0421712	11.6529
2019-10-11.15:27:11	87.0441	2121.35	0.0420402	11.6508
2019-10-11.15:27:12	87.0531	2126.28	0.0419094	11.6494
2019-10-11.15:27:13	87.0616	2131.21	0.0417787	11.6486
2019-10-11.15:27:14	87.0693	2136.14	0.041648	11.6481
2019-10-11.15:27:15	87.0762	2141.07	0.0415173	11.6478
2019-10-11.15:27:16	87.0824	2146	0.0413867	11.6473
2019-10-11.15:27:17	87.0882	2150.93	0.0412563	11.6463
2019-10-11.15:27:18	87.0937	2155.86	0.0411263	11.6448
2019-10-11.15:27:19	87.0995	2160.78	0.0409969	11.6426
2019-10-11.15:27:20	87.1057	2165.71	0.0408682	11.6399
2019-10-11.15:27:21	87.1126	2170.63	0.0407404	11.6368
2019-10-11.15:27:22	87.1202	2175.54	0.0406134	11.6336
2019-10-11.15:27:23	87.1286	2180.46	0.0404871	11.6305
2019-10-11.15:27:24	87.1374	2185.37	0.0403615	11.6278
2019-10-11.15:27:25	87.1464	2190.27	0.0402364	11.6257
2019-10-11.15:27:26	87.1553	2195.18	0.0401115	11.6241
2019-10-11.15:27:27	87.1638	2200.08	0.0399867	11.6231
2019-10-11.15:27:28	87.1716	2204.99	0.039862	11.6224
2019-10-11.15:27:29	87.1787	2209.89	0.0397374	11.6219
2019-10-11.15:27:30	87.1852	2214.8	0.0396127	11.6213
2019-10-11.15:27:31	87.1911	2219.7	0.0394883	11.6204
2019-10-11.15:27:32	87.1968	2224.6	0.0393643	11.619
2019-10-11.15:27:33	87.2027	2229.5	0.0392407	11.617
2019-10-11.15:27:34	87.2088	2234.4	0.0391178	11.6145
2019-10-11.15:27:35	87.2156	2239.3	0.0389957	11.6116
2019-10-11.15:27:36	87.2231	2244.19	0.0388743	11.6086
2019-10-11.15:27:37	87.2311	2249.08	0.0387537	11.6056
2019-10-11.15:27:38	87.2397	2253.96	0.0386337	11.6029
2019-10-11.15:27:39	87.2485	2258.85	0.0385141	11.6006
2019-10-11.15:27:40	87.2572	2263.73	0.0383949	11.5989
2019-10-11.15:27:41	87.2657	2268.61	0.0382758	11.5977
2019-10-11.15:27:42	87.2736	2273.49	0.0381568	11.5969
2019-10-11.15:27:43	87.2808	2278.36	0.0380379	11.5963
2019-10-11.15:27:44	87.2874	2283.24	0.037919	11.5956
2019-10-11.15:27:45	87.2936	2288.12	0.0378003	11.5947
2019-10-11.15:27:46	87.2995	2293	0.0376819	11.5933
2019-10-11.15:27:47	87.3054	2297.88	0.0375639	11.5915
2019-10-11.15:27:48	87.3116	2302.75	0.0374466	11.5892
2019-10-11.15:27:49	87.3182	2307.62	0.0373299	11.5865
2019-10-11.15:27:50	87.3255	2312.49	0.0372139	11.5836
2019-10-11.15:27:51	87.3333	2317.35	0.0370986	11.5807
2019-10-11.15:27:52	87.3416	2322.21	0.036984	11.578
2019-10-11.15:27:53	87.3502	2327.07	0.0368697	11.5758
2019-10-11.15:27:54	87.3588	2331.93	0.0367559	11.5739
2019-10-11.15:27:55	87.3672	2336.78	0.0366422	11.5726
2019-10-11.15:27:56	87.3751	2341.64	0.0365287	11.5716
2019-10-11.15:27:57	87.3825	2346.49	0.0364152	11.5708
2019-10-11.15:27:58	87.3893	2351.34	0.0363018	11.5701
2019-10-11.15:27:59	87.3956	2356.2	0.0361885	11.5691
2019-10-11.15:28:00	87.4017	2361.05	0.0360755	11.5679
2019-10-11.15:28:01	87.4077	2365.9	0.0359629	11.5661
2019-10-11.15:28:02	87.4138	2370.75	0.0358508	11.564
2019-10-11.15:28:03	87.4204	2375.59	0.0357394	11.5615
2019-10-11.15:28:04	87.4275	2380.44	0.0356285	11.5588
2019-10-11.15:28:05	87.4351	2385.28	0.0355184	11.556
2019-10-11.15:28:06	87.4432	2390.11	0.0354088	11.5533
2019-10-11.15:28:07	87.4516	2394.95	0.0352997	11.551
2019-10-11.15:28:08	87.46	2399.78	0.0351909	11.5491
2019-10-11.15:28:09	87.4683	2404.61	0.0350824	11.5476
2019-10-11.15:28:10	87.4762	2409.44	0.034974	11.5465
2019-10-11.15:28:11	87.4837	2414.27	0.0348657	11.5456
2019-10-11.15:28:12	87.4907	2419.1	0.0347575	11.5447
2019-10-11.15:28:13	87.4972	2423.92	0.0346495	11.5438
2019-10-11.15:28:14	87.5034	2428.75	0.0345417	11.5425
2019-10-11.15:28:15	87.5095	2433.58	0.0344342	11.5409
2019-10-11.15:28:16	87.5157	2438.4	0.0343271	11.5389
2019-10-11.15:28:17	87.5222	2443.22	0.0342207	11.5366
2019-10-11.15:28:18	87.5291	2448.04	0.0341148	11.534
2019-10-11.15:28:19	87.5366	2452.85	0.0340095	11.5313
2019-10-11.15:28:20	87.5444	2457.67	0.0339048	11.5288
2019-10-11.15:28:21	87.5526	2462.48	0.0338005	11.5264
2019-10-11.15:28:22	87.5609	2467.28	0.0336967	11.5244
2019-10-11.15:28:23	87.5691	2472.09	0.033593	11.5228
2019-10-11.15:28:24	87.577	2476.89	0.0334896	11.5216
2019-10-11.15:28:25	87.5845	2481.7	0.0333863	11.5205
2019-10-11.15:28:26	87.5916	2486.5	0.033283	11.5196
2019-10-11.15:28:27	87.5983	2491.3	0.0331799	11.5186
2019-10-11.15:28:28	87.6046	2496.11	0.033077	11.5174
2019-10-11.15:28:29	87.6108	2500.91	0.0329744	11.5159
2019-10-11.15:28:30	87.6171	2505.71	0.0328722	11.514
[State]	Cruise
2019-10-11.15:28:31	87.6235	2510.5	0.0327705	11.5118
2019-10-11.15:28:32	87.6304	2515.3	0.0326693	11.5094
2019-10-11.15:28:33	87.6376	2520.09	0.0325687	11.5068
2019-10-11.15:28:34	87.6453	2524.88	0.0324687	11.5043
2019-10-11.15:28:35	87.6532	2529.66	0.0323691	11.502
2019-10-11.15:28:36	87.6614	2534.44	0.0322698	11.4999
2019-10-11.15:28:37	87.6695	2539.22	0.0321709	11.4982
2019-10-11.15:28:38	87.6774	2544	0.0320721	11.4968
2019-10-11.15:28:39	87.685	2548.78	0.0319735	11.4957
2019-10-11.15:28:40	87.6922	2553.56	0.031875	11.4946
2019-10-11.15:28:41	87.6989	2558.34	0.0317766	11.4936
2019-10-11.15:28:42	87.7054	2563.12	0.0316784	11.4924
2019-10-11.15:28:43	87.7117	2567.89	0.0315805	11.491
2019-10-11.15:28:44	87.718	2572.67	0.0314829	11.4892
2019-10-11.15:28:45	87.7288	2577.44	0.0315324	11.4144
2019-10-11.15:28:46	87.8384	2582.06	0.0324204	10.9828
2019-10-11.15:28:47	88.1087	2586.27	0.0329593	10.7017
2019-10-11.15:28:48	88.5034	2590.16	0.0333063	10.3833
2019-10-11.15:28:49	89.014	2593.75	0.0335653	10.0857
2019-10-11.15:28:50	89.6212	2597.11	0.0340017	9.7951
2019-10-11.15:28:51	90.3116	2600.27	0.0347422	9.51318
2019-10-11.15:28:52	91.0737	2603.27	0.0357223	9.23677
2019-10-11.15:28:53	91.8998	2606.16	0.0367674	8.96445
2019-10-11.15:28:54	92.784	2608.95	0.0377365	8.69496
2019-10-11.15:28:55	93.7183	2611.66	0.0385957	8.42964
2019-10-11.15:28:56	94.6948	2614.32	0.0394235	8.16374
2019-10-11.15:28:57	95.7124	2616.94	0.0403013	7.89733
2019-10-11.15:28:58	96.7701	2619.52	0.0412373	7.63214
2019-10-11.15:28:59	97.8671	2622.07	0.0421868	7.36764
2019-10-11.15:29:00	98.9978	2624.58	0.0431074	7.10656
2019-10-11.15:29:01	100.164	2627	0.0438739	6.87782
2019-10-11.15:29:02	101.354	2629.29	0.0445339	6.65885
2019-10-11.15:29:03	102.566	2631.47	0.0451649	6.46178
2019-10-11.15:29:04	103.786	2633.55	0.0458426	6.27374
2019-10-11.15:29:05	105.014	2635.59	0.0465545	6.08645
2019-10-11.15:29:06	106.246	2637.63	0.0473028	5.88835
2019-10-11.15:29:07	107.483	2639.67	0.0479793	5.69679
2019-10-11.15:29:08	108.725	2641.7	0.0485678	5.50529
2019-10-11.15:29:09	109.974	2643.71	0.0491013	5.3168
2019-10-11.15:29:10	111.222	2645.71	0.0496205	5.13446
2019-10-11.15:29:11	112.467	2647.68	0.0501412	4.9539
2019-10-11.15:29:12	113.705	2649.63	0.0506342	4.77966
2019-10-11.15:29:13	114.935	2651.54	0.051082	4.60813
2019-10-11.15:29:14	116.158	2653.42	0.0514848	4.4413
2019-10-11.15:29:15	117.374	2655.25	0.0518612	4.27862
2019-10-11.15:29:16	118.585	2657.05	0.0522224	4.12037
2019-10-11.15:29:17	119.789	2658.79	0.0525653	3.96662
2019-10-11.15:29:18	120.987	2660.49	0.0528824	3.81735
2019-10-11.15:29:19	122.176	2662.15	0.0531718	3.67354
2019-10-11.15:29:20	123.353	2663.75	0.0534394	3.53451
2019-10-11.15:29:21	124.517	2665.31	0.0536898	3.40037
2019-10-11.15:29:22	125.668	2666.82	0.0539223	3.27061
2019-10-11.15:29:23	126.805	2668.28	0.0541342	3.14546
2019-10-11.15:29:24	127.93	2669.69	0.0543266	3.02478
2019-10-11.15:29:25	129.039	2671.06	0.0545068	2.88333
2019-10-11.15:29:26	130.845	2670.45	0.057352	-1.17815
2019-10-11.15:29:27	134.009	2663.44	0.0572771	-0.59269
2019-10-11.15:29:28	136.499	2657.67	0.0548763	-0.622756
2019-10-11.15:29:29	139.189	2651.45	0.0556526	-1.57899
2019-10-11.15:29:30	142.091	2643.6	0.0578696	-1.87392
2019-10-11.15:29:31	144.737	2635.81	0.0577829	-1.36209
2019-10-11.15:29:32	146.911	2629.52	0.0565534	-0.716479
2019-10-11.15:29:33	148.875	2624.19	0.0576201	-1.36166
2019-10-11.15:29:34	150.981	2617.88	0.0589562	-1.68246
2019-10-11.15:29:35	153.081	2610.97	0.0586673	-1.82213
2019-10-11.15:29:36	155.088	2603.95	0.0579606	-1.78211
2019-10-11.15:29:37	156.902	2597.3	0.0581866	-1.56508
2019-10-11.15:29:38	158.453	2591.48	0.0585522	-1.1977
2019-10-11.15:29:39	159.753	2586.63	0.0586718	-1.35865
2019-10-11.15:29:40	161.139	2581.26	0.0588492	-1.64967
2019-10-11.15:29:41	162.567	2575.25	0.0587784	-1.83139
2019-10-11.15:29:42	163.979	2568.88	0.058584	-1.903
2019-10-11.15:29:43	165.318	2562.49	0.0585431	-1.8669
2019-10-11.15:29:44	166.528	2556.35	0.0585245	-1.73034
2019-10-11.15:29:45	167.568	2550.76	0.058392	-1.50598
2019-10-11.15:29:46	168.405	2545.94	0.0582542	-1.23389
2019-10-11.15:29:47	169.147	2541.6	0.0584152	-1.38257
2019-10-11.15:29:48	169.889	2537.05	0.0583706	-1.43177
2019-10-11.15:29:49	170.601	2532.45	0.058087	-1.43089
2019-10-11.15:29:50	171.258	2527.93	0.0579443	-1.38078
2019-10-11.15:29:51	171.835	2523.65	0.0578789	-1.28459
2019-10-11.15:29:52	172.315	2519.73	0.0577026	-1.14946
2019-10-11.15:29:53	172.685	2516.26	0.0575074	-0.983051
2019-10-11.15:29:54	172.937	2513.35	0.0573611	-0.792525
2019-10-11.15:29:55	173.067	2511.04	0.0571909	-0.586179
2019-10-11.15:29:56	173.076	2509.37	0.0569865	-0.372815
2019-10-11.15:29:57	172.97	2508.35	0.0567904	-0.160545
2019-10-11.15:29:58	172.77	2507.91	0.0566847	-0.120761
2019-10-11.15:29:59	172.627	2507.36	0.0566317	-0.261161
2019-10-11.15:30:00	172.565	2506.4	0.0563874	-0.402222
2019-10-11.15:30:01	172.586	2505	0.0561385	-0.54652
2019-10-11.15:30:02	172.682	2503.17	0.056003	-0.687369
2019-10-11.15:30:03	172.844	2500.94	0.0558163	-0.751372
2019-10-11.15:30:04	172.932	2498.88	0.0553937	-0.470072
2019-10-11.15:30:05	172.881	2497.58	0.0552059	-0.221197
2019-10-11.15:30:06	172.699	2497.01	0.0551212	0.0235165
2019-10-11.15:30:07	172.399	2497.16	0.0548737	0.253904
2019-10-11.15:30:08	172.023	2497.88	0.054754	0.223839
2019-10-11.15:30:09	171.758	2498.26	0.0547501	0.0103304
2019-10-11.15:30:10	171.624	2497.97	0.0544951	-0.216287
2019-10-11.15:30:11	171.625	2496.98	0.0542216	-0.450817
2019-10-11.15:30:12	171.74	2495.33	0.0539949	-0.470453
2019-10-11.15:30:13	171.743	2494	0.0535817	-0.161344
2019-10-11.15:30:14	171.595	2493.54	0.0534102	0.12243
2019-10-11.15:30:15	171.304	2493.89	0.0533205	0.394654
2019-10-11.15:30:16	170.922	2494.91	0.053249	0.331082
2019-10-11.15:30:17	170.68	2495.47	0.0532042	0.066216
2019-10-11.15:30:18	170.597	2495.21	0.0529576	-0.211289
2019-10-11.15:30:19	170.671	2494.12	0.0527174	-0.490332
2019-10-11.15:30:20	170.766	2492.66	0.0522732	-0.176825
2019-10-11.15:30:21	170.685	2492.06	0.0520021	0.128701
2019-10-11.15:30:22	170.444	2492.36	0.0519477	0.429945
2019-10-11.15:30:23	170.078	2493.45	0.0519136	0.435006
2019-10-11.15:30:24	169.846	2494.18	0.0519057	0.13152
2019-10-11.15:30:25	169.786	2494.01	0.0516633	-0.171557
2019-10-11.15:30:26	169.896	2492.95	0.051409	-0.451595
2019-10-11.15:30:27	169.994	2491.63	0.0509257	-0.0821923
2019-10-11.15:30:28	169.908	2491.25	0.0507055	0.236787
2019-10-11.15:30:29	169.656	2491.79	0.0506608	0.549841
2019-10-11.15:30:30	169.321	2493	0.0507159	0.380649
2019-10-11.15:30:31	169.16	2493.53	0.050653	0.0769217
2019-10-11.15:30:32	169.176	2493.13	0.0503687	-0.240347
2019-10-11.15:30:33	169.348	2491.84	0.0500252	-0.284562
2019-10-11.15:30:34	169.395	2490.87	0.0496063	0.0671001
2019-10-11.15:30:35	169.266	2490.87	0.0495061	0.392504
2019-10-11.15:30:36	168.97	2491.81	0.049449	0.65115
2019-10-11.15:30:37	168.714	2492.89	0.0495695	0.284266
2019-10-11.15:30:38	168.647	2493.06	0.0493986	-0.0338535
2019-10-11.15:30:39	168.757	2492.28	0.0491153	-0.356049
2019-10-11.15:30:40	168.929	2490.93	0.048665	-0.0873278
2019-10-11.15:30:41	168.915	2490.42	0.048393	0.234869
2019-10-11.15:30:42	168.726	2490.86	0.0483652	0.559161
2019-10-11.15:30:43	168.416	2492.1	0.0484278	0.47788
2019-10-11.15:30:44	168.266	2492.8	0.048421	0.160645
2019-10-11.15:30:45	168.295	2492.55	0.0481534	-0.162889
2019-10-11.15:30:46	168.492	2491.38	0.0478441	-0.301928
2019-10-11.15:30:47	168.595	2490.34	0.0474019	0.0703046
2019-10-11.15:30:48	168.516	2490.27	0.0472846	0.39707
2019-10-11.15:30:49	168.264	2491.14	0.0472327	0.700001
2019-10-11.15:30:50	168.016	2492.33	0.0473757	0.350631
2019-10-11.15:30:51	167.956	2492.62	0.0472455	0.0330261
2019-10-11.15:30:52	168.075	2491.96	0.0469609	-0.289437
2019-10-11.15:30:53	168.286	2490.63	0.0465464	-0.0984881
2019-10-11.15:30:54	168.319	2490.02	0.0462493	0.220182
2019-10-11.15:30:55	168.177	2490.35	0.0462212	0.544149
2019-10-11.15:30:56	167.889	2491.56	0.0462574	0.567612
2019-10-11.15:30:57	167.733	2492.42	0.0463076	0.234751
2019-10-11.15:30:58	167.756	2492.33	0.046075	-0.0865369
[State]	Descent
2019-10-11.15:30:59	167.952	2491.32	0.0458169	-0.348211
2019-10-11.15:31:00	168.113	2490.14	0.0453536	0.0314074
2019-10-11.15:31:01	168.087	2489.9	0.0451888	0.353295
2019-10-11.15:31:02	167.889	2490.6	0.0451612	0.672731
2019-10-11.15:31:03	167.625	2491.88	0.0452765	0.436501
2019-10-11.15:31:04	167.543	2492.39	0.0452199	0.125993
2019-10-11.15:31:05	167.636	2491.97	0.0449443	-0.193605
2019-10-11.15:31:06	167.916	2490.58	0.0449951	-0.921501
2019-10-11.15:31:07	168.77	2486.39	0.0454981	-2.26411
2019-10-11.15:31:08	169.842	2480.03	0.0443811	-1.47101
2019-10-11.15:31:09	170.487	2475.57	0.0439265	-1.62613
2019-10-11.15:31:10	171.441	2469.9	0.0452415	-2.42283
2019-10-11.15:31:11	172.422	2463.17	0.044549	-1.6963
2019-10-11.15:31:12	172.975	2458.39	0.0435728	-1.4646
2019-10-11.15:31:13	173.686	2453.26	0.0448022	-2.21412
2019-10-11.15:31:14	174.602	2446.48	0.0447625	-2.02987
2019-10-11.15:31:15	175.2	2440.84	0.0433337	-1.42571
2019-10-11.15:31:16	175.601	2436.46	0.0440575	-1.86413
2019-10-11.15:31:17	176.275	2430.64	0.0449274	-2.41272
2019-10-11.15:31:18	177.007	2423.94	0.0436829	-1.92459
2019-10-11.15:31:19	177.412	2418.74	0.0430753	-1.3875
2019-10-11.15:31:20	177.717	2414.34	0.0441909	-1.937
2019-10-11.15:31:21	178.28	2408.45	0.0443268	-2.43505
2019-10-11.15:31:22	178.895	2401.81	0.0431036	-1.96562
2019-10-11.15:31:23	179.207	2396.6	0.042937	-1.46401
2019-10-11.15:31:24	179.393	2392.28	0.0437698	-1.90415
2019-10-11.15:31:25	179.824	2386.62	0.0437407	-2.37829
2019-10-11.15:31:26	180.37	2379.96	0.0428183	-2.065
2019-10-11.15:31:27	180.646	2374.5	0.0425725	-1.59294
2019-10-11.15:31:28	180.728	2370.25	0.043147	-1.82131
2019-10-11.15:31:29	181.027	2364.94	0.0432748	-2.28711
2019-10-11.15:31:30	181.511	2358.34	0.0425688	-2.19575
2019-10-11.15:31:31	181.778	2352.56	0.042095	-1.72825
2019-10-11.15:31:32	181.798	2348.2	0.0424835	-1.69141
2019-10-11.15:31:33	181.975	2343.28	0.0428086	-2.1887
2019-10-11.15:31:34	182.384	2336.9	0.0423083	-2.36992
2019-10-11.15:31:35	182.659	2330.79	0.0416213	-1.85122
2019-10-11.15:31:36	182.663	2326.19	0.0417972	-1.53643
2019-10-11.15:31:37	182.731	2321.61	0.0422924	-2.10183
2019-10-11.15:31:38	183.052	2315.51	0.0419954	-2.50171
2019-10-11.15:31:39	183.34	2309.15	0.041172	-1.94735
2019-10-11.15:31:40	183.349	2304.3	0.0411688	-1.49253
2019-10-11.15:31:41	183.334	2299.93	0.041749	-2.04369
2019-10-11.15:31:42	183.585	2294.05	0.0415884	-2.51406
2019-10-11.15:31:43	183.871	2287.58	0.0407152	-2.00439
2019-10-11.15:31:44	183.875	2282.58	0.0406011	-1.51887
2019-10-11.15:31:45	183.813	2278.28	0.0412208	-2.0258
2019-10-11.15:31:46	184.024	2272.49	0.0411344	-2.5139
2019-10-11.15:31:47	184.29	2266	0.040215	-2.01449
2019-10-11.15:31:48	184.268	2261.01	0.0400633	-1.51823
2019-10-11.15:31:49	184.192	2256.69	0.0407407	-2.05701
2019-10-11.15:31:50	184.397	2250.81	0.0406454	-2.54402
2019-10-11.15:31:51	184.622	2244.4	0.0396455	-1.96366
2019-10-11.15:31:52	184.545	2239.63	0.0395614	-1.43597
2019-10-11.15:31:53	184.274	2236.19	0.040051	-1.55111
2019-10-11.15:31:54	184.157	2232.12	0.0399503	-1.83557
2019-10-11.15:31:55	184.19	2227.18	0.0393866	-1.75859
2019-10-11.15:31:56	184.005	2223.16	0.0389542	-1.15966
2019-10-11.15:31:57	183.529	2220.94	0.0390518	-0.737297
2019-10-11.15:31:58	183.087	2219.08	0.0394008	-1.19473
2019-10-11.15:31:59	182.883	2215.98	0.0391309	-1.55409
2019-10-11.15:32:00	182.659	2212.72	0.0382823	-0.904918
2019-10-11.15:32:01	182.139	2211.21	0.0382027	-0.354602
2019-10-11.15:32:02	181.553	2210.57	0.0387669	-0.784112
2019-10-11.15:32:03	181.236	2208.63	0.0385968	-1.22643
2019-10-11.15:32:04	181.012	2205.99	0.0376386	-0.713619
2019-10-11.15:32:05	180.503	2204.93	0.0374456	-0.169988
2019-10-11.15:32:06	179.874	2204.98	0.0380683	-0.494576
2019-10-11.15:32:07	179.515	2203.81	0.0380003	-0.95458
2019-10-11.15:32:08	179.323	2201.6	0.037042	-0.602921
2019-10-11.15:32:09	178.872	2200.73	0.0367123	-0.076603
2019-10-11.15:32:10	178.245	2201.17	0.0373089	-0.236642
2019-10-11.15:32:11	177.856	2200.67	0.0373881	-0.695137
2019-10-11.15:32:12	177.707	2198.84	0.0365627	-0.613108
2019-10-11.15:32:13	177.365	2197.82	0.0360144	-0.0889513
2019-10-11.15:32:14	176.785	2198.31	0.0364112	0.0943696
2019-10-11.15:32:15	176.342	2198.55	0.0367459	-0.399924
2019-10-11.15:32:16	176.173	2197.36	0.0362914	-0.79736
2019-10-11.15:32:17	176	2195.91	0.0354448	-0.213722
2019-10-11.15:32:18	175.571	2195.91	0.035467	0.260139
2019-10-11.15:32:19	175.043	2196.8	0.0359639	-0.060433
2019-10-11.15:32:20	174.767	2196.57	0.0358521	-0.490578
2019-10-11.15:32:21	174.719	2195.09	0.0351792	-0.467117
2019-10-11.15:32:22	174.501	2194.24	0.0347108	0.0085888
2019-10-11.15:32:23	174.054	2194.75	0.0348636	0.408312
2019-10-11.15:32:24	173.622	2195.61	0.0352547	-0.0628348
2019-10-11.15:32:25	173.442	2195.24	0.0350221	-0.483371
2019-10-11.15:32:26	173.449	2193.78	0.0343848	-0.337833
2019-10-11.15:32:27	173.259	2193.13	0.0340383	0.0944052
2019-10-11.15:32:28	172.851	2193.75	0.0341703	0.469222
2019-10-11.15:32:29	172.463	2194.7	0.0345124	0.0149419
2019-10-11.15:32:30	172.315	2194.47	0.0343076	-0.38815
2019-10-11.15:32:31	172.368	2193.11	0.033769	-0.358122
2019-10-11.15:32:32	172.255	2192.32	0.0333681	0.0700561
2019-10-11.15:32:33	171.929	2192.76	0.0334415	0.474081
2019-10-11.15:32:34	171.535	2193.9	0.0337596	0.158593
2019-10-11.15:32:35	171.367	2194.03	0.0336738	-0.223133
2019-10-11.15:32:36	171.424	2192.98	0.0333154	-0.517131
2019-10-11.15:32:37	171.431	2191.83	0.0327588	-0.0390399
2019-10-11.15:32:38	171.221	2191.85	0.0327132	0.354654
2019-10-11.15:32:39	170.835	2192.95	0.0329371	0.385811
2019-10-11.15:32:40	170.604	2193.63	0.0330576	-0.0049338
2019-10-11.15:32:41	170.59	2193.17	0.0327899	-0.388012
2019-10-11.15:32:42	170.716	2191.8	0.032291	-0.211909
2019-10-11.15:32:43	170.646	2191.22	0.0320071	0.169108
2019-10-11.15:32:44	170.376	2191.78	0.032074	0.547289
2019-10-11.15:32:45	170.043	2192.98	0.0323455	0.246481
2019-10-11.15:32:46	168.745	2197.17	0.027793	5.12974
2019-10-11.15:32:47	166.817	2207.63	0.030944	4.78429
2019-10-11.15:32:48	164.099	2221.44	0.0331439	3.2552
2019-10-11.15:32:49	161.653	2234.04	0.0289409	6.25663
2019-10-11.15:32:50	159.612	2246.98	0.0290909	5.82203
2019-10-11.15:32:51	156.939	2261.77	0.0309104	4.17084
2019-10-11.15:32:52	154.874	2274.04	0.0276051	7.08619
2019-10-11.15:32:53	152.741	2288.1	0.029689	4.68225
2019-10-11.15:32:54	150.563	2300.97	0.0268016	6.84881
2019-10-11.15:32:55	148.577	2314.7	0.0288672	5.11229
2019-10-11.15:32:56	146.792	2326.7	0.0266344	6.64347
2019-10-11.15:32:57	144.593	2340.86	0.0262006	6.6109
2019-10-11.15:32:58	142.774	2354.07	0.0272801	5.97368
2019-10-11.15:32:59	141.369	2365.45	0.0264953	5.89083
2019-10-11.15:33:00	140.007	2376.46	0.0248564	5.95176
2019-10-11.15:33:01	138.732	2387.25	0.0246472	5.86341
2019-10-11.15:33:02	137.615	2397.48	0.0251901	5.63787
2019-10-11.15:33:03	136.722	2406.89	0.025103	5.28748
2019-10-11.15:33:04	136.097	2415.23	0.0244991	4.83723
2019-10-11.15:33:05	135.769	2422.36	0.0241749	4.31744
2019-10-11.15:33:06	135.749	2428.19	0.0242798	3.76346
2019-10-11.15:33:07	136.032	2432.72	0.0244164	3.20813
2019-10-11.15:33:08	136.545	2436.11	0.0240188	3.07687
2019-10-11.15:33:09	137.033	2439.37	0.0236103	3.10889
2019-10-11.15:33:10	137.457	2442.8	0.0237179	3.19511
2019-10-11.15:33:11	137.799	2446.53	0.0239664	3.32643
2019-10-11.15:33:12	138.042	2450.65	0.0239212	3.47304
2019-10-11.15:33:13	138.308	2454.82	0.0242473	3.05225
2019-10-11.15:33:14	138.763	2458.2	0.0243813	2.71697
2019-10-11.15:33:15	139.362	2460.85	0.0242815	2.42436
2019-10-11.15:33:16	140.064	2462.93	0.0241994	2.19583
2019-10-11.15:33:17	140.825	2464.59	0.0242815	2.04191
2019-10-11.15:33:18	141.602	2466.02	0.0243938	1.96703
2019-10-11.15:33:19	142.351	2467.43	0.0244109	1.97135
2019-10-11.15:33:20	143.032	2468.99	0.0243826	2.05125
2019-10-11.15:33:21	143.609	2470.88	0.0243857	2.19887
2019-10-11.15:33:22	144.086	2473.18	0.0246434	2.09163
2019-10-11.15:33:23	144.659	2475.16	0.0249421	1.83746
2019-10-11.15:33:24	145.313	2476.62	0.0248717	1.65092
2019-10-11.15:33:25	146.013	2477.75	0.0247064	1.52701
2019-10-11.15:33:26	146.717	2478.68	0.0247462	1.47141
[State]	Climb
2019-10-11.15:33:27	147.392	2479.61	0.0248595	1.4825
2019-10-11.15:33:28	148.005	2480.69	0.0248487	1.55598
2019-10-11.15:33:29	148.526	2482.06	0.0248	1.64189
2019-10-11.15:33:30	149.048	2483.48	0.0250715	1.41434
2019-10-11.15:33:31	149.628	2484.53	0.0251513	1.2806
2019-10-11.15:33:32	150.232	2485.32	0.0250138	1.19807
2019-10-11.15:33:33	150.83	2486.01	0.0249491	1.16975
2019-10-11.15:33:34	151.392	2486.73	0.0250074	1.19555
2019-10-11.15:33:35	151.894	2487.61	0.0250159	1.27068
2019-10-11.15:33:36	152.353	2488.65	0.0251175	1.14155
2019-10-11.15:33:37	152.85	2489.44	0.0251668	1.04266
2019-10-11.15:33:38	153.36	2490.05	0.0250899	0.984579
2019-10-11.15:33:39	153.859	2490.59	0.0250225	0.970017
2019-10-11.15:33:40	154.325	2491.17	0.025024	0.998261
2019-10-11.15:33:41	154.739	2491.91	0.0250564	0.995314
2019-10-11.15:33:42	155.161	2492.58	0.0251253	0.893479
2019-10-11.15:33:43	155.595	2493.08	0.0250728	0.841487
2019-10-11.15:33:44	156.022	2493.52	0.0249855	0.825387
2019-10-11.15:33:45	156.422	2493.98	0.0249601	0.844602
2019-10-11.15:33:46	156.785	2494.54	0.0249967	0.81663
2019-10-11.15:33:47	157.157	2495.03	0.0250211	0.752946
2019-10-11.15:33:48	157.53	2495.4	0.0249443	0.723341
2019-10-11.15:33:49	157.889	2495.76	0.0248665	0.723733
2019-10-11.15:33:50	158.219	2496.18	0.0248523	0.733794
2019-10-11.15:33:51	158.543	2496.59	0.0248939	0.670011
2019-10-11.15:33:52	158.868	2496.91	0.0248378	0.644435
2019-10-11.15:33:53	159.181	2497.21	0.0247453	0.64428
2019-10-11.15:33:54	159.471	2497.56	0.0247245	0.633603
2019-10-11.15:33:55	159.76	2497.87	0.0247427	0.593988
2019-10-11.15:33:56	160.044	2498.13	0.0246748	0.581852
2019-10-11.15:33:57	160.312	2498.4	0.0245864	0.588149
2019-10-11.15:33:58	160.57	2498.67	0.0245875	0.548902
2019-10-11.15:33:59	160.825	2498.9	0.0245587	0.536264
2019-10-11.15:34:00	161.067	2499.13	0.0244739	0.53742
2019-10-11.15:34:01	161.301	2499.36	0.0244399	0.506583
2019-10-11.15:34:02	161.531	2499.56	0.0244044	0.499662
2019-10-11.15:34:03	161.748	2499.76	0.0243463	0.485986
2019-10-11.15:34:04	161.961	2499.94	0.0242966	0.470843
2019-10-11.15:34:05	162.165	2500.12	0.0242404	0.468627
2019-10-11.15:34:06	162.363	2500.29	0.0241963	0.448069
2019-10-11.15:34:07	162.553	2500.44	0.0241371	0.445631
2019-10-11.15:34:08	162.737	2500.6	0.0240856	0.427848
2019-10-11.15:34:09	162.914	2500.73	0.0240286	0.424755
2019-10-11.15:34:10	163.085	2500.87	0.0239762	0.409517
2019-10-11.15:34:11	163.249	2501	0.0239164	0.405331
2019-10-11.15:34:12	163.408	2501.12	0.0238612	0.393355
2019-10-11.15:34:13	163.561	2501.23	0.0238032	0.385549
2019-10-11.15:34:14	163.709	2501.34	0.0237437	0.379868
2019-10-11.15:34:15	163.85	2501.44	0.0236856	0.36972
2019-10-11.15:34:16	163.987	2501.54	0.023625	0.364043
2019-10-11.15:34:17	164.119	2501.63	0.0235643	0.358213
2019-10-11.15:34:18	164.245	2501.72	0.0235044	0.349752
2019-10-11.15:34:19	164.367	2501.8	0.0234427	0.343896
2019-10-11.15:34:20	164.485	2501.88	0.0233799	0.339671
2019-10-11.15:34:21	164.598	2501.96	0.0233184	0.332807
2019-10-11.15:34:22	164.706	2502.03	0.0232561	0.326574
2019-10-11.15:34:23	164.811	2502.1	0.0231924	0.32228
2019-10-11.15:34:24	164.912	2502.16	0.0231285	0.318223
2019-10-11.15:34:25	165.008	2502.22	0.0230653	0.312454
2019-10-11.15:34:26	165.101	2502.28	0.0230015	0.307371
2019-10-11.15:34:27	165.191	2502.33	0.0229367	0.303713
2019-10-11.15:34:28	165.277	2502.39	0.0228715	0.300356
2019-10-11.15:34:29	165.359	2502.44	0.022807	0.295663
2019-10-11.15:34:30	165.439	2502.49	0.0227421	0.291298
2019-10-11.15:34:31	165.515	2502.53	0.0226765	0.288025
2019-10-11.15:34:32	165.588	2502.58	0.0226105	0.285352
2019-10-11.15:34:33	165.659	2502.62	0.022545	0.281647
2019-10-11.15:34:34	165.726	2502.66	0.0224793	0.277841
2019-10-11.15:34:35	165.791	2502.7	0.0224132	0.274878
2019-10-11.15:34:36	165.854	2502.73	0.0223465	0.272682
2019-10-11.15:34:37	165.914	2502.77	0.0222803	0.26983
2019-10-11.15:34:38	165.972	2502.8	0.0222142	0.266536
2019-10-11.15:34:39	166.027	2502.83	0.0221477	0.263883
2019-10-11.15:34:40	166.08	2502.86	0.0220807	0.262006
2019-10-11.15:34:41	166.131	2502.89	0.022014	0.2598
2019-10-11.15:34:42	166.18	2502.92	0.0219475	0.256989
2019-10-11.15:34:43	166.227	2502.95	0.0218808	0.254657
2019-10-11.15:34:44	166.273	2502.97	0.0218138	0.253041
2019-10-11.15:34:45	166.316	2503	0.0217468	0.25128
2019-10-11.15:34:46	166.358	2503.02	0.0216803	0.24889
2019-10-11.15:34:47	166.398	2503.04	0.0216135	0.246883
2019-10-11.15:34:48	166.437	2503.07	0.0215464	0.245518
2019-10-11.15:34:49	166.474	2503.09	0.0214795	0.244045
2019-10-11.15:34:50	166.509	2503.11	0.021413	0.242004
2019-10-11.15:34:51	166.543	2503.12	0.0213463	0.240313
2019-10-11.15:34:52	166.576	2503.14	0.0212794	0.239191
2019-10-11.15:34:53	166.607	2503.16	0.0212126	0.237894
2019-10-11.15:34:54	166.637	2503.18	0.0211462	0.236148
2019-10-11.15:34:55	166.666	2503.19	0.0210797	0.234756
2019-10-11.15:34:56	166.694	2503.21	0.021013	0.233854
2019-10-11.15:34:57	166.721	2503.22	0.0209466	0.232649
2019-10-11.15:34:58	166.747	2503.24	0.0208805	0.231171
2019-10-11.15:34:59	166.771	2503.25	0.0208142	0.23006
2019-10-11.15:35:00	166.795	2503.26	0.0207479	0.229324
2019-10-11.15:35:01	166.818	2503.28	0.0206819	0.228167
2019-10-11.15:35:02	166.84	2503.29	0.0206161	0.226948
2019-10-11.15:35:03	166.861	2503.3	0.0205501	0.226097
2019-10-11.15:35:04	166.881	2503.31	0.0204843	0.225442
2019-10-11.15:35:05	166.9	2503.32	0.0204188	0.22435
2019-10-11.15:35:06	166.919	2503.33	0.0203533	0.223372
2019-10-11.15:35:07	166.937	2503.34	0.0202878	0.222746
2019-10-11.15:35:08	166.954	2503.35	0.0202225	0.222085
2019-10-11.15:35:09	166.97	2503.36	0.0201575	0.221114
2019-10-11.15:35:10	166.986	2503.37	0.0200925	0.220353
2019-10-11.15:35:11	167.001	2503.38	0.0200275	0.219884
2019-10-11.15:35:12	167.016	2503.38	0.0199628	0.219177
2019-10-11.15:35:13	167.03	2503.39	0.0198983	0.218371
2019-10-11.15:35:14	167.043	2503.4	0.0198338	0.217808
2019-10-11.15:35:15	167.056	2503.41	0.0197694	0.217398
2019-10-11.15:35:16	167.069	2503.41	0.0197053	0.216688
2019-10-11.15:35:17	167.081	2503.42	0.0196414	0.216051
2019-10-11.15:35:18	167.092	2503.43	0.0195775	0.215653
2019-10-11.15:35:19	167.103	2503.43	0.0195137	0.215213
2019-10-11.15:35:20	167.114	2503.44	0.0194503	0.214576
2019-10-11.15:35:21	167.124	2503.44	0.0193869	0.214092
2019-10-11.15:35:22	167.134	2503.45	0.0193236	0.213793
2019-10-11.15:35:23	167.144	2503.45	0.0192605	0.213304
2019-10-11.15:35:24	167.153	2503.46	0.0191977	0.212785
2019-10-11.15:35:25	167.161	2503.46	0.0191349	0.212435
2019-10-11.15:35:26	167.17	2503.47	0.0190723	0.212152
2019-10-11.15:35:27	167.178	2503.47	0.0190099	0.211671
2019-10-11.15:35:28	167.186	2503.48	0.0189477	0.211264
2019-10-11.15:35:29	167.193	2503.48	0.0188856	0.211017
2019-10-11.15:35:30	167.201	2503.49	0.0188237	0.210697
2019-10-11.15:35:31	167.207	2503.49	0.018762	0.210279
2019-10-11.15:35:32	167.214	2503.49	0.0187004	0.209973
2019-10-11.15:35:33	167.221	2503.5	0.018639	0.209774
2019-10-11.15:35:34	167.227	2503.5	0.0185778	0.209428
2019-10-11.15:35:35	167.233	2503.5	0.0185168	0.20909
2019-10-11.15:35:36	167.238	2503.51	0.0184559	0.208869
2019-10-11.15:35:37	167.244	2503.51	0.0183952	0.208665
2019-10-11.15:35:38	167.249	2503.51	0.0183347	0.208338
2019-10-11.15:35:39	167.254	2503.51	0.0182743	0.208071
2019-10-11.15:35:40	167.259	2503.52	0.0182141	0.207909
2019-10-11.15:35:41	167.264	2503.52	0.0181542	0.207681
2019-10-11.15:35:42	167.269	2503.52	0.0180944	0.207399
2019-10-11.15:35:43	167.273	2503.52	0.0180347	0.207195
2019-10-11.15:35:44	167.277	2503.53	0.0179752	0.207057
2019-10-11.15:35:45	167.282	2503.53	0.017916	0.206819
2019-10-11.15:35:46	167.286	2503.53	0.0178569	0.206587
2019-10-11.15:35:47	167.289	2503.53	0.017798	0.206433
2019-10-11.15:35:48	167.293	2503.54	0.0177392	0.206294
2019-10-11.15:35:49	167.297	2503.54	0.0176807	0.206069
2019-10-11.15:35:50	167.3	2503.54	0.0176223	0.20588
[State]	Cruise
2019-10-11.15:35:51	167.303	2503.54	0.0175641	0.205761
2019-10-11.15:35:52	167.307	2503.54	0.017506	0.205614
2019-10-11.15:35:53	167.31	2503.55	0.0174482	0.205414
2019-10-11.15:35:54	167.313	2503.55	0.0173905	0.205261
2019-10-11.15:35:55	167.316	2503.55	0.017333	0.205161
2019-10-11.15:35:56	167.319	2503.55	0.0172757	0.205009
2019-10-11.15:35:57	167.321	2503.55	0.0172186	0.204837
2019-10-11.15:35:58	167.324	2503.55	0.0171617	0.204712
2019-10-11.15:35:59	167.326	2503.55	0.0171049	0.204622
2019-10-11.15:36:00	167.329	2503.56	0.0170483	0.204474
2019-10-11.15:36:01	167.331	2503.56	0.0169919	0.204326
2019-10-11.15:36:02	167.334	2503.56	0.0169356	0.204221
2019-10-11.15:36:03	167.336	2503.56	0.0168795	0.204136
2019-10-11.15:36:04	167.338	2503.56	0.0168237	0.203998
2019-10-11.15:36:05	167.34	2503.56	0.016768	0.203868
2019-10-11.15:36:06	167.342	2503.56	0.0167124	0.203778
2019-10-11.15:36:07	167.344	2503.56	0.0166571	0.203698
2019-10-11.15:36:08	167.346	2503.57	0.0166019	0.20357
2019-10-11.15:36:09	167.348	2503.57	0.0165469	0.203455
2019-10-11.15:36:10	167.35	2503.57	0.0164921	0.203376
2019-10-11.15:36:11	167.352	2503.57	0.0164374	0.2033
2019-10-11.15:36:12	167.353	2503.57	0.016383	0.203185
2019-10-11.15:36:13	167.355	2503.57	0.0163287	0.20308
2019-10-11.15:36:14	167.357	2503.57	0.0162745	0.203007
2019-10-11.15:36:15	167.358	2503.57	0.0162206	0.202938
2019-10-11.15:36:16	167.36	2503.57	0.0161668	0.202834
2019-10-11.15:36:17	167.361	2503.57	0.0161132	0.202737
2019-10-11.15:36:18	167.363	2503.57	0.0160598	0.202667
2019-10-11.15:36:19	167.364	2503.58	0.0160065	0.202606
2019-10-11.15:36:20	167.365	2503.58	0.0159535	0.202512
2019-10-11.15:36:21	167.367	2503.58	0.0159006	0.202421
2019-10-11.15:36:22	167.368	2503.58	0.0158478	0.202352
2019-10-11.15:36:23	167.369	2503.58	0.0157952	0.202297
2019-10-11.15:36:24	167.371	2503.58	0.0157428	0.202216
2019-10-11.15:36:25	167.372	2503.58	0.0156906	0.202128
2019-10-11.15:36:26	167.373	2503.58	0.0156386	0.202059
2019-10-11.15:36:27	167.374	2503.58	0.0155867	0.202007
2019-10-11.15:36:28	167.375	2503.58	0.015535	0.20194
2019-10-11.15:36:29	167.377	2503.58	0.0154834	0.201857
2019-10-11.15:36:30	167.378	2503.58	0.0154321	0.201786
2019-10-11.15:36:31	167.379	2503.58	0.0153808	0.201733
2019-10-11.15:36:32	167.38	2503.58	0.0153298	0.20168
2019-10-11.15:36:33	167.381	2503.58	0.0152789	0.201604
2019-10-11.15:36:34	167.382	2503.59	0.0152282	0.201531
2019-10-11.15:36:35	167.383	2503.59	0.0151777	0.201474
2019-10-11.15:36:36	167.384	2503.59	0.0151273	0.201428
2019-10-11.15:36:37	167.385	2503.59	0.0150771	0.201366
2019-10-11.15:36:38	167.386	2503.59	0.015027	0.201293
2019-10-11.15:36:39	167.387	2503.59	0.0149772	0.201231
2019-10-11.15:36:40	167.388	2503.59	0.0149274	0.201184
2019-10-11.15:36:41	167.388	2503.59	0.0148779	0.201136
2019-10-11.15:36:42	167.389	2503.59	0.0148285	0.20107
2019-10-11.15:36:43	167.39	2503.59	0.0147793	0.201004
2019-10-11.15:36:44	167.391	2503.59	0.0147302	0.20095
2019-10-11.15:36:45	167.392	2503.59	0.0146813	0.200907
2019-10-11.15:36:46	167.393	2503.59	0.0146325	0.200857
2019-10-11.15:36:47	167.394	2503.59	0.014584	0.200792
2019-10-11.15:36:48	167.394	2503.59	0.0145356	0.200732
2019-10-11.15:36:49	167.395	2503.59	0.0144873	0.200682
2019-10-11.15:36:50	167.396	2503.59	0.0144392	0.200641
2019-10-11.15:36:51	167.397	2503.59	0.0143912	0.20059
2019-10-11.15:36:52	167.397	2503.59	0.0143435	0.200529
2019-10-11.15:36:53	167.398	2503.6	0.0142958	0.200471
2019-10-11.15:36:54	167.399	2503.6	0.0142484	0.200424
2019-10-11.15:36:55	167.4	2503.6	0.014201	0.200384
2019-10-11.15:36:56	167.4	2503.6	0.0141539	0.200335
2019-10-11.15:36:57	167.401	2503.6	0.0141069	0.200276
2019-10-11.15:36:58	167.402	2503.6	0.01406	0.200221
2019-10-11.15:36:59	167.403	2503.6	0.0140133	0.200174
2019-10-11.15:37:00	167.403	2503.6	0.0139668	0.200134
2019-10-11.15:37:01	167.404	2503.6	0.0139204	0.200089
2019-10-11.15:37:02	167.405	2503.6	0.0138742	0.200034
2019-10-11.15:37:03	167.405	2503.6	0.0138281	0.199979
2019-10-11.15:37:04	167.406	2503.6	0.0137822	0.19993
2019-10-11.15:37:05	167.407	2503.6	0.0137364	0.19989
2019-10-11.15:37:06	167.407	2503.6	0.0136908	0.19985
2019-10-11.15:37:07	167.408	2503.6	0.0136453	0.199799
2019-10-11.15:37:08	167.409	2503.6	0.0136	0.199744
2019-10-11.15:37:09	167.409	2503.6	0.0135548	0.199694
2019-10-11.15:37:10	167.41	2503.6	0.0135098	0.199651
2019-10-11.15:37:11	167.411	2503.6	0.013465	0.199613
2019-10-11.15:37:12	167.411	2503.6	0.0134202	0.199569
2019-10-11.15:37:13	167.412	2503.6	0.0133757	0.199518
2019-10-11.15:37:14	167.413	2503.6	0.0133312	0.199465
2019-10-11.15:37:15	167.413	2503.6	0.013287	0.199418
2019-10-11.15:37:16	167.414	2503.6	0.0132428	0.199377
2019-10-11.15:37:17	167.415	2503.61	0.0131988	0.199339
2019-10-11.15:37:18	167.415	2503.61	0.013155	0.199295
2019-10-11.15:37:19	167.416	2503.61	0.0131113	0.199245
2019-10-11.15:37:20	167.416	2503.61	0.0130678	0.199194
2019-10-11.15:37:21	167.417	2503.61	0.0130244	0.199148
2019-10-11.15:37:22	167.418	2503.61	0.0129811	0.199107
2019-10-11.15:37:23	167.418	2503.61	0.012938	0.199068
2019-10-11.15:37:24	167.419	2503.61	0.012895	0.199027
2019-10-11.15:37:25	167.419	2503.61	0.0128522	0.19898
2019-10-11.15:37:26	167.42	2503.61	0.0128095	0.19893
2019-10-11.15:37:27	167.421	2503.61	0.012767	0.198882
2019-10-11.15:37:28	167.421	2503.61	0.0127246	0.198839
2019-10-11.15:37:29	167.422	2503.61	0.0126823	0.198799
2019-10-11.15:37:30	167.422	2503.61	0.0126402	0.19876
2019-10-11.15:37:31	167.423	2503.61	0.0125982	0.198718
2019-10-11.15:37:32	167.424	2503.61	0.0125564	0.198673
2019-10-11.15:37:33	167.424	2503.61	0.0125146	0.198625
2019-10-11.15:37:34	167.425	2503.61	0.0124731	0.198578
2019-10-11.15:37:35	167.425	2503.61	0.0124317	0.198533
2019-10-11.15:37:36	167.426	2503.61	0.0123904	0.198491
2019-10-11.15:37:37	167.426	2503.61	0.0123492	0.19845
2019-10-11.15:37:38	167.427	2503.61	0.0123082	0.19841
2019-10-11.15:37:39	167.428	2503.61	0.0122673	0.198369
2019-10-11.15:37:40	167.428	2503.61	0.0122266	0.198326
2019-10-11.15:37:41	167.429	2503.61	0.012186	0.198283
2019-10-11.15:37:42	167.429	2503.61	0.0121455	0.198238
2019-10-11.15:37:43	167.43	2503.61	0.0121052	0.198194
2019-10-11.15:37:44	167.43	2503.61	0.0120649	0.198149
2019-10-11.15:37:45	167.429	2503.62	0.012028	0.173867
2019-10-11.15:37:46	167.942	2501.61	0.0132407	-2.24255
2019-10-11.15:37:47	168.923	2495.94	0.0119227	-0.887643
2019-10-11.15:37:48	169.685	2491.63	0.0118413	-2.35865
2019-10-11.15:37:49	170.793	2484.91	0.0124066	-1.40683
2019-10-11.15:37:50	171.411	2480.45	0.0122827	-1.99261
2019-10-11.15:37:51	172.479	2473.89	0.0126655	-2.0267
2019-10-11.15:37:52	173.096	2468.52	0.0118562	-1.25836
2019-10-11.15:37:53	173.798	2463.51	0.0127025	-2.38805
2019-10-11.15:37:54	174.685	2456.75	0.0127402	-1.7249
2019-10-11.15:37:55	175.108	2452.09	0.0119488	-1.61722
2019-10-11.15:37:56	175.78	2446.66	0.0130282	-2.46398
2019-10-11.15:37:57	176.525	2440.02	0.0127258	-1.75018
2019-10-11.15:37:58	176.853	2435.39	0.0119381	-1.59798
2019-10-11.15:37:59	177.383	2430.18	0.0131182	-2.36368
2019-10-11.15:38:00	178.069	2423.49	0.0128978	-1.92426
2019-10-11.15:38:01	178.382	2418.46	0.0117699	-1.37163
2019-10-11.15:38:02	178.702	2413.85	0.0129397	-2.14594
2019-10-11.15:38:03	179.313	2407.39	0.0132827	-2.24857
2019-10-11.15:38:04	179.705	2401.53	0.0118983	-1.60551
2019-10-11.15:38:05	179.843	2397.25	0.0124554	-1.85482
2019-10-11.15:38:06	180.246	2391.72	0.013494	-2.43773
2019-10-11.15:38:07	180.749	2385.12	0.0124076	-1.96264
2019-10-11.15:38:08	180.922	2380.11	0.0118226	-1.4232
2019-10-11.15:38:09	181.064	2375.66	0.0130934	-2.08836
2019-10-11.15:38:10	181.501	2369.48	0.0131716	-2.44373
2019-10-11.15:38:11	181.835	2363.31	0.0118809	-1.7903
2019-10-11.15:38:12	181.862	2358.87	0.0122855	-1.66968
2019-10-11.15:38:13	182.056	2353.91	0.0132572	-2.28095
2019-10-11.15:38:14	182.479	2347.36	0.0125456	-2.18117
2019-10-11.15:38:15	182.654	2341.79	0.0117432	-1.6198
2019-10-11.15:38:16	182.631	2337.57	0.0126473	-1.92383
2019-10-11.15:38:17	182.877	2332.02	0.0131332	-2.4752
2019-10-11.15:38:18	183.224	2325.48	0.0120365	-1.99386
2019-10-11.15:38:19	183.251	2320.54	0.0117857	-1.4715
2019-10-11.15:38:20	183.264	2316.12	0.0128755	-2.13096
[State]	Descent
2019-10-11.15:38:21	183.579	2309.93	0.0127729	-2.44721
2019-10-11.15:38:22	183.777	2303.87	0.0116355	-1.78722
2019-10-11.15:38:23	183.687	2299.54	0.0121289	-1.77722
2019-10-11.15:38:24	183.809	2294.42	0.0129612	-2.38108
2019-10-11.15:38:25	184.124	2287.85	0.0120971	-2.1001
2019-10-11.15:38:26	184.145	2282.64	0.0114548	-1.52204
2019-10-11.15:38:27	184.077	2278.35	0.0125319	-2.09939
2019-10-11.15:38:28	184.329	2272.29	0.012722	-2.50994
2019-10-11.15:38:29	184.493	2266.18	0.011434	-1.79915
2019-10-11.15:38:30	184.362	2261.86	0.0118387	-1.82021
2019-10-11.15:38:31	184.468	2256.63	0.0127963	-2.45423
2019-10-11.15:38:32	184.731	2250.09	0.011811	-2.02613
2019-10-11.15:38:33	184.661	2245.19	0.0111837	-1.44338
2019-10-11.15:38:34	184.537	2241.08	0.0123468	-1.97515
2019-10-11.15:38:35	184.66	2235.57	0.0123008	-2.15363
2019-10-11.15:38:36	184.586	2230.68	0.0110243	-1.31064
2019-10-11.15:38:37	184.171	2228	0.0116349	-1.2722
2019-10-11.15:38:38	183.967	2224.64	0.0124501	-1.7927
2019-10-11.15:38:39	183.863	2220.39	0.0112587	-1.18712
2019-10-11.15:38:40	183.377	2218.21	0.0108259	-0.591835
2019-10-11.15:38:41	182.928	2216.55	0.0121111	-1.27571
2019-10-11.15:38:42	182.762	2213.24	0.0116408	-1.15897
2019-10-11.15:38:43	182.324	2211.13	0.0104133	-0.420983
2019-10-11.15:38:44	181.717	2210.53	0.0114832	-0.837176
2019-10-11.15:38:45	181.448	2208.37	0.0119765	-1.29434
2019-10-11.15:38:46	181.123	2206.09	0.0103816	-0.462422
2019-10-11.15:38:47	180.475	2205.85	0.0106864	-0.37464
2019-10-11.15:38:48	180.064	2204.94	0.0118037	-0.99648
2019-10-11.15:38:49	179.856	2202.66	0.0107042	-0.589289
2019-10-11.15:38:50	179.338	2201.97	0.0098818	0.0464383
2019-10-11.15:38:51	178.759	2202.21	0.0111972	-0.53795
2019-10-11.15:38:52	178.522	2200.76	0.0113171	-0.963229
2019-10-11.15:38:53	178.238	2199.18	0.0097885	-0.220572
2019-10-11.15:38:54	177.645	2199.46	0.0101286	0.0456445
2019-10-11.15:38:55	177.206	2199.52	0.0111902	-0.567255
2019-10-11.15:38:56	177.063	2197.93	0.010473	-0.643242
2019-10-11.15:38:57	176.752	2196.92	0.00944	-0.0290232
2019-10-11.15:38:58	176.184	2197.56	0.0101917	0.0585557
2019-10-11.15:38:59	175.805	2197.67	0.0108377	-0.477495
2019-10-11.15:39:00	175.709	2196.25	0.010065	-0.589001
2019-10-11.15:39:01	175.465	2195.27	0.0092863	-0.0106394
2019-10-11.15:39:02	174.959	2195.88	0.0098276	0.274213
2019-10-11.15:39:03	174.561	2196.42	0.0104348	-0.268636
2019-10-11.15:39:04	174.446	2195.49	0.0100418	-0.712991
2019-10-11.15:39:05	174.352	2194.14	0.0091978	-0.140095
2019-10-11.15:39:06	173.992	2194.24	0.0093251	0.339897
2019-10-11.15:39:07	173.522	2195.27	0.009956	0.0315655
2019-10-11.15:39:08	173.303	2195.2	0.0099438	-0.407199
2019-10-11.15:39:09	173.317	2193.85	0.0093553	-0.420629
2019-10-11.15:39:10	173.167	2193.05	0.0089547	0.0590587
2019-10-11.15:39:11	172.783	2193.6	0.0091893	0.476056
2019-10-11.15:39:12	172.398	2194.59	0.0096893	0.0110781
2019-10-11.15:39:13	172.264	2194.35	0.0095654	-0.410737
2019-10-11.15:39:14	172.327	2192.98	0.0090332	-0.322852
2019-10-11.15:39:15	172.204	2192.3	0.0087393	0.111072
2019-10-11.15:39:16	171.86	2192.9	0.0089363	0.51553
2019-10-11.15:39:17	171.501	2193.97	0.0093816	0.0892617
2019-10-11.15:39:18	171.381	2193.89	0.0093033	-0.310856
2019-10-11.15:39:19	171.476	2192.65	0.0089012	-0.39353
2019-10-11.15:39:20	171.433	2191.76	0.0085232	0.052011
2019-10-11.15:39:21	171.176	2192.09	0.0086518	0.454596
2019-10-11.15:39:22	170.805	2193.29	0.0090388	0.241729
2019-10-11.15:39:23	170.645	2193.62	0.0091058	-0.136192
2019-10-11.15:39:24	170.706	2192.79	0.008875	-0.515926
2019-10-11.15:39:25	170.792	2191.52	0.0083838	-0.0859144
2019-10-11.15:39:26	170.914	2190.45	0.0093702	-1.85399
2019-10-11.15:39:27	171.82	2184.85	0.0091441	-1.09059
2019-10-11.15:39:28	172.387	2180.72	0.00856	-2.53061
2019-10-11.15:39:29	173.333	2174.11	0.0085804	-1.14888
2019-10-11.15:39:30	173.931	2169.48	0.0092435	-2.68294
2019-10-11.15:39:31	174.758	2162.88	0.0087021	-1.16899
2019-10-11.15:39:32	175.311	2158.15	0.0090104	-2.68834
2019-10-11.15:39:33	176.06	2151.58	0.0089023	-1.24567
2019-10-11.15:39:34	176.523	2146.92	0.0091877	-2.61353
2019-10-11.15:39:35	177.234	2140.28	0.008989	-1.39833
2019-10-11.15:39:36	177.587	2135.76	0.009096	-2.45649
2019-10-11.15:39:37	178.285	2129.05	0.0092653	-1.62315
2019-10-11.15:39:38	178.531	2124.59	0.0090023	-2.22499
2019-10-11.15:39:39	179.207	2117.99	0.0094484	-1.93113
2019-10-11.15:39:40	179.398	2113.26	0.0089131	-1.86655
2019-10-11.15:39:41	179.974	2107.24	0.0095939	-2.41265
2019-10-11.15:39:42	180.243	2101.67	0.0088092	-1.37735
2019-10-11.15:39:43	180.574	2096.69	0.0094147	-2.64769
2019-10-11.15:39:44	181.028	2090.21	0.0092201	-1.59196
2019-10-11.15:39:45	181.139	2085.83	0.0090244	-2.25337
2019-10-11.15:39:46	181.654	2079.27	0.0095948	-2.05128
2019-10-11.15:39:47	181.733	2074.39	0.008795	-1.68673
2019-10-11.15:39:48	182.079	2068.92	0.0095955	-2.67204
2019-10-11.15:39:49	182.374	2062.74	0.0090479	-1.52814
2019-10-11.15:39:50	182.436	2058.32	0.0090518	-2.33563
2019-10-11.15:39:51	182.867	2051.72	0.0095586	-2.00436
2019-10-11.15:39:52	182.865	2046.98	0.0087403	-1.77301
2019-10-11.15:39:53	183.161	2041.42	0.0095871	-2.66545
2019-10-11.15:39:54	183.378	2035.31	0.0089645	-1.53519
2019-10-11.15:39:55	183.389	2030.9	0.0089997	-2.361
2019-10-11.15:39:56	183.761	2024.3	0.0094888	-2.00033
2019-10-11.15:39:57	183.703	2019.62	0.008678	-1.82189
2019-10-11.15:39:58	183.965	2013.99	0.0095222	-2.65397
2019-10-11.15:39:59	184.113	2007.99	0.008835	-1.5041
2019-10-11.15:40:00	184.102	2003.51	0.0089713	-2.4342
2019-10-11.15:40:01	184.421	1996.91	0.0093318	-1.92351
2019-10-11.15:40:02	184.315	1992.39	0.0086505	-1.98845
2019-10-11.15:40:03	184.597	1986.43	0.0094364	-2.49591
2019-10-11.15:40:04	184.62	1980.84	0.0085804	-1.45319
2019-10-11.15:40:05	184.671	1976.02	0.009074	-2.64499
2019-10-11.15:40:06	184.9	1969.54	0.0089964	-1.70695
2019-10-11.15:40:07	184.791	1965.18	0.0087022	-2.31735
2019-10-11.15:40:08	185.092	1958.65	0.0092146	-2.05322
2019-10-11.15:40:09	184.959	1953.95	0.0085432	-1.93228
2019-10-11.15:40:10	185.205	1948.04	0.0092184	-2.51008
2019-10-11.15:40:11	185.169	1942.55	0.0084522	-1.51138
2019-10-11.15:40:12	185.266	1937.42	0.0090447	-2.77967
2019-10-11.15:40:13	185.372	1931.26	0.0085753	-1.47146
2019-10-11.15:40:14	185.338	1926.6	0.0088062	-2.68377
2019-10-11.15:40:15	185.529	1920.13	0.0087042	-1.60974
2019-10-11.15:40:16	185.429	1915.65	0.0086653	-2.58259
2019-10-11.15:40:17	185.654	1909.07	0.008723	-1.68194
2019-10-11.15:40:18	185.527	1904.61	0.0086045	-2.56493
2019-10-11.15:40:19	185.755	1898.03	0.0086514	-1.65523
2019-10-11.15:40:20	185.634	1893.53	0.0086085	-2.66718
2019-10-11.15:40:21	185.826	1887.02	0.0084749	-1.48279
2019-10-11.15:40:22	185.77	1882.33	0.0087074	-2.92245
2019-10-11.15:40:23	185.824	1876.22	0.0082133	-1.35326
2019-10-11.15:40:24	185.978	1870.73	0.0087304	-2.5496
2019-10-11.15:40:25	185.8	1865.77	0.0084867	-2.43139
2019-10-11.15:40:26	186.011	1859.28	0.0080761	-1.06711
2019-10-11.15:40:27	186.112	1853.97	0.0086262	-2.53053
2019-10-11.15:40:28	185.916	1849.15	0.0087548	-3.83164
2019-10-11.15:40:29	185.773	1843.69	0.008638	-3.12525
2019-10-11.15:40:30	185.681	1837.79	0.0080633	-1.67861
2019-10-11.15:40:31	185.464	1831.88	0.0068927	-0.117262
2019-10-11.15:40:32	184.822	1826.13	0.0052438	1.27914
2019-10-11.15:40:33	183.555	1820.58	0.0032773	2.47436
2019-10-11.15:40:34	181.852	1815.03	-0.0007272	4.45838
2019-10-11.15:40:35	180.235	1809.53	-0.0069847	7.22726
2019-10-11.15:40:36	178.963	1804.09	-0.0106096	9.19356
2019-10-11.15:40:37	178.04	1798.95	-0.0083952	8.9845
2019-10-11.15:40:38	177.217	1794.33	-0.0005831	5.85563
2019-10-11.15:40:39	176.211	1790.48	0.0066956	0.29885
2019-10-11.15:40:40	174.714	1787.43	0.0074861	-5.8499
2019-10-11.15:40:41	172.896	1784.81	0.003815	-10.5616
2019-10-11.15:40:42	171.129	1782.03	0.0009134	-12.1468
2019-10-11.15:40:43	169.604	1778.72	0.0033483	-10.0289
2019-10-11.15:40:44	168.357	1774.67	0.0069341	-4.71585
2019-10-11.15:40:45	167.314	1769.93	0.0032898	1.98075
2019-10-11.15:40:46	166.556	1765.11	-0.0084513	7.97183
2019-10-11.15:40:47	166.348	1761.32	-0.0097199	9.43689
2019-10-11.15:40:48	166.112	1759.36	0.0019527	4.16763
2019-10-11.15:40:49	165.035	1759.07	0.0066398	-4.4668
2019-10-11.15:40:50	163.309	1759.12	0.0024897	-10.1172
2019-10-11.15:40:51	161.823	1758.04	0.0029073	-9.22612
[State]	Landing
2019-10-11.15:40:52	160.829	1755.32	0.0060707	-2.51839
2019-10-11.15:40:53	160.201	1751.37	-0.0029544	5.65771
2019-10-11.15:40:54	160.183	1747.92	-0.0109445	9.65172
2019-10-11.15:40:55	160.353	1746.74	0.0007502	4.69726
2019-10-11.15:40:56	159.442	1747.74	0.0057139	-4.89249
2019-10-11.15:40:57	157.889	1748.68	0.0023304	-9.21718
2019-10-11.15:40:58	156.856	1747.63	0.0054969	-4.87393
2019-10-11.15:40:59	156.412	1744.55	0.0008055	3.66247
2019-10-11.15:41:00	156.58	1741.4	-0.0092835	8.87732
2019-10-11.15:41:01	157.04	1740.61	0.0006427	4.50827
2019-10-11.15:41:02	156.369	1742.16	0.0052058	-4.68274
2019-10-11.15:41:03	155.144	1743.35	-0.627597	-7.4959
2019-10-11.15:41:04	154.862	1741.8	-9.56328	-1.02293
2019-10-11.15:41:05	155.469	1738.22	-13.0748	6.77039
2019-10-11.15:41:06	156.775	1735.95	-10.0718	7.43283
2019-10-11.15:41:07	157.705	1736.08	-8.18749	1.36773
2019-10-11.15:41:08	157.945	1737.25	-8.39431	-3.75327
2019-10-11.15:41:09	158.153	1737.4	-6.75027	-2.94486
2019-10-11.15:41:10	158.885	1735.94	-4.20297	1.93414
2019-10-11.15:41:11	159.878	1733.96	-3.2746	6.41122
2019-10-11.15:41:12	161.022	1732.99	-3.47371	6.21134
2019-10-11.15:41:13	161.75	1733.64	-3.14689	1.24868
2019-10-11.15:41:14	161.92	1735.01	-2.23826	-3.47403
2019-10-11.15:41:15	161.989	1735.8	-1.84195	-3.9947
2019-10-11.15:41:16	162.337	1735.37	-1.62381	-0.503578
2019-10-11.15:41:17	162.828	1734	-1.1029	4.27955
2019-10-11.15:41:18	163.467	1732.55	-0.79563	7.76235
2019-10-11.15:41:19	164.165	1731.91	-0.905461	7.40576
2019-10-11.15:41:20	164.584	1732.44	-0.979344	2.97666
2019-10-11.15:41:21	164.412	1733.8	-0.734639	-2.64613
2019-10-11.15:41:22	163.87	1735.19	-0.466677	-6.20872
2019-10-11.15:41:23	163.392	1735.82	-0.326402	-5.78584
2019-10-11.15:41:24	163.139	1735.3	-0.142764	-1.82388
2019-10-11.15:41:25	163.017	1733.79	-0.0028162	3.79415
2019-10-11.15:41:26	163.04	1731.93	-0.0495249	8.81695
2019-10-11.15:41:27	163.354	1730.67	-0.183003	10.4396
2019-10-11.15:41:28	163.627	1730.68	-0.24739	6.77693
2019-10-11.15:41:29	163.391	1731.96	-0.190979	-0.312309
2019-10-11.15:41:30	162.572	1733.7	-0.0590628	-6.17343
2019-10-11.15:41:31	161.799	1734.77	0.114363	-7.29387
2019-10-11.15:41:32	161.392	1734.51	0.256737	-3.52636
2019-10-11.15:41:33	161.274	1732.99	0.268795	2.76975
2019-10-11.15:41:34	161.351	1730.98	0.154385	8.51316
2019-10-11.15:41:35	161.779	1729.64	0.0085256	10.3969
2019-10-11.15:41:36	162.166	1729.78	-0.075908	6.31987
2019-10-11.15:41:37	161.965	1731.28	-0.0436118	-1.06881
2019-10-11.15:41:38	161.226	1733.09	0.0959089	-6.36014
2019-10-11.15:41:39	160.637	1733.98	0.257849	-6.20814
2019-10-11.15:41:40	160.46	1733.38	0.32842	-1.38004
2019-10-11.15:41:41	160.523	1731.65	0.269403	4.96797
2019-10-11.15:41:42	160.847	1729.84	0.127076	9.53131
2019-10-11.15:41:43	161.43	1729.15	-0.0082839	8.95281
2019-10-11.15:41:44	161.704	1730.02	-0.0518664	2.85113
2019-10-11.15:41:45	161.261	1731.87	0.0323383	-3.96236
2019-10-11.15:41:46	160.621	1733.38	0.193426	-6.61806
2019-10-11.15:41:47	160.324	1733.56	0.309024	-3.80436
2019-10-11.15:41:48	160.36	1732.33	0.304068	2.12323
2019-10-11.15:41:49	160.597	1730.48	0.191683	7.80515
2019-10-11.15:41:50	161.154	1729.23	0.0446475	9.75014
2019-10-11.15:41:51	161.661	1729.46	-0.048286	5.7861
2019-10-11.15:41:52	161.552	1731.04	-0.0204973	-1.28063
