DateTime	ASI:airspeed	Altimeter:altitude	RC:roll	HI:heading
[State]	Standing
2019-10-11.16:40:28	0.474726	1654.61	-0.0010306	0.0033878
[State]	Taxiing
2019-10-11.16:40:29	0.0853854	1654.75	-0.0245335	0.477567
2019-10-11.16:40:30	0.0535163	1654.78	-0.0370837	-0.0699337
2019-10-11.16:40:31	1.36374	1654.79	-0.0897221	-0.0973998
2019-10-11.16:40:32	4.63345	1654.79	-0.16695	0.135519
2019-10-11.16:40:33	8.47311	1654.79	-0.187747	0.240839
2019-10-11.16:40:34	12.389	1654.79	-0.234575	0.290906
2019-10-11.16:40:35	16.2332	1654.79	-0.4139	0.331684
2019-10-11.16:40:36	20.0128	1654.79	-0.792596	0.468966
2019-10-11.16:40:37	23.7334	1654.79	-1.17266	0.564563
2019-10-11.16:40:38	27.3797	1654.8	-1.49447	0.616828
2019-10-11.16:40:39	30.9559	1654.8	-1.70837	0.635842
2019-10-11.16:40:40	34.4348	1654.8	-1.86766	0.665765
2019-10-11.16:40:41	37.7809	1654.8	-2.01423	0.704558
2019-10-11.16:40:42	41.001	1654.81	-2.11545	0.740645
2019-10-11.16:40:43	44.1171	1654.81	-2.16248	0.777494
2019-10-11.16:40:44	47.1587	1654.81	-2.16396	0.82481
2019-10-11.16:40:45	50.1562	1654.82	-2.10866	0.882634
2019-10-11.16:40:46	53.1344	1654.82	-2.00766	0.945272
2019-10-11.16:40:47	56.1104	1654.83	-1.8771	1.00687
2019-10-11.16:40:48	59.096	1654.83	-1.72444	1.06865
2019-10-11.16:40:49	62.0998	1654.84	-1.55393	1.13146
2019-10-11.16:40:50	65.1278	1654.84	-1.36819	1.19566
2019-10-11.16:40:51	68.1849	1654.85	-1.16905	1.2612
2019-10-11.16:40:52	71.2742	1654.85	-0.958062	1.32793
2019-10-11.16:40:53	74.398	1654.86	-0.736575	1.39564
2019-10-11.16:40:54	77.5573	1654.87	-0.505914	1.46405
2019-10-11.16:40:55	80.7522	1654.88	-0.267458	1.53288
[State]	TakeOff
2019-10-11.16:40:56	84.0027	1654.89	-0.156491	1.59361
2019-10-11.16:40:57	87.3331	1654.9	-0.0623919	2.20471
2019-10-11.16:40:58	90.5386	1655.08	0.0557722	8.7382
2019-10-11.16:40:59	91.1693	1659.87	3.68779	12.7745
2019-10-11.16:41:00	90.2924	1668.3	9.74587	11.4898
2019-10-11.16:41:01	89.4393	1675.17	16.3539	11.7901
2019-10-11.16:41:02	88.6146	1680.6	23.9048	12.7718
2019-10-11.16:41:03	87.8952	1684.94	30.7348	12.9617
2019-10-11.16:41:04	87.3477	1688.08	30.3798	12.5543
2019-10-11.16:41:05	86.9962	1690.8	30.3772	11.7013
2019-10-11.16:41:06	86.7789	1693.23	30.3673	11.4434
2019-10-11.16:41:07	86.6016	1695.52	30.3537	11.7013
2019-10-11.16:41:08	86.4069	1697.73	30.3456	12.1767
2019-10-11.16:41:09	86.1884	1699.88	30.3461	12.4807
2019-10-11.16:41:10	85.9769	1701.95	30.3512	12.4813
2019-10-11.16:41:11	85.802	1703.94	30.3549	12.2853
2019-10-11.16:41:12	85.6715	1705.83	30.3544	12.0962
2019-10-11.16:41:13	85.5716	1707.63	30.3505	12.0453
2019-10-11.16:41:14	85.4675	1709.39	27.6025	12.163
2019-10-11.16:41:15	85.0856	1711.99	21.0422	12.624
2019-10-11.16:41:16	84.1352	1716.68	14.5634	13.003
2019-10-11.16:41:17	82.9941	1722.68	7.76976	12.7872
2019-10-11.16:41:18	81.806	1728.78	0.434897	13.3458
2019-10-11.16:41:19	80.7018	1734.64	-1.25948	13.3548
2019-10-11.16:41:20	80.0432	1739.75	2.06352	12.3679
2019-10-11.16:41:21	79.8976	1743.42	4.93465	11.9787
2019-10-11.16:41:22	79.8209	1746.08	4.87886	12.6335
2019-10-11.16:41:23	79.7008	1748.82	1.81327	12.3705
2019-10-11.16:41:24	79.6918	1751.76	-2.17955	12.4179
2019-10-11.16:41:25	79.5298	1754.9	-3.97672	12.9251
2019-10-11.16:41:26	79.2399	1758.23	-2.11008	12.8665
[State]	Climb
2019-10-11.16:41:27	79.1317	1761.54	2.04879	12.4001
2019-10-11.16:41:28	79.1097	1764.39	5.27198	12.4603
2019-10-11.16:41:29	79.1091	1766.66	4.93295	12.6573
2019-10-11.16:41:30	79.1253	1768.91	1.15688	12.3869
2019-10-11.16:41:31	79.2232	1771.48	-3.29274	12.5906
2019-10-11.16:41:32	79.052	1774.38	-4.8345	13.3335
2019-10-11.16:41:33	78.7079	1777.63	-2.15787	13.2201
2019-10-11.16:41:34	78.5467	1780.97	2.67544	12.7736
2019-10-11.16:41:35	78.438	1783.82	6.23393	13.0264
2019-10-11.16:41:36	78.4019	1786	5.44058	12.8281
2019-10-11.16:41:37	78.5393	1787.9	0.741247	12.3056
2019-10-11.16:41:38	78.8015	1790.01	-4.37409	12.5626
2019-10-11.16:41:39	78.7368	1792.41	-5.75141	13.4443
2019-10-11.16:41:40	78.4873	1795.24	-2.21156	13.156
2019-10-11.16:41:41	78.4306	1798.24	2.65514	12.7054
2019-10-11.16:41:42	78.3562	1800.84	6.63253	13.1257
2019-10-11.16:41:43	78.3166	1802.8	6.583	13.1858
2019-10-11.16:41:44	78.4303	1804.59	1.04294	12.3482
2019-10-11.16:41:45	78.7045	1806.62	-5.02691	12.6691
2019-10-11.16:41:46	78.6005	1808.94	-6.72985	13.7814
2019-10-11.16:41:47	78.2916	1811.7	-2.74893	13.3322
2019-10-11.16:41:48	78.242	1814.64	1.98309	12.6711
2019-10-11.16:41:49	78.2007	1817.13	5.64601	13.019
2019-10-11.16:41:50	78.2158	1818.92	8.94296	13.3807
2019-10-11.16:41:51	78.2953	1820.43	2.77694	12.7665
2019-10-11.16:41:52	78.4958	1822.49	-4.05543	12.8747
2019-10-11.16:41:53	78.277	1825.01	-7.45178	14.4246
2019-10-11.16:41:54	77.7178	1828.08	-4.05891	14.2439
2019-10-11.16:41:55	77.4258	1831.42	0.791362	13.2469
2019-10-11.16:41:56	77.2973	1834.24	4.21437	13.2742
2019-10-11.16:41:57	77.264	1836.18	7.93758	13.4493
2019-10-11.16:41:58	77.4968	1837.23	6.19793	13.3565
2019-10-11.16:41:59	77.8273	1838.57	-1.27454	12.5787
2019-10-11.16:42:00	77.9289	1840.51	-7.35094	14.048
2019-10-11.16:42:01	77.467	1843.08	-6.27354	14.9348
2019-10-11.16:42:02	77.0137	1846.27	-1.04609	13.5693
2019-10-11.16:42:03	76.9977	1849.11	2.62983	12.9938
2019-10-11.16:42:04	77.0509	1851.01	5.88654	13.1279
2019-10-11.16:42:05	77.3393	1851.95	10.1378	13.4297
2019-10-11.16:42:06	77.6511	1852.72	3.09359	13.0018
2019-10-11.16:42:07	77.886	1854.47	-3.40448	13.4504
2019-10-11.16:42:08	77.4924	1857.09	-8.33574	15.2995
2019-10-11.16:42:09	76.8231	1860.3	-4.19636	14.4492
2019-10-11.16:42:10	76.6923	1863.35	0.429338	12.9156
2019-10-11.16:42:11	76.8889	1865.41	3.65679	12.6041
2019-10-11.16:42:12	77.235	1866.35	7.25548	12.9427
2019-10-11.16:42:13	77.6235	1866.76	8.15069	13.6507
2019-10-11.16:42:14	77.8735	1867.94	0.637056	12.9838
2019-10-11.16:42:15	77.8025	1870.24	-5.43602	14.4198
2019-10-11.16:42:16	77.1755	1873.32	-7.39491	15.2826
2019-10-11.16:42:17	76.6474	1876.58	-2.22199	13.7644
2019-10-11.16:42:18	76.7214	1879.28	1.70521	12.6849
2019-10-11.16:42:19	76.9765	1880.88	4.85322	12.5979
2019-10-11.16:42:20	77.3788	1881.48	8.97995	13.2993
2019-10-11.16:42:21	77.7173	1881.98	5.17026	13.3346
2019-10-11.16:42:22	77.9472	1883.58	-1.70518	13.2844
2019-10-11.16:42:23	77.6097	1886.23	-7.68939	14.956
2019-10-11.16:42:24	76.9421	1889.4	-5.73989	14.8925
2019-10-11.16:42:25	76.6418	1892.55	-0.576973	13.1917
2019-10-11.16:42:26	76.8216	1894.85	2.84845	12.6014
2019-10-11.16:42:27	77.1358	1896.03	6.17377	12.7131
2019-10-11.16:42:28	77.5558	1896.43	9.8926	13.5896
2019-10-11.16:42:29	77.8363	1897.25	2.42897	12.9961
2019-10-11.16:42:30	77.9355	1899.25	-3.88725	13.9072
2019-10-11.16:42:31	77.4039	1902.17	-8.14226	15.265
2019-10-11.16:42:32	76.7816	1905.4	-3.60471	14.2285
2019-10-11.16:42:33	76.7282	1908.31	0.814406	12.805
2019-10-11.16:42:34	76.9498	1910.2	3.98813	12.5797
2019-10-11.16:42:35	77.3225	1911	7.7181	13.0062
2019-10-11.16:42:36	77.7099	1911.37	7.27208	13.5569
2019-10-11.16:42:37	77.9689	1912.63	-0.0774117	13.0008
2019-10-11.16:42:38	77.822	1915.02	-6.09209	14.5723
2019-10-11.16:42:39	77.1797	1918.11	-7.10925	15.1712
2019-10-11.16:42:40	76.7155	1921.32	-1.71213	13.5424
2019-10-11.16:42:41	76.835	1923.89	2.05017	12.6164
2019-10-11.16:42:42	77.1066	1925.35	5.2308	12.5858
2019-10-11.16:42:43	77.5182	1925.86	9.54909	13.3612
2019-10-11.16:42:44	77.84	1926.43	4.29305	13.1753
2019-10-11.16:42:45	78.0452	1928.13	-2.39223	13.4122
2019-10-11.16:42:46	77.6408	1930.87	-8.37309	15.0383
2019-10-11.16:42:47	76.9789	1934.05	-5.06442	14.6641
2019-10-11.16:42:48	76.7629	1937.12	-0.11675	13.0122
2019-10-11.16:42:49	76.9569	1939.29	3.21476	12.5577
2019-10-11.16:42:50	77.2899	1940.33	6.65415	12.7577
2019-10-11.16:42:51	77.7049	1940.69	9.18865	13.5976
2019-10-11.16:42:52	77.9729	1941.65	1.56319	12.9152
2019-10-11.16:42:53	78.0034	1943.76	-4.62501	14.1047
2019-10-11.16:42:54	77.4259	1946.74	-7.66363	15.251
2019-10-11.16:42:55	76.8454	1949.96	-2.93961	13.9489
2019-10-11.16:42:56	76.8614	1952.76	1.24957	12.6844
2019-10-11.16:42:57	77.0985	1954.49	4.40855	12.5416
2019-10-11.16:42:58	77.4868	1955.18	8.32875	13.097
2019-10-11.16:42:59	77.8517	1955.58	6.20683	13.4078
2019-10-11.16:43:00	78.1038	1957	-0.913313	13.0643
2019-10-11.16:43:01	77.8597	1959.51	-6.89512	14.7255
2019-10-11.16:43:02	77.2013	1962.63	-6.47371	14.9946
2019-10-11.16:43:03	76.8175	1965.79	-1.11813	13.2963
2019-10-11.16:43:04	76.9752	1968.22	2.47476	12.5502
2019-10-11.16:43:05	77.2674	1969.52	5.72936	12.5901
2019-10-11.16:43:06	77.6848	1969.95	10.1078	13.4404
2019-10-11.16:43:07	77.9821	1970.64	3.25291	13.0069
2019-10-11.16:43:08	78.1383	1972.49	-3.2232	13.614
2019-10-11.16:43:09	77.6614	1975.32	-8.54364	15.1246
2019-10-11.16:43:10	77.016	1978.51	-4.25731	14.3701
2019-10-11.16:43:11	76.8951	1981.49	0.412959	12.8279
2019-10-11.16:43:12	77.1045	1983.48	3.65965	12.5162
2019-10-11.16:43:13	77.4594	1984.38	7.2635	12.8405
2019-10-11.16:43:14	77.8597	1984.72	8.10065	13.5473
2019-10-11.16:43:15	78.12	1985.84	0.581037	12.8858
2019-10-11.16:43:16	78.0525	1988.1	-5.49238	14.3326
2019-10-11.16:43:17	77.4328	1991.14	-7.4058	15.1688
2019-10-11.16:43:18	76.9173	1994.34	-2.20025	13.641
2019-10-11.16:43:19	77.001	1997	1.74164	12.5781
2019-10-11.16:43:20	77.2574	1998.56	4.91581	12.51
2019-10-11.16:43:21	77.6598	1999.12	9.08055	13.2089
2019-10-11.16:43:22	77.9964	1999.6	4.9706	13.2059
2019-10-11.16:43:23	78.2251	2001.19	-1.8754	13.2083
2019-10-11.16:43:24	77.8767	2003.83	-7.86763	14.8795
2019-10-11.16:43:25	77.2121	2006.98	-5.56784	14.7362
2019-10-11.16:43:26	76.9348	2010.08	-0.458905	13.0482
2019-10-11.16:43:27	77.1189	2012.33	2.97163	12.4998
2019-10-11.16:43:28	77.4351	2013.45	6.35042	12.6436
2019-10-11.16:43:29	77.8501	2013.82	9.65027	13.5151
2019-10-11.16:43:30	78.1224	2014.68	2.06489	12.8742
2019-10-11.16:43:31	78.1979	2016.7	-4.20694	13.896
2019-10-11.16:43:32	77.648	2019.62	-7.86771	15.1829
2019-10-11.16:43:33	77.0415	2022.83	-3.3318	14.0223
2019-10-11.16:43:34	77.0186	2025.68	1.01424	12.6686
2019-10-11.16:43:35	77.2454	2027.48	4.20518	12.4879
2019-10-11.16:43:36	77.6218	2028.21	8.03676	12.9814
2019-10-11.16:43:37	77.9932	2028.58	6.69714	13.4148
2019-10-11.16:43:38	78.2477	2029.91	-0.545353	12.9535
2019-10-11.16:43:39	78.0495	2032.34	-6.5416	14.5865
2019-10-11.16:43:40	77.3963	2035.43	-6.77699	15.0067
2019-10-11.16:43:41	76.9747	2038.6	-1.38119	13.3317
2019-10-11.16:43:42	77.1161	2041.07	2.30727	12.5097
2019-10-11.16:43:43	77.3968	2042.42	5.54583	12.5255
2019-10-11.16:43:44	77.808	2042.87	9.97625	13.355
2019-10-11.16:43:45	78.1099	2043.49	3.61073	13.0049
2019-10-11.16:43:46	78.285	2045.28	-2.94449	13.4729
2019-10-11.16:43:47	77.8331	2048.05	-8.59588	15.0411
2019-10-11.16:43:48	77.179	2051.22	-4.53963	14.4121
2019-10-11.16:43:49	77.0256	2054.22	0.240683	12.829
2019-10-11.16:43:50	77.2283	2056.25	3.53083	12.4756
2019-10-11.16:43:51	77.5731	2057.18	7.09109	12.766
[State]	Cruise
2019-10-11.16:43:52	77.9739	2057.51	8.40472	13.5226
2019-10-11.16:43:53	78.2325	2058.57	0.827619	12.8365
2019-10-11.16:43:54	78.1934	2060.77	-5.27608	14.2224
2019-10-11.16:43:55	77.5826	2063.77	-7.4785	15.1486
2019-10-11.16:43:56	77.0478	2066.96	-2.3929	13.6695
2019-10-11.16:43:57	77.1144	2069.64	1.62642	12.556
2019-10-11.16:43:58	77.3639	2071.22	4.80731	12.4747
2019-10-11.16:43:59	77.7598	2071.79	8.91924	13.148
2019-10-11.16:44:00	78.0983	2072.24	5.22193	13.2121
2019-10-11.16:44:01	78.3316	2073.77	-1.68603	13.1303
2019-10-11.16:44:02	78.0041	2076.36	-7.67193	14.812
2019-10-11.16:44:03	77.3387	2079.48	-5.75155	14.7521
2019-10-11.16:44:04	77.0387	2082.58	-0.585549	13.0542
2019-10-11.16:44:05	77.2186	2084.84	2.88698	12.4703
2019-10-11.16:44:06	77.5287	2085.97	6.24784	12.5972
2019-10-11.16:44:07	77.9425	2086.34	9.78699	13.4742
2019-10-11.16:44:08	78.2163	2087.14	2.24345	12.8551
2019-10-11.16:44:09	78.3065	2089.11	-4.06075	13.8122
2019-10-11.16:44:10	77.7679	2091.99	-7.96705	15.1452
2019-10-11.16:44:11	77.1539	2095.17	-3.47759	14.0381
2019-10-11.16:44:12	77.1175	2098.02	0.928547	12.6533
2019-10-11.16:44:13	77.3412	2099.83	4.13491	12.4592
2019-10-11.16:44:14	77.7132	2100.56	7.9372	12.9302
2019-10-11.16:44:15	78.0871	2100.9	6.87572	13.4055
2019-10-11.16:44:16	78.3422	2102.19	-0.409962	12.9056
2019-10-11.16:44:17	78.1611	2104.57	-6.41268	14.5233
2019-10-11.16:44:18	77.5116	2107.62	-6.88931	14.9978
2019-10-11.16:44:19	77.078	2110.77	-1.4817	13.3321
2019-10-11.16:44:20	77.214	2113.25	2.24536	12.4831
2019-10-11.16:44:21	77.4907	2114.6	5.48097	12.4922
2019-10-11.16:44:22	77.8997	2115.04	9.90263	13.3108
2019-10-11.16:44:23	78.2037	2115.62	3.73448	12.9919
2019-10-11.16:44:24	78.3855	2117.36	-2.84982	13.4108
2019-10-11.16:44:25	77.9436	2120.1	-8.59224	14.9963
2019-10-11.16:44:26	77.2883	2123.24	-4.64006	14.4096
2019-10-11.16:44:27	77.125	2126.22	0.181693	12.813
2019-10-11.16:44:28	77.3262	2128.26	3.49163	12.4472
2019-10-11.16:44:29	77.6675	2129.17	7.04052	12.7263
2019-10-11.16:44:30	78.0685	2129.48	8.49858	13.4972
2019-10-11.16:44:31	78.3271	2130.51	0.903866	12.8043
2019-10-11.16:44:32	78.2972	2132.67	-5.21005	14.1695
2019-10-11.16:44:33	77.6907	2135.64	-7.50072	15.1232
2019-10-11.16:44:34	77.1513	2138.81	-2.45186	13.6576
2019-10-11.16:44:35	77.2138	2141.47	1.59666	12.5296
2019-10-11.16:44:36	77.4614	2143.04	4.784	12.4477
2019-10-11.16:44:37	77.8552	2143.6	8.88394	13.1119
2019-10-11.16:44:38	78.1941	2144.02	5.27606	13.1921
2019-10-11.16:44:39	78.4289	2145.53	-1.64787	13.09
2019-10-11.16:44:40	78.107	2148.09	-7.63205	14.7741
2019-10-11.16:44:41	77.4426	2151.18	-5.79735	14.7316
2019-10-11.16:44:42	77.1388	2154.25	-0.613754	13.0305
2019-10-11.16:44:43	77.3183	2156.5	2.87405	12.4413
2019-10-11.16:44:44	77.6265	2157.62	6.23609	12.5673
2019-10-11.16:44:45	78.0394	2157.96	9.80794	13.4445
2019-10-11.16:44:46	78.313	2158.74	2.26897	12.8275
2019-10-11.16:44:47	78.4056	2160.68	-4.04031	13.7743
2019-10-11.16:44:48	77.8692	2163.54	-8.00095	15.1143
2019-10-11.16:44:49	77.2551	2166.69	-3.5011	14.0135
2019-10-11.16:44:50	77.2177	2169.52	0.920229	12.624
2019-10-11.16:44:51	77.4408	2171.31	4.13427	12.4322
2019-10-11.16:44:52	77.8113	2172.02	7.9381	12.9013
2019-10-11.16:44:53	78.1842	2172.34	6.86247	13.3769
2019-10-11.16:44:54	78.4392	2173.6	-0.425147	12.8758
2019-10-11.16:44:55	78.2583	2175.96	-6.42774	14.4957
2019-10-11.16:44:56	77.6094	2178.99	-6.88247	14.9651
2019-10-11.16:44:57	77.178	2182.12	-1.47412	13.2968
2019-10-11.16:44:58	77.3153	2184.57	2.25958	12.4526
2019-10-11.16:44:59	77.5919	2185.89	5.5033	12.4669
2019-10-11.16:45:00	78	2186.31	9.9278	13.2875
2019-10-11.16:45:01	78.3021	2186.88	3.67803	12.9571
2019-10-11.16:45:02	78.482	2188.6	-2.89913	13.3916
2019-10-11.16:45:03	78.0375	2191.32	-8.5908	14.9738
2019-10-11.16:45:04	77.3838	2194.44	-4.60008	14.3634
2019-10-11.16:45:05	77.2266	2197.39	0.214527	12.7737
2019-10-11.16:45:06	77.429	2199.39	3.52847	12.4189
2019-10-11.16:45:07	77.7708	2200.28	7.09286	12.7082
2019-10-11.16:45:08	78.1696	2200.57	8.40486	13.4679
2019-10-11.16:45:09	78.4272	2201.58	0.817634	12.7763
2019-10-11.16:45:10	78.3897	2203.73	-5.28831	14.1615
2019-10-11.16:45:11	77.7805	2206.68	-7.48743	15.0878
2019-10-11.16:45:12	77.248	2209.83	-2.39267	13.603
2019-10-11.16:45:13	77.3168	2212.46	1.64383	12.4938
2019-10-11.16:45:14	77.5659	2213.99	4.83987	12.422
2019-10-11.16:45:15	77.9598	2214.52	8.96679	13.0994
2019-10-11.16:45:16	78.2949	2214.93	5.14123	13.1461
2019-10-11.16:45:17	78.5267	2216.43	-1.756	13.0815
2019-10-11.16:45:18	78.1947	2218.98	-7.74239	14.7648
2019-10-11.16:45:19	77.5308	2222.05	-5.70022	14.6741
2019-10-11.16:45:20	77.2403	2225.1	-0.540122	12.9763
2019-10-11.16:45:21	77.4227	2227.3	2.93855	12.4115
2019-10-11.16:45:22	77.7331	2228.38	6.32153	12.553
2019-10-11.16:45:23	78.1444	2228.69	9.69029	13.428
2019-10-11.16:45:24	78.4147	2229.47	2.10078	12.7883
2019-10-11.16:45:25	78.4959	2231.42	-4.18477	13.7882
2019-10-11.16:45:26	77.9512	2234.26	-7.89639	15.092
2019-10-11.16:45:27	77.3451	2237.4	-3.37574	13.9362
2019-10-11.16:45:28	77.3219	2240.18	1.00963	12.5773
2019-10-11.16:45:29	77.5479	2241.92	4.22582	12.4055
2019-10-11.16:45:30	77.9207	2242.59	8.06959	12.9009
2019-10-11.16:45:31	78.2878	2242.9	6.62619	13.3257
2019-10-11.16:45:32	78.5414	2244.17	-0.614661	12.8679
2019-10-11.16:45:33	78.3401	2246.53	-6.60961	14.5094
2019-10-11.16:45:34	77.6881	2249.55	-6.7337	14.9037
2019-10-11.16:45:35	77.2754	2252.65	-1.33889	13.2199
2019-10-11.16:45:36	77.4216	2255.04	2.36432	12.418
2019-10-11.16:45:37	77.7023	2256.31	5.62948	12.4515
2019-10-11.16:45:38	78.1108	2256.69	10.0481	13.2889
2019-10-11.16:45:39	78.4063	2257.27	3.42108	12.8982
2019-10-11.16:45:40	78.5739	2259.01	-3.10731	13.4223
2019-10-11.16:45:41	78.1128	2261.73	-8.56688	14.9748
2019-10-11.16:45:42	77.4646	2264.83	-4.4068	14.2689
2019-10-11.16:45:43	77.3312	2267.74	0.34747	12.7091
2019-10-11.16:45:44	77.5374	2269.67	3.64736	12.3914
2019-10-11.16:45:45	77.8836	2270.51	7.25752	12.7141
2019-10-11.16:45:46	78.2771	2270.77	8.10207	13.4306
2019-10-11.16:45:47	78.5333	2271.82	0.557931	12.7555
2019-10-11.16:45:48	78.4693	2273.98	-5.52156	14.2012
2019-10-11.16:45:49	77.8508	2276.93	-7.41913	15.0398
2019-10-11.16:45:50	77.3378	2280.05	-2.19911	13.5028
2019-10-11.16:45:51	77.4237	2282.61	1.78075	12.4498
2019-10-11.16:45:52	77.6777	2284.08	4.98883	12.4002
2019-10-11.16:45:53	78.0741	2284.56	9.18667	13.1136
2019-10-11.16:45:54	78.4007	2284.98	4.80055	13.0711
2019-10-11.16:45:55	78.6236	2286.5	-2.02275	13.1117
2019-10-11.16:45:56	78.2648	2289.07	-8.01764	14.7852
2019-10-11.16:45:57	77.6021	2292.13	-5.45849	14.5755
2019-10-11.16:45:58	77.344	2295.13	-0.360855	12.891
2019-10-11.16:45:59	77.5318	2297.26	3.08262	12.3815
2019-10-11.16:46:00	77.8485	2298.27	6.50893	12.5571
2019-10-11.16:46:01	78.2571	2298.55	9.41515	13.4201
2019-10-11.16:46:02	78.5224	2299.36	1.7688	12.7433
2019-10-11.16:46:03	78.5771	2301.33	-4.466	13.8513
2019-10-11.16:46:04	78.0148	2304.18	-7.75227	15.0713
2019-10-11.16:46:05	77.4257	2307.3	-3.12211	13.8154
2019-10-11.16:46:06	77.4291	2310.02	1.18039	12.5178
2019-10-11.16:46:07	77.6604	2311.68	4.39303	12.3804
2019-10-11.16:46:08	78.0381	2312.29	8.31188	12.9247
2019-10-11.16:46:09	78.3957	2312.59	6.20688	13.2506
2019-10-11.16:46:10	78.6457	2313.91	-0.941642	12.8844
2019-10-11.16:46:11	78.4074	2316.29	-6.92605	14.5544
2019-10-11.16:46:12	77.7508	2319.3	-6.46164	14.8151
2019-10-11.16:46:13	77.3716	2322.36	-1.10746	13.1119
2019-10-11.16:46:14	77.5312	2324.68	2.53582	12.382
2019-10-11.16:46:15	77.8194	2325.87	5.8354	12.447
[State]	Descent
2019-10-11.16:46:16	78.2289	2326.21	10.1108	13.3068
2019-10-11.16:46:17	78.5148	2326.82	3.0059	12.8242
2019-10-11.16:46:18	78.6598	2328.59	-3.4439	13.4972
2019-10-11.16:46:19	78.1721	2331.32	-8.42698	14.9896
2019-10-11.16:46:20	77.5346	2334.41	-4.08586	14.1326
2019-10-11.16:46:21	77.7004	2337.11	0.656753	8.89672
2019-10-11.16:46:22	81.2761	2333.9	5.01578	-0.865313
2019-10-11.16:46:23	87.4541	2321.22	9.59324	0.0445786
2019-10-11.16:46:24	92.4452	2308.28	3.97661	0.970658
2019-10-11.16:46:25	97.1077	2298.06	-3.34652	-0.801149
2019-10-11.16:46:26	101.381	2287.6	-5.85096	0.139467
2019-10-11.16:46:27	105.087	2278.34	-1.32708	-0.755849
2019-10-11.16:46:28	109.051	2269.19	4.89714	-1.07093
2019-10-11.16:46:29	112.334	2260.17	5.56793	-0.129052
2019-10-11.16:46:30	115.299	2252.55	0.287541	-1.14023
2019-10-11.16:46:31	118.306	2244.87	-4.32978	-0.818619
2019-10-11.16:46:32	120.718	2237.85	-2.54499	-0.590659
2019-10-11.16:46:33	123.21	2231.58	2.50427	-0.984365
2019-10-11.16:46:34	125.307	2225.41	3.71868	-0.41987
2019-10-11.16:46:35	127.042	2220.56	-0.0007043	-0.0770297
2019-10-11.16:46:36	128.593	2216.7	-2.90663	-0.057925
2019-10-11.16:46:37	129.883	2213.19	-1.08702	0.009843
2019-10-11.16:46:38	131.205	2210.15	2.12415	0.107982
2019-10-11.16:46:39	132.155	2207.66	1.88848	0.380767
2019-10-11.16:46:40	133.176	2205.62	-0.904259	0.180413
2019-10-11.16:46:41	134.032	2203.62	-1.7386	0.332865
2019-10-11.16:46:42	134.854	2201.96	0.292792	0.313102
2019-10-11.16:46:43	135.593	2200.5	1.65322	0.471128
2019-10-11.16:46:44	136.175	2199.47	0.423229	0.462883
2019-10-11.16:46:45	136.819	2198.5	-1.09481	0.410611
2019-10-11.16:46:46	137.359	2197.53	-0.533405	0.404223
2019-10-11.16:46:47	137.965	2196.6	0.86627	0.356332
2019-10-11.16:46:48	138.454	2195.72	0.799612	0.462619
2019-10-11.16:46:49	138.907	2195.19	-0.346241	0.605386
2019-10-11.16:46:50	139.238	2194.97	-0.596381	0.534453
2019-10-11.16:46:51	139.64	2194.63	0.253389	0.411346
2019-10-11.16:46:52	140.058	2194.09	0.666173	0.353134
2019-10-11.16:46:53	140.472	2193.48	0.0845636	0.353843
2019-10-11.16:46:54	140.844	2192.97	-0.377862	0.411149
2019-10-11.16:46:55	141.145	2192.65	-0.0112082	0.478416
2019-10-11.16:46:56	141.415	2192.53	0.438522	0.552763
2019-10-11.16:46:57	141.6	2192.66	0.240981	0.593099
2019-10-11.16:46:58	141.818	2192.8	-0.173334	0.494129
2019-10-11.16:46:59	142.034	2192.79	-0.102287	0.438909
2019-10-11.16:47:00	142.293	2192.66	0.245006	0.37396
2019-10-11.16:47:01	142.547	2192.43	0.258314	0.352948
2019-10-11.16:47:02	142.801	2192.19	-0.0135622	0.358077
2019-10-11.16:47:03	143.01	2192.02	-0.073593	0.396076
2019-10-11.16:47:04	143.195	2191.97	0.132576	0.434761
2019-10-11.16:47:05	143.343	2192.05	0.217565	0.493118
2019-10-11.16:47:06	143.448	2192.31	0.0698678	0.553381
2019-10-11.16:47:07	143.543	2192.62	-0.0310454	0.473751
2019-10-11.16:47:08	143.664	2192.81	0.0641958	0.416007
2019-10-11.16:47:09	143.819	2192.86	0.162049	0.361615
2019-10-11.16:47:10	143.985	2192.81	0.104404	0.32842
2019-10-11.16:47:11	144.149	2192.71	0.0185984	0.315578
2019-10-11.16:47:12	144.299	2192.61	0.0513245	0.317454
2019-10-11.16:47:13	144.445	2192.53	0.125009	0.326181
2019-10-11.16:47:14	144.573	2192.51	0.111302	0.350853
2019-10-11.16:47:15	144.672	2192.57	0.0516458	0.391062
2019-10-11.16:47:16	144.736	2192.75	0.0538268	0.441475
2019-10-11.16:47:17	144.773	2193.06	0.100924	0.45485
2019-10-11.16:47:18	144.829	2193.35	0.0998105	0.394265
2019-10-11.16:47:19	144.904	2193.52	0.0612707	0.352433
2019-10-11.16:47:20	144.989	2193.6	0.0574717	0.319048
2019-10-11.16:47:21	145.088	2193.61	0.0880052	0.29119
2019-10-11.16:47:22	145.195	2193.57	0.0960471	0.27161
2019-10-11.16:47:23	145.301	2193.5	0.0737963	0.264397
2019-10-11.16:47:24	145.398	2193.43	0.0649211	0.268521
2019-10-11.16:47:25	145.484	2193.39	0.0816289	0.280245
2019-10-11.16:47:26	145.558	2193.39	0.0912286	0.29875
2019-10-11.16:47:27	145.615	2193.45	0.0796854	0.325008
2019-10-11.16:47:28	145.651	2193.59	0.0708091	0.357416
2019-10-11.16:47:29	145.665	2193.82	0.0787936	0.392188
2019-10-11.16:47:30	145.673	2194.1	0.0847228	0.359137
2019-10-11.16:47:31	145.702	2194.31	0.0752496	0.322208
2019-10-11.16:47:32	145.747	2194.42	0.0700162	0.288386
2019-10-11.16:47:33	145.805	2194.46	0.077279	0.258483
2019-10-11.16:47:34	145.876	2194.43	0.0828428	0.233701
2019-10-11.16:47:35	145.953	2194.36	0.0783544	0.21609
2019-10-11.16:47:36	146.031	2194.25	0.0738729	0.206368
2019-10-11.16:47:37	146.106	2194.13	0.0772288	0.203799
2019-10-11.16:47:38	146.177	2194.02	0.0815127	0.207862
2019-10-11.16:47:39	146.239	2193.93	0.0797168	0.218591
2019-10-11.16:47:40	146.288	2193.88	0.0763872	0.23536
2019-10-11.16:47:41	146.324	2193.88	0.0775677	0.256555
2019-10-11.16:47:42	146.346	2193.94	0.0804335	0.280589
2019-10-11.16:47:43	146.353	2194.07	0.0799175	0.306394
2019-10-11.16:47:44	146.345	2194.26	0.0776265	0.332815
2019-10-11.16:47:45	146.324	2194.51	0.0774945	0.338098
2019-10-11.16:47:46	146.317	2194.75	0.0757879	0.301137
2019-10-11.16:47:47	146.327	2194.89	0.0749345	0.268617
2019-10-11.16:47:48	146.353	2194.96	0.0766163	0.237197
2019-10-11.16:47:49	146.394	2194.95	0.0778744	0.20842
2019-10-11.16:47:50	146.447	2194.88	0.0770982	0.183824
2019-10-11.16:47:51	146.507	2194.76	0.076405	0.164464
2019-10-11.16:47:52	146.573	2194.59	0.0772985	0.150872
2019-10-11.16:47:53	146.639	2194.4	0.0782907	0.143381
2019-10-11.16:47:54	146.703	2194.21	0.0780234	0.142166
2019-10-11.16:47:55	146.762	2194.02	0.0774966	0.147
2019-10-11.16:47:56	146.812	2193.86	0.0778808	0.157223
2019-10-11.16:47:57	146.852	2193.73	0.0785231	0.171979
2019-10-11.16:47:58	146.881	2193.65	0.0784347	0.190349
2019-10-11.16:47:59	146.897	2193.62	0.0780155	0.21126
2019-10-11.16:48:00	146.9	2193.64	0.0780843	0.233477
2019-10-11.16:48:01	146.747	2194.03	0.108142	2.83681
2019-10-11.16:48:02	144.229	2203.05	0.401684	4.40483
2019-10-11.16:48:03	142.247	2213.05	0.0540542	5.81984
2019-10-11.16:48:04	139.301	2226.48	-0.0434605	5.84149
2019-10-11.16:48:05	137.105	2238.48	-0.0249438	5.4573
2019-10-11.16:48:06	134.705	2250.33	0.222694	6.70853
2019-10-11.16:48:07	131.991	2263.84	0.309545	7.10402
2019-10-11.16:48:08	129.496	2277.16	0.0638675	6.74642
2019-10-11.16:48:09	127.408	2289.04	-0.129509	6.17685
2019-10-11.16:48:10	125.567	2299.7	0.04627	6.74653
2019-10-11.16:48:11	123.629	2310.69	0.362552	6.97695
2019-10-11.16:48:12	121.746	2321.62	0.347935	6.97718
2019-10-11.16:48:13	120.068	2331.99	0.054036	6.95306
2019-10-11.16:48:14	118.435	2342.05	-0.0639229	7.21165
2019-10-11.16:48:15	116.874	2351.96	0.130877	7.28575
2019-10-11.16:48:16	115.362	2361.64	0.368365	7.37314
2019-10-11.16:48:17	113.982	2370.93	0.34205	7.186
2019-10-11.16:48:18	112.873	2379.41	0.095076	6.77804
2019-10-11.16:48:19	112.124	2386.75	-0.0663187	6.22948
2019-10-11.16:48:20	111.646	2393.01	0.0646405	6.08107
2019-10-11.16:48:21	111.332	2398.66	0.328628	5.7601
2019-10-11.16:48:22	111.205	2403.62	0.393819	5.43849
2019-10-11.16:48:23	111.232	2407.98	0.204137	5.24202
2019-10-11.16:48:24	111.391	2411.92	0.0043725	5.01675
2019-10-11.16:48:25	111.654	2415.48	0.0259951	4.81664
2019-10-11.16:48:26	111.993	2418.73	0.224642	4.65359
2019-10-11.16:48:27	112.363	2421.76	0.350703	4.55874
2019-10-11.16:48:28	112.735	2424.72	0.261	4.53259
2019-10-11.16:48:29	113.089	2427.72	0.081149	4.56612
2019-10-11.16:48:30	113.396	2430.89	0.0344388	4.64999
2019-10-11.16:48:31	113.62	2434.31	0.165275	4.77949
2019-10-11.16:48:32	113.746	2438.02	0.297778	4.74879
2019-10-11.16:48:33	113.968	2441.56	0.236646	4.4
2019-10-11.16:48:34	114.333	2444.58	0.06681	4.15506
2019-10-11.16:48:35	114.799	2447.22	0.0114775	3.96136
2019-10-11.16:48:36	115.315	2449.59	0.133023	3.83812
2019-10-11.16:48:37	115.826	2451.86	0.270644	3.80262
2019-10-11.16:48:38	116.306	2454.17	0.254205	3.67878
2019-10-11.16:48:39	116.847	2456.3	0.101831	3.51408
2019-10-11.16:48:40	117.421	2458.28	0.0194737	3.40247
2019-10-11.16:48:41	118.02	2460.12	0.0996207	3.25963
2019-10-11.16:48:42	118.629	2461.83	0.222742	3.14037
2019-10-11.16:48:43	119.246	2463.43	0.225424	3.02697
2019-10-11.16:48:44	119.878	2464.94	0.114932	2.91185
2019-10-11.16:48:45	120.529	2466.34	0.0431457	2.8039
[State]	Climb
2019-10-11.16:48:46	121.185	2467.66	0.0963787	2.69983
2019-10-11.16:48:47	121.838	2468.91	0.188399	2.6051
2019-10-11.16:48:48	122.484	2470.09	0.191599	2.51276
2019-10-11.16:48:49	123.131	2471.22	0.110009	2.42333
2019-10-11.16:48:50	123.779	2472.28	0.060271	2.3367
2019-10-11.16:48:51	124.42	2473.3	0.102833	2.25357
2019-10-11.16:48:52	125.048	2474.26	0.16631	2.1777
2019-10-11.16:48:53	125.664	2475.18	0.159873	2.10281
2019-10-11.16:48:54	126.273	2476.07	0.0995885	2.02986
2019-10-11.16:48:55	126.878	2476.91	0.0736634	1.96011
2019-10-11.16:48:56	127.472	2477.72	0.111355	1.89214
2019-10-11.16:48:57	128.052	2478.49	0.14955	1.82997
2019-10-11.16:48:58	128.619	2479.23	0.133061	1.76857
2019-10-11.16:48:59	129.178	2479.94	0.0913396	1.70837
2019-10-11.16:49:00	129.728	2480.62	0.0854945	1.65162
2019-10-11.16:49:01	130.266	2481.27	0.116866	1.5962
2019-10-11.16:49:02	130.79	2481.89	0.133531	1.54421
2019-10-11.16:49:03	131.303	2482.49	0.112309	1.49371
2019-10-11.16:49:04	131.806	2483.07	0.0883226	1.44443
2019-10-11.16:49:05	132.298	2483.63	0.0954279	1.397
2019-10-11.16:49:06	132.778	2484.16	0.116905	1.35222
2019-10-11.16:49:07	133.246	2484.67	0.117762	1.30865
2019-10-11.16:49:08	133.704	2485.16	0.098812	1.26659
2019-10-11.16:49:09	134.15	2485.64	0.0900987	1.22652
2019-10-11.16:49:10	134.584	2486.09	0.101593	1.18717
2019-10-11.16:49:11	135.008	2486.53	0.111633	1.15018
2019-10-11.16:49:12	135.419	2486.95	0.104352	1.11435
2019-10-11.16:49:13	135.817	2487.36	0.0925299	1.08036
2019-10-11.16:49:14	136.202	2487.75	0.0936522	1.04712
2019-10-11.16:49:15	136.576	2488.12	0.102707	1.01513
2019-10-11.16:49:16	136.939	2488.48	0.103599	0.984721
2019-10-11.16:49:17	137.29	2488.83	0.095484	0.955549
2019-10-11.16:49:18	137.63	2489.17	0.091416	0.927306
2019-10-11.16:49:19	137.959	2489.49	0.0959749	0.900061
2019-10-11.16:49:20	138.278	2489.8	0.0997397	0.873982
2019-10-11.16:49:21	138.588	2490.09	0.096247	0.849025
2019-10-11.16:49:22	138.886	2490.38	0.0914214	0.824972
2019-10-11.16:49:23	139.174	2490.66	0.0921657	0.80162
2019-10-11.16:49:24	139.452	2490.92	0.0955153	0.779296
2019-10-11.16:49:25	139.721	2491.17	0.0950454	0.758035
2019-10-11.16:49:26	139.979	2491.42	0.091509	0.737633
2019-10-11.16:49:27	140.229	2491.65	0.0903305	0.717974
2019-10-11.16:49:28	140.469	2491.87	0.0922505	0.699103
2019-10-11.16:49:29	140.701	2492.09	0.0930415	0.681061
2019-10-11.16:49:30	140.925	2492.29	0.0910816	0.663785
2019-10-11.16:49:31	141.14	2492.49	0.0894122	0.647183
2019-10-11.16:49:32	141.348	2492.68	0.0900542	0.631225
2019-10-11.16:49:33	141.548	2492.86	0.09101	0.615937
2019-10-11.16:49:34	141.741	2493.04	0.0901955	0.601304
2019-10-11.16:49:35	141.927	2493.2	0.0887595	0.587261
2019-10-11.16:49:36	142.106	2493.36	0.0886324	0.573764
2019-10-11.16:49:37	142.278	2493.52	0.0893034	0.560816
2019-10-11.16:49:38	142.445	2493.67	0.0891104	0.548415
2019-10-11.16:49:39	142.605	2493.81	0.088116	0.536525
2019-10-11.16:49:40	142.759	2493.94	0.0876672	0.525101
2019-10-11.16:49:41	142.907	2494.07	0.087987	0.514133
2019-10-11.16:49:42	143.05	2494.2	0.0880393	0.503621
2019-10-11.16:49:43	143.188	2494.32	0.0874398	0.493543
2019-10-11.16:49:44	143.32	2494.43	0.0869427	0.483866
2019-10-11.16:49:45	143.448	2494.54	0.0869999	0.474571
2019-10-11.16:49:46	143.571	2494.65	0.0870943	0.465657
2019-10-11.16:49:47	143.689	2494.75	0.0867668	0.457109
2019-10-11.16:49:48	143.803	2494.85	0.0863446	0.448904
2019-10-11.16:49:49	143.912	2494.94	0.0862535	0.441023
2019-10-11.16:49:50	144.018	2495.03	0.0863096	0.433459
2019-10-11.16:49:51	144.119	2495.12	0.0861402	0.426205
2019-10-11.16:49:52	144.217	2495.2	0.0858247	0.419242
2019-10-11.16:49:53	144.311	2495.28	0.0856736	0.412555
2019-10-11.16:49:54	144.401	2495.36	0.0856774	0.406134
2019-10-11.16:49:55	144.488	2495.43	0.0855872	0.399974
2019-10-11.16:49:56	144.572	2495.5	0.0853675	0.394061
2019-10-11.16:49:57	144.652	2495.57	0.0852097	0.388382
2019-10-11.16:49:58	144.729	2495.63	0.0851739	0.382929
2019-10-11.16:49:59	144.804	2495.69	0.0851176	0.377694
2019-10-11.16:50:00	144.876	2495.75	0.0849696	0.37267
2019-10-11.16:50:01	144.944	2495.81	0.0848305	0.367844
2019-10-11.16:50:02	145.011	2495.86	0.0847732	0.363209
2019-10-11.16:50:03	145.074	2495.92	0.0847293	0.358759
2019-10-11.16:50:04	145.136	2495.97	0.0846297	0.354486
2019-10-11.16:50:05	145.195	2496.01	0.0845175	0.350382
2019-10-11.16:50:06	145.251	2496.06	0.0844538	0.34644
2019-10-11.16:50:07	145.306	2496.11	0.0844139	0.342655
2019-10-11.16:50:08	145.358	2496.15	0.0843454	0.339019
2019-10-11.16:50:09	145.409	2496.19	0.0842593	0.335527
2019-10-11.16:50:10	145.457	2496.23	0.0841988	0.332173
2019-10-11.16:50:11	145.504	2496.27	0.0841613	0.32895
2019-10-11.16:50:12	145.548	2496.3	0.0841122	0.325855
2019-10-11.16:50:13	145.591	2496.34	0.0840482	0.322881
2019-10-11.16:50:14	145.633	2496.37	0.0839957	0.320025
2019-10-11.16:50:15	145.673	2496.4	0.0839613	0.31728
2019-10-11.16:50:16	145.711	2496.44	0.0839249	0.314643
2019-10-11.16:50:17	145.748	2496.47	0.0838781	0.312109
2019-10-11.16:50:18	145.783	2496.49	0.0838353	0.309675
2019-10-11.16:50:19	145.817	2496.52	0.0838053	0.307335
2019-10-11.16:50:20	145.85	2496.55	0.0837776	0.305087
2019-10-11.16:50:21	145.881	2496.57	0.0837437	0.302927
2019-10-11.16:50:22	145.912	2496.6	0.0837106	0.300851
2019-10-11.16:50:23	145.941	2496.62	0.0836857	0.298856
2019-10-11.16:50:24	145.969	2496.64	0.0836646	0.296938
2019-10-11.16:50:25	145.995	2496.66	0.0836405	0.295095
2019-10-11.16:50:26	146.021	2496.69	0.083616	0.293323
2019-10-11.16:50:27	146.046	2496.71	0.0835965	0.291619
2019-10-11.16:50:28	146.07	2496.72	0.0835808	0.289982
2019-10-11.16:50:29	146.093	2496.74	0.0835642	0.288408
2019-10-11.16:50:30	146.115	2496.76	0.083547	0.286894
2019-10-11.16:50:31	146.136	2496.78	0.0835327	0.285439
2019-10-11.16:50:32	146.157	2496.79	0.0835216	0.28404
2019-10-11.16:50:33	146.176	2496.81	0.0835108	0.282695
2019-10-11.16:50:34	146.195	2496.82	0.0834997	0.281401
2019-10-11.16:50:35	146.213	2496.84	0.0834902	0.280157
2019-10-11.16:50:36	146.231	2496.85	0.0834832	0.27896
2019-10-11.16:50:37	146.247	2496.87	0.0834771	0.277809
2019-10-11.16:50:38	146.264	2496.88	0.0834709	0.276701
2019-10-11.16:50:39	146.279	2496.89	0.0834657	0.275636
2019-10-11.16:50:40	146.294	2496.9	0.0834623	0.274612
2019-10-11.16:50:41	146.308	2496.92	0.0834599	0.273626
2019-10-11.16:50:42	146.322	2496.93	0.0834577	0.272677
2019-10-11.16:50:43	146.335	2496.94	0.0834562	0.271764
2019-10-11.16:50:44	146.348	2496.95	0.083456	0.270886
2019-10-11.16:50:45	146.36	2496.96	0.0834567	0.270041
2019-10-11.16:50:46	146.372	2496.97	0.0834578	0.269227
2019-10-11.16:50:47	146.383	2496.98	0.0834594	0.268444
2019-10-11.16:50:48	146.394	2496.98	0.0834619	0.26769
2019-10-11.16:50:49	146.405	2496.99	0.0834653	0.266964
2019-10-11.16:50:50	146.415	2497	0.0834691	0.266265
2019-10-11.16:50:51	146.425	2497.01	0.0834733	0.265592
2019-10-11.16:50:52	146.434	2497.02	0.0834782	0.264943
2019-10-11.16:50:53	146.443	2497.02	0.0834837	0.264319
2019-10-11.16:50:54	146.452	2497.03	0.0834897	0.263718
2019-10-11.16:50:55	146.46	2497.04	0.0834961	0.263138
2019-10-11.16:50:56	146.468	2497.04	0.083503	0.26258
2019-10-11.16:50:57	146.476	2497.05	0.0835104	0.262042
2019-10-11.16:50:58	146.483	2497.05	0.0835182	0.261523
2019-10-11.16:50:59	146.49	2497.06	0.0835264	0.261024
2019-10-11.16:51:00	146.497	2497.07	0.0835349	0.260542
2019-10-11.16:51:01	146.504	2497.07	0.0835439	0.260078
2019-10-11.16:51:02	146.51	2497.08	0.0835533	0.25963
2019-10-11.16:51:03	146.516	2497.08	0.0835629	0.259198
2019-10-11.16:51:04	146.522	2497.09	0.0835728	0.258781
2019-10-11.16:51:05	146.527	2497.09	0.0835831	0.258379
2019-10-11.16:51:06	146.533	2497.1	0.0835937	0.257991
2019-10-11.16:51:07	146.538	2497.1	0.0836046	0.257617
2019-10-11.16:51:08	146.543	2497.1	0.0836156	0.257256
2019-10-11.16:51:09	146.548	2497.11	0.083627	0.256907
2019-10-11.16:51:10	146.553	2497.11	0.0836386	0.256571
2019-10-11.16:51:11	146.557	2497.11	0.0836505	0.256245
2019-10-11.16:51:12	146.562	2497.12	0.0836625	0.255931
2019-10-11.16:51:13	146.566	2497.12	0.0836747	0.255628
2019-10-11.16:51:14	146.57	2497.12	0.0836872	0.255335
2019-10-11.16:51:15	146.574	2497.13	0.0836998	0.255051
2019-10-11.16:51:16	146.577	2497.13	0.0837126	0.254777
2019-10-11.16:51:17	146.581	2497.13	0.0837256	0.254512
2019-10-11.16:51:18	146.585	2497.14	0.0837387	0.254256
[State]	Cruise
2019-10-11.16:51:19	146.588	2497.14	0.083752	0.254008
2019-10-11.16:51:20	146.591	2497.14	0.0837654	0.253769
2019-10-11.16:51:21	146.594	2497.14	0.0837789	0.253537
2019-10-11.16:51:22	146.597	2497.15	0.0837926	0.253312
2019-10-11.16:51:23	146.6	2497.15	0.0838064	0.253094
2019-10-11.16:51:24	146.603	2497.15	0.0838203	0.252883
2019-10-11.16:51:25	146.606	2497.15	0.0838343	0.252679
2019-10-11.16:51:26	146.608	2497.16	0.0838484	0.252481
2019-10-11.16:51:27	146.611	2497.16	0.0838626	0.25229
2019-10-11.16:51:28	146.613	2497.16	0.0838769	0.252104
2019-10-11.16:51:29	146.615	2497.16	0.0838912	0.251923
2019-10-11.16:51:30	146.618	2497.16	0.0839057	0.251748
2019-10-11.16:51:31	146.62	2497.17	0.0839202	0.251578
2019-10-11.16:51:32	146.622	2497.17	0.0839347	0.251413
2019-10-11.16:51:33	146.624	2497.17	0.0839494	0.251253
2019-10-11.16:51:34	146.626	2497.17	0.083964	0.251097
2019-10-11.16:51:35	146.628	2497.17	0.0839788	0.250946
2019-10-11.16:51:36	146.63	2497.17	0.0839936	0.250799
2019-10-11.16:51:37	146.632	2497.18	0.0840084	0.250656
2019-10-11.16:51:38	146.633	2497.18	0.0840232	0.250517
2019-10-11.16:51:39	146.635	2497.18	0.0840381	0.250381
2019-10-11.16:51:40	146.637	2497.18	0.0840531	0.250249
2019-10-11.16:51:41	146.638	2497.18	0.084068	0.250121
2019-10-11.16:51:42	146.64	2497.18	0.084083	0.249996
2019-10-11.16:51:43	146.641	2497.18	0.084098	0.249874
2019-10-11.16:51:44	146.642	2497.19	0.084113	0.249755
2019-10-11.16:51:45	146.644	2497.19	0.084128	0.249639
2019-10-11.16:51:46	146.645	2497.19	0.0841431	0.249526
2019-10-11.16:51:47	146.646	2497.19	0.0841581	0.249416
2019-10-11.16:51:48	146.648	2497.19	0.0841732	0.249308
2019-10-11.16:51:49	146.649	2497.19	0.0841883	0.249203
2019-10-11.16:51:50	146.65	2497.19	0.0842034	0.2491
2019-10-11.16:51:51	146.651	2497.19	0.0842184	0.248999
2019-10-11.16:51:52	146.652	2497.19	0.0842335	0.248901
2019-10-11.16:51:53	146.653	2497.2	0.0842486	0.248805
2019-10-11.16:51:54	146.654	2497.2	0.0842636	0.248711
2019-10-11.16:51:55	146.655	2497.2	0.0842787	0.248618
2019-10-11.16:51:56	146.656	2497.2	0.0842937	0.248528
2019-10-11.16:51:57	146.657	2497.2	0.0843088	0.248439
2019-10-11.16:51:58	146.658	2497.2	0.0843238	0.248353
2019-10-11.16:51:59	146.659	2497.2	0.0843388	0.248267
2019-10-11.16:52:00	146.66	2497.2	0.0843538	0.248184
2019-10-11.16:52:01	146.661	2497.2	0.0843688	0.248102
2019-10-11.16:52:02	146.662	2497.2	0.0843837	0.248021
2019-10-11.16:52:03	146.663	2497.2	0.0843987	0.247942
2019-10-11.16:52:04	146.663	2497.2	0.0844136	0.247864
2019-10-11.16:52:05	146.664	2497.21	0.0844285	0.247788
2019-10-11.16:52:06	146.665	2497.21	0.0844434	0.247713
2019-10-11.16:52:07	146.666	2497.21	0.0844582	0.247639
2019-10-11.16:52:08	146.666	2497.21	0.084473	0.247566
2019-10-11.16:52:09	146.667	2497.21	0.0844878	0.247494
2019-10-11.16:52:10	146.668	2497.21	0.0845026	0.247424
2019-10-11.16:52:11	146.668	2497.21	0.0845174	0.247354
2019-10-11.16:52:12	146.669	2497.21	0.0845321	0.247286
2019-10-11.16:52:13	146.67	2497.21	0.0845468	0.247218
2019-10-11.16:52:14	146.67	2497.21	0.0845614	0.247151
2019-10-11.16:52:15	146.671	2497.21	0.084576	0.247085
2019-10-11.16:52:16	146.672	2497.21	0.0845906	0.247021
2019-10-11.16:52:17	146.672	2497.21	0.0846052	0.246956
2019-10-11.16:52:18	146.673	2497.21	0.0846197	0.246893
2019-10-11.16:52:19	146.673	2497.21	0.0846342	0.24683
2019-10-11.16:52:20	146.674	2497.21	0.0846487	0.246768
2019-10-11.16:52:21	146.674	2497.22	0.0846631	0.246707
2019-10-11.16:52:22	146.675	2497.22	0.0846775	0.246646
2019-10-11.16:52:23	146.676	2497.22	0.0846918	0.246586
2019-10-11.16:52:24	146.676	2497.22	0.0847062	0.246527
2019-10-11.16:52:25	146.677	2497.22	0.0847204	0.246468
2019-10-11.16:52:26	146.677	2497.22	0.0847347	0.24641
2019-10-11.16:52:27	146.678	2497.22	0.0847489	0.246353
2019-10-11.16:52:28	146.678	2497.22	0.0847631	0.246295
2019-10-11.16:52:29	146.678	2497.22	0.0847772	0.246239
2019-10-11.16:52:30	146.679	2497.22	0.0847913	0.246183
2019-10-11.16:52:31	146.679	2497.22	0.0848053	0.246127
2019-10-11.16:52:32	146.68	2497.22	0.0848193	0.246072
2019-10-11.16:52:33	146.68	2497.22	0.0848333	0.246017
2019-10-11.16:52:34	146.681	2497.22	0.0848473	0.245963
2019-10-11.16:52:35	146.681	2497.22	0.0848611	0.245909
2019-10-11.16:52:36	146.682	2497.22	0.084875	0.245855
2019-10-11.16:52:37	146.682	2497.22	0.0848888	0.245802
2019-10-11.16:52:38	146.682	2497.22	0.0849026	0.245749
2019-10-11.16:52:39	146.683	2497.22	0.0849163	0.245696
2019-10-11.16:52:40	146.683	2497.22	0.08493	0.245644
2019-10-11.16:52:41	146.684	2497.22	0.0849437	0.245592
2019-10-11.16:52:42	146.684	2497.23	0.0849573	0.24554
2019-10-11.16:52:43	146.684	2497.23	0.0849708	0.245489
2019-10-11.16:52:44	146.685	2497.23	0.0849844	0.245438
2019-10-11.16:52:45	146.685	2497.23	0.0849978	0.245387
2019-10-11.16:52:46	146.686	2497.23	0.0850113	0.245336
2019-10-11.16:52:47	146.686	2497.23	0.0850247	0.245286
2019-10-11.16:52:48	146.686	2497.23	0.085038	0.245236
2019-10-11.16:52:49	146.687	2497.23	0.0850514	0.245186
2019-10-11.16:52:50	146.687	2497.23	0.0850646	0.245137
2019-10-11.16:52:51	146.688	2497.23	0.0850779	0.245087
2019-10-11.16:52:52	146.688	2497.23	0.085091	0.245038
2019-10-11.16:52:53	146.688	2497.23	0.0851042	0.244989
2019-10-11.16:52:54	146.689	2497.23	0.0851173	0.24494
2019-10-11.16:52:55	146.689	2497.23	0.0851304	0.244891
2019-10-11.16:52:56	146.689	2497.23	0.0851434	0.244843
2019-10-11.16:52:57	146.69	2497.23	0.0851564	0.244795
2019-10-11.16:52:58	146.69	2497.23	0.0851693	0.244746
2019-10-11.16:52:59	146.69	2497.23	0.0851822	0.244698
2019-10-11.16:53:00	146.691	2497.23	0.085195	0.244651
2019-10-11.16:53:01	146.845	2496.85	0.0522748	-1.42306
2019-10-11.16:53:02	148.168	2491.63	-0.0952062	-2.36601
2019-10-11.16:53:03	149.092	2486.06	0.145842	-1.42695
2019-10-11.16:53:04	150.154	2480.87	0.199851	-2.79611
2019-10-11.16:53:05	151.541	2473.46	-0.006423	-2.43484
2019-10-11.16:53:06	152.419	2467.43	0.0538573	-1.66288
2019-10-11.16:53:07	153.17	2462.51	0.150793	-2.40233
2019-10-11.16:53:08	154.22	2456.09	0.0432008	-2.96083
2019-10-11.16:53:09	155.305	2448.78	0.0099574	-2.58247
2019-10-11.16:53:10	156.073	2442.54	0.137965	-2.10696
2019-10-11.16:53:11	156.545	2437.63	0.148349	-2.04332
2019-10-11.16:53:12	157.139	2432.42	-0.0088914	-2.49467
2019-10-11.16:53:13	157.878	2426.17	-0.0177772	-2.84397
2019-10-11.16:53:14	158.734	2419.08	0.108296	-2.90003
2019-10-11.16:53:15	159.444	2412.23	0.139152	-2.59565
2019-10-11.16:53:16	159.933	2406.26	0.0509307	-2.25397
2019-10-11.16:53:17	160.185	2401.3	0.0364786	-1.97786
2019-10-11.16:53:18	160.462	2396.53	0.0657064	-2.38257
2019-10-11.16:53:19	160.896	2390.89	0.0547262	-2.67872
2019-10-11.16:53:20	161.445	2384.48	0.0392712	-2.93613
2019-10-11.16:53:21	162.061	2377.47	0.0563412	-2.9331
2019-10-11.16:53:22	162.554	2370.71	0.0901579	-2.71212
2019-10-11.16:53:23	162.89	2364.62	0.0767437	-2.46222
2019-10-11.16:53:24	163.057	2359.29	0.0542582	-2.18641
2019-10-11.16:53:25	163.084	2354.69	0.0622701	-2.1837
2019-10-11.16:53:26	163.212	2349.83	0.0457785	-2.44515
2019-10-11.16:53:27	163.457	2344.28	0.0387857	-2.67712
2019-10-11.16:53:28	163.803	2338.1	0.0539857	-2.88803
2019-10-11.16:53:29	164.233	2331.36	0.0586525	-3.0662
2019-10-11.16:53:30	164.646	2324.41	0.0607168	-2.89758
2019-10-11.16:53:31	164.937	2317.92	0.0700393	-2.71735
2019-10-11.16:53:32	165.104	2311.98	0.0660588	-2.51514
2019-10-11.16:53:33	165.146	2306.65	0.0598644	-2.30122
2019-10-11.16:53:34	165.071	2301.94	0.0632479	-2.11634
2019-10-11.16:53:35	165.011	2297.38	0.0478387	-2.34989
[State]	Descent
2019-10-11.16:53:36	165.06	2292.28	0.0355909	-2.54027
2019-10-11.16:53:37	165.208	2286.64	0.0512298	-2.72564
2019-10-11.16:53:38	165.443	2280.49	0.0583954	-2.8979
2019-10-11.16:53:39	165.747	2273.87	0.0472301	-3.04868
2019-10-11.16:53:40	166.077	2266.93	0.0503912	-2.99595
2019-10-11.16:53:41	166.322	2260.24	0.0717317	-2.86147
2019-10-11.16:53:42	166.474	2253.98	0.0656912	-2.70859
2019-10-11.16:53:43	166.527	2248.18	0.0516614	-2.5438
2019-10-11.16:53:44	166.487	2242.87	0.0586247	-2.37633
2019-10-11.16:53:45	166.364	2238.03	0.0665199	-2.21358
2019-10-11.16:53:46	166.164	2233.65	0.0590764	-2.05988
2019-10-11.16:53:47	165.9	2229.69	0.054144	-1.92048
2019-10-11.16:53:48	165.585	2226.11	0.0595446	-1.80114
2019-10-11.16:53:49	165.236	2222.82	0.0609557	-1.70515
2019-10-11.16:53:50	164.867	2219.76	0.0557782	-1.63397
2019-10-11.16:53:51	164.493	2216.86	0.0547979	-1.58916
2019-10-11.16:53:52	164.129	2214.04	0.057814	-1.57143
2019-10-11.16:53:53	163.789	2211.22	0.0571716	-1.5795
2019-10-11.16:53:54	163.484	2208.34	0.05444	-1.61111
2019-10-11.16:53:55	163.221	2205.33	0.0555243	-1.58589
2019-10-11.16:53:56	162.89	2202.6	0.0734416	-1.32455
2019-10-11.16:53:57	162.466	2200.49	0.074872	-1.11865
2019-10-11.16:53:58	161.969	2198.9	0.0592768	-0.9448
2019-10-11.16:53:59	161.423	2197.73	0.0586615	-0.80947
2019-10-11.16:54:00	160.857	2196.86	0.0682802	-0.717582
2019-10-11.16:54:01	160.295	2196.15	0.065703	-0.669421
2019-10-11.16:54:02	159.757	2195.5	0.0573851	-0.663565
2019-10-11.16:54:03	159.266	2194.78	0.0588852	-0.698771
2019-10-11.16:54:04	158.839	2193.89	0.0637659	-0.771818
2019-10-11.16:54:05	158.49	2192.73	0.0613595	-0.876691
2019-10-11.16:54:06	158.228	2191.23	0.0579341	-0.937846
2019-10-11.16:54:07	157.934	2189.81	0.0781197	-0.710032
2019-10-11.16:54:08	157.566	2188.86	0.086176	-0.545524
2019-10-11.16:54:09	157.143	2188.31	0.067898	-0.410088
2019-10-11.16:54:10	156.684	2188.07	0.0612885	-0.308858
2019-10-11.16:54:11	156.215	2188.02	0.0735406	-0.246718
2019-10-11.16:54:12	155.759	2188.06	0.0761424	-0.223677
2019-10-11.16:54:13	155.332	2188.1	0.0654024	-0.236931
2019-10-11.16:54:14	154.95	2188.03	0.0627028	-0.284393
2019-10-11.16:54:15	154.63	2187.76	0.0699459	-0.363251
2019-10-11.16:54:16	154.383	2187.24	0.071128	-0.467738
2019-10-11.16:54:17	154.214	2186.4	0.0652872	-0.590729
2019-10-11.16:54:18	154.102	2185.26	0.0693434	-0.515617
2019-10-11.16:54:19	153.923	2184.4	0.091301	-0.362913
2019-10-11.16:54:20	153.683	2183.91	0.0874174	-0.227981
2019-10-11.16:54:21	153.39	2183.74	0.069247	-0.112995
2019-10-11.16:54:22	153.063	2183.83	0.0707315	-0.0237251
2019-10-11.16:54:23	152.72	2184.1	0.0829721	0.0355138
2019-10-11.16:54:24	152.38	2184.47	0.0804835	0.0649101
2019-10-11.16:54:25	152.054	2184.86	0.0699385	0.0659101
2019-10-11.16:54:26	151.758	2185.2	0.0706589	0.0390362
2019-10-11.16:54:27	151.505	2185.41	0.0778913	-0.0138335
2019-10-11.16:54:28	151.305	2185.45	0.076918	-0.0880282
2019-10-11.16:54:29	151.162	2185.25	0.0710046	-0.17811
2019-10-11.16:54:30	151.081	2184.8	0.0714403	-0.279413
2019-10-11.16:54:31	151.061	2184.06	0.076071	-0.387002
2019-10-11.16:54:32	151.094	2183.07	0.0779395	-0.379458
2019-10-11.16:54:33	151.072	2182.21	0.0895382	-0.235394
2019-10-11.16:54:34	150.982	2181.71	0.0904172	-0.106143
2019-10-11.16:54:35	150.831	2181.53	0.0801972	0.0150051
2019-10-11.16:54:36	150.628	2181.64	0.0778911	0.122301
2019-10-11.16:54:37	150.387	2181.99	0.0843675	0.21027
2019-10-11.16:54:38	150.122	2182.53	0.0851875	0.276139
2019-10-11.16:54:39	149.847	2183.2	0.079114	0.318785
2019-10-11.16:54:40	149.573	2183.93	0.0771378	0.337111
2019-10-11.16:54:41	149.532	2184.37	5.50495	-0.93021
2019-10-11.16:54:42	151.086	2179.53	13.5476	-1.4877
2019-10-11.16:54:43	152.585	2173.65	21.3869	0.129897
2019-10-11.16:54:44	154.776	2166.96	29.3032	-1.13099
2019-10-11.16:54:45	157.415	2158.05	30.3376	0.266071
2019-10-11.16:54:46	159.555	2151.56	30.3358	-0.395533
2019-10-11.16:54:47	161.946	2143.83	30.3312	-0.855801
2019-10-11.16:54:48	164.343	2135.06	30.3295	-0.651018
2019-10-11.16:54:49	166.419	2127.09	30.3312	-0.244254
2019-10-11.16:54:50	168.117	2120.64	30.3318	-0.0331068
2019-10-11.16:54:51	169.802	2114.29	30.329	-0.445941
2019-10-11.16:54:52	171.539	2107.14	30.327	-0.635149
2019-10-11.16:54:53	173.245	2099.63	30.3258	-0.691189
2019-10-11.16:54:54	174.851	2092.16	30.3251	-0.617193
2019-10-11.16:54:55	176.293	2085.12	30.3248	-0.414181
2019-10-11.16:54:56	177.516	2078.88	30.3249	-0.107039
2019-10-11.16:54:57	178.622	2073.18	30.3231	-0.381811
2019-10-11.16:54:58	179.798	2066.91	30.3215	-0.557191
2019-10-11.16:54:59	180.977	2060.24	30.3199	-0.628988
2019-10-11.16:55:00	182.111	2053.46	30.3189	-0.62605
2019-10-11.16:55:01	183.164	2046.83	30.3182	-0.547112
2019-10-11.16:55:02	184.097	2040.59	30.3176	-0.387547
2019-10-11.16:55:03	184.88	2034.96	30.3171	-0.256787
2019-10-11.16:55:04	185.657	2029.39	30.3154	-0.471776
2019-10-11.16:55:05	186.477	2023.38	30.3139	-0.583258
2019-10-11.16:55:06	187.299	2017.09	30.1024	-0.630296
2019-10-11.16:55:07	188.069	2011.07	24.5126	-0.523559
2019-10-11.16:55:08	188.802	2006	20.4122	-1.00026
2019-10-11.16:55:09	189.667	1999.94	17.4351	-1.11895
2019-10-11.16:55:10	190.51	1993.55	14.5525	-1.13074
2019-10-11.16:55:11	191.299	1987.55	12.0465	-0.975437
2019-10-11.16:55:12	191.904	1982.41	10.2219	-0.645937
2019-10-11.16:55:13	192.442	1977.6	8.6524	-1.05944
2019-10-11.16:55:14	193.16	1971.75	7.22756	-1.36428
2019-10-11.16:55:15	193.981	1965.03	6.18889	-1.57343
2019-10-11.16:55:16	194.759	1958.11	5.22365	-1.3304
2019-10-11.16:55:17	195.368	1952.01	4.33362	-1.06106
2019-10-11.16:55:18	195.792	1946.93	3.65921	-0.751089
2019-10-11.16:55:19	196.153	1942.24	3.10179	-1.11242
2019-10-11.16:55:20	196.685	1936.47	2.59263	-1.43712
2019-10-11.16:55:21	197.352	1929.67	2.21335	-1.54687
2019-10-11.16:55:22	197.899	1923.14	1.87794	-1.18644
2019-10-11.16:55:23	198.231	1917.81	1.54494	-0.828192
2019-10-11.16:55:24	198.459	1913.2	1.28569	-1.14351
2019-10-11.16:55:25	198.881	1907.39	1.08213	-1.53014
2019-10-11.16:55:26	199.439	1900.49	0.920517	-1.40226
2019-10-11.16:55:27	199.785	1894.54	0.779669	-0.979931
2019-10-11.16:55:28	199.919	1889.92	0.619455	-1.07641
2019-10-11.16:55:29	200.233	1884.33	0.484965	-1.55668
2019-10-11.16:55:30	200.712	1877.44	0.441518	-1.33313
2019-10-11.16:55:31	200.92	1871.89	0.379709	-0.803499
2019-10-11.16:55:32	201.038	1867.14	0.234284	-1.38169
2019-10-11.16:55:33	201.451	1860.5	0.193447	-1.50755
2019-10-11.16:55:34	201.657	1854.64	0.238742	-0.80082
2019-10-11.16:55:35	201.745	1849.84	0.0875753	-1.51005
2019-10-11.16:55:36	202.125	1843.03	0.0532152	-1.22484
2019-10-11.16:55:37	202.15	1838.07	0.154482	-1.10433
2019-10-11.16:55:38	202.461	1831.94	-0.0438626	-1.64761
2019-10-11.16:55:39	202.545	1826.3	0.0500365	-0.825308
2019-10-11.16:55:40	202.801	1820.49	-0.0021143	-1.71707
2019-10-11.16:55:41	202.851	1814.98	-0.0140086	-1.05455
2019-10-11.16:55:42	203.172	1808.62	-0.0532403	-1.11489
2019-10-11.16:55:43	203.167	1803.69	-0.0205988	-2.03975
2019-10-11.16:55:44	203.298	1797.67	-0.0368096	-0.941154
2019-10-11.16:55:45	203.505	1791.52	-0.0495674	0.234777
2019-10-11.16:55:46	203.597	1786.03	-0.0690123	0.987278
2019-10-11.16:55:47	203.462	1781.06	-0.0793927	2.62814
2019-10-11.16:55:48	202.564	1776.93	-0.0061271	4.69731
2019-10-11.16:55:49	200.494	1774.64	0.172044	2.31791
2019-10-11.16:55:50	197.973	1773.58	0.334145	-1.77289
2019-10-11.16:55:51	195.434	1772.62	0.386087	-4.13173
2019-10-11.16:55:52	193.054	1771.48	0.405584	-5.52087
2019-10-11.16:55:53	190.842	1770.16	0.454289	-6.28041
2019-10-11.16:55:54	188.785	1768.7	0.48605	-6.53234
2019-10-11.16:55:55	186.871	1767.14	0.500031	-6.3357
2019-10-11.16:55:56	185.086	1765.49	0.525314	-5.70611
2019-10-11.16:55:57	183.424	1763.76	0.546756	-4.65214
2019-10-11.16:55:58	181.877	1761.93	0.55044	-3.16242
2019-10-11.16:55:59	180.444	1759.98	0.544653	-1.22994
2019-10-11.16:56:00	179.106	1757.88	0.526881	1.13669
[State]	Landing
2019-10-11.16:56:01	177.856	1755.66	0.486213	3.88961
2019-10-11.16:56:02	176.707	1753.35	0.423741	6.87054
2019-10-11.16:56:03	175.716	1751.05	0.347371	9.67808
2019-10-11.16:56:04	174.95	1748.94	0.263116	11.5723
2019-10-11.16:56:05	174.362	1747.19	0.180325	11.8359
2019-10-11.16:56:06	173.827	1745.96	0.115836	9.88233
2019-10-11.16:56:07	173.223	1745.34	0.0875473	5.64406
2019-10-11.16:56:08	172.373	1745.31	0.108787	0.112063
2019-10-11.16:56:09	171.192	1745.66	0.184693	-5.2061
2019-10-11.16:56:10	169.924	1746	0.303951	-8.78889
2019-10-11.16:56:11	168.792	1745.93	0.430506	-9.60194
2019-10-11.16:56:12	167.876	1745.19	0.518505	-7.48616
2019-10-11.16:56:13	167.194	1743.7	0.535778	-2.92848
2019-10-11.16:56:14	166.666	1741.52	0.477367	2.75215
2019-10-11.16:56:15	166.256	1739.05	0.35706	8.22456
2019-10-11.16:56:16	166.159	1736.93	0.214	11.4167
2019-10-11.16:56:17	166.249	1735.78	0.0938606	10.3762
2019-10-11.16:56:18	166.146	1735.84	0.0453562	4.72949
2019-10-11.16:56:19	165.475	1736.87	0.098805	-2.58623
2019-10-11.16:56:20	164.403	1738.08	0.242137	-7.80462
2019-10-11.16:56:21	163.479	1738.59	0.400467	-8.45502
2019-10-11.16:56:22	162.897	1737.93	0.480856	-4.58713
2019-10-11.16:56:23	162.602	1736.12	0.443939	1.86587
2019-10-11.16:56:24	162.473	1733.78	0.313605	8.0838
2019-10-11.16:56:25	162.707	1731.94	0.152116	11.0978
2019-10-11.16:56:26	163.045	1731.45	0.0327003	8.41399
2019-10-11.16:56:27	162.955	1732.44	0.0215719	1.14673
2019-10-11.16:56:28	162.182	1734.13	0.133938	-5.56577
2019-10-11.16:56:29	161.374	1735.29	0.299822	-7.55181
2019-10-11.16:56:30	160.944	1735.11	0.399286	-4.20863
2019-10-11.16:56:31	160.85	1733.59	0.37375	2.11026
2019-10-11.16:56:32	160.954	1731.49	0.246259	8.09483
2019-10-11.16:56:33	161.413	1730.01	0.0887217	10.3408
2019-10-11.16:56:34	161.861	1730.03	-0.0143982	6.53545
2019-10-11.16:56:35	161.729	1731.46	0.0040514	-0.828981
2019-10-11.16:56:36	161.037	1733.25	0.140338	-6.20328
2019-10-11.16:56:37	160.48	1734.13	0.293121	-6.10508
2019-10-11.16:56:38	160.338	1733.52	0.347976	-1.29947
2019-10-11.16:56:39	160.434	1731.77	0.280468	5.00859
2019-10-11.16:56:40	160.793	1729.97	0.136242	9.48245
2019-10-11.16:56:41	161.396	1729.31	-0.0001461	8.76674
2019-10-11.16:56:42	161.672	1730.21	-0.0442844	2.61287
2019-10-11.16:56:43	161.234	1732.05	0.0410529	-4.09073
2019-10-11.16:56:44	160.618	1733.52	0.200956	-6.54714
2019-10-11.16:56:45	160.35	1733.64	0.309915	-3.58846
2019-10-11.16:56:46	160.404	1732.37	0.298414	2.3536
2019-10-11.16:56:47	160.658	1730.51	0.183488	7.93857
2019-10-11.16:56:48	161.228	1729.31	0.0374751	9.67615
2019-10-11.16:56:49	161.724	1729.59	-0.0526069	5.52946
2019-10-11.16:56:50	161.591	1731.19	-0.0216575	-1.5167
2019-10-11.16:56:51	160.98	1732.98	0.119398	-6.14521
2019-10-11.16:56:52	160.542	1733.75	0.26489	-5.36191
2019-10-11.16:56:53	160.49	1733.04	0.309242	-0.324091
2019-10-11.16:56:54	160.643	1731.33	0.236181	5.74724
2019-10-11.16:56:55	161.066	1729.71	0.0955401	9.58236
2019-10-11.16:56:56	161.663	1729.29	-0.0287011	8.07284
2019-10-11.16:56:57	161.86	1730.38	-0.0557705	1.66422
2019-10-11.16:56:58	161.37	1732.24	0.0428929	-4.63791
2019-10-11.16:56:59	160.779	1733.6	0.203619	-6.43645
2019-10-11.16:57:00	160.551	1733.57	0.303791	-3.06508
2019-10-11.16:57:01	160.609	1732.23	0.284302	2.92024
2019-10-11.16:57:02	160.868	1730.4	0.16664	8.29152
2019-10-11.16:57:03	161.434	1729.29	0.0240389	9.61983
2019-10-11.16:57:04	161.885	1729.67	-0.0584354	5.13996
2019-10-11.16:57:05	161.689	1731.31	-0.0193921	-1.89989
2019-10-11.16:57:06	161.053	1733.06	0.12612	-6.30604
2019-10-11.16:57:07	160.612	1733.77	0.270345	-5.29769
2019-10-11.16:57:08	160.551	1733.01	0.311114	-0.151265
