DateTime	ASI:airspeed	Altimeter:altitude	RC:roll	HI:heading
[State]	Standing
2019-10-14.13:07:53	0.474726	1654.61	-0.0010306	0.0033878
[State]	Taxiing
2019-10-14.13:07:54	0.0853854	1654.75	-0.0245335	0.477567
2019-10-14.13:07:55	0.0535163	1654.78	-0.0370837	-0.0699337
2019-10-14.13:07:56	1.36374	1654.79	-0.0897221	-0.0973998
2019-10-14.13:07:57	4.63345	1654.79	-0.16695	0.135519
2019-10-14.13:07:58	8.47311	1654.79	-0.187747	0.240839
2019-10-14.13:07:59	12.389	1654.79	-0.234575	0.290906
2019-10-14.13:08:00	16.2332	1654.79	-0.4139	0.331684
2019-10-14.13:08:01	20.0128	1654.79	-0.792596	0.468966
2019-10-14.13:08:02	23.7334	1654.79	-1.17266	0.564563
2019-10-14.13:08:03	27.3797	1654.8	-1.49447	0.616828
2019-10-14.13:08:04	30.9559	1654.8	-1.70837	0.635842
2019-10-14.13:08:05	34.4348	1654.8	-1.86766	0.665765
2019-10-14.13:08:06	37.7809	1654.8	-2.01423	0.704558
2019-10-14.13:08:07	41.001	1654.81	-2.11545	0.740645
2019-10-14.13:08:08	44.1171	1654.81	-2.16248	0.777494
2019-10-14.13:08:09	47.1587	1654.81	-2.16396	0.82481
2019-10-14.13:08:10	50.1562	1654.82	-2.10866	0.882634
2019-10-14.13:08:11	53.1344	1654.82	-2.00766	0.945272
2019-10-14.13:08:12	56.1104	1654.83	-1.8771	1.00687
2019-10-14.13:08:13	59.096	1654.83	-1.72444	1.06865
2019-10-14.13:08:14	62.0998	1654.84	-1.55393	1.13146
2019-10-14.13:08:15	65.1278	1654.84	-1.36819	1.19566
2019-10-14.13:08:16	68.1849	1654.85	-1.16905	1.2612
2019-10-14.13:08:17	71.2742	1654.85	-0.958062	1.32793
[State]	TakeOff
2019-10-14.13:08:18	74.398	1654.86	-0.736575	1.39564
2019-10-14.13:08:19	77.5573	1654.87	-0.505914	1.46405
2019-10-14.13:08:20	80.7522	1654.88	-0.267458	1.53288
2019-10-14.13:08:21	84.0027	1654.89	-0.156491	1.59361
2019-10-14.13:08:22	87.3331	1654.9	-0.0623919	2.20471
2019-10-14.13:08:23	90.5386	1655.08	0.0557722	8.7382
2019-10-14.13:08:24	91.2738	1659.81	0.0295996	12.859
2019-10-14.13:08:25	90.7706	1668.14	0.049832	11.5022
2019-10-14.13:08:26	90.3832	1675.5	0.0707243	11.2625
2019-10-14.13:08:27	90.183	1682.03	0.0781881	11.365
2019-10-14.13:08:28	89.9216	1688.45	0.0700716	11.5307
2019-10-14.13:08:29	89.6661	1694.9	0.0570992	11.4746
2019-10-14.13:08:30	89.4515	1701.17	0.0495831	11.4474
2019-10-14.13:08:31	89.2093	1707.32	0.0506005	11.5249
2019-10-14.13:08:32	88.9672	1713.42	0.0567191	11.5461
2019-10-14.13:08:33	88.7491	1719.47	0.0616018	11.5821
2019-10-14.13:08:34	88.5619	1725.46	0.061894	11.5953
2019-10-14.13:08:35	88.3956	1731.39	0.0584548	11.6087
2019-10-14.13:08:36	88.2352	1737.25	0.0545239	11.6223
2019-10-14.13:08:37	88.0725	1743.06	0.0526909	11.6411
2019-10-14.13:08:38	87.9093	1748.81	0.0533135	11.6616
2019-10-14.13:08:39	87.7527	1754.51	0.0549421	11.6807
[State]	Climb
2019-10-14.13:08:40	87.6087	1760.17	0.0558794	11.6957
2019-10-14.13:08:41	87.4815	1765.78	0.0554342	11.7055
2019-10-14.13:08:42	87.3702	1771.32	0.0540684	11.7155
2019-10-14.13:08:43	87.2702	1776.82	0.0527526	11.7254
2019-10-14.13:08:44	87.1787	1782.26	0.0521437	11.7353
2019-10-14.13:08:45	87.0959	1787.66	0.0522295	11.7446
2019-10-14.13:08:46	87.023	1793.01	0.0525395	11.7522
2019-10-14.13:08:47	86.9605	1798.33	0.0526025	11.7577
2019-10-14.13:08:48	86.9076	1803.61	0.0522662	11.7615
2019-10-14.13:08:49	86.8626	1808.86	0.0517039	11.7641
2019-10-14.13:08:50	86.8236	1814.08	0.051198	11.7662
2019-10-14.13:08:51	86.7896	1819.27	0.0509154	11.768
2019-10-14.13:08:52	86.7605	1824.45	0.0508285	11.7693
2019-10-14.13:08:53	86.7363	1829.6	0.0507919	11.7698
2019-10-14.13:08:54	86.7169	1834.74	0.050675	11.7694
2019-10-14.13:08:55	86.7019	1839.85	0.0504455	11.7683
2019-10-14.13:08:56	86.6905	1844.96	0.0501612	11.7668
2019-10-14.13:08:57	86.682	1850.05	0.0499037	11.765
2019-10-14.13:08:58	86.6761	1855.12	0.0497158	11.7629
2019-10-14.13:08:59	86.6726	1860.19	0.049584	11.7605
2019-10-14.13:09:00	86.6714	1865.25	0.0494641	11.7578
2019-10-14.13:09:01	86.6724	1870.3	0.0493197	11.7548
2019-10-14.13:09:02	86.6754	1875.34	0.0491443	11.7514
2019-10-14.13:09:03	86.68	1880.37	0.0489566	11.7479
2019-10-14.13:09:04	86.686	1885.4	0.0487799	11.7441
2019-10-14.13:09:05	86.6932	1890.42	0.0486252	11.7403
2019-10-14.13:09:06	86.7015	1895.43	0.0484868	11.7364
2019-10-14.13:09:07	86.7109	1900.45	0.0483505	11.7327
2019-10-14.13:09:08	86.7208	1905.45	0.0482052	11.7298
2019-10-14.13:09:09	86.7309	1910.46	0.0480498	11.7278
2019-10-14.13:09:10	86.7406	1915.46	0.0478904	11.7267
2019-10-14.13:09:11	86.7494	1920.47	0.0477341	11.7263
2019-10-14.13:09:12	86.7571	1925.48	0.047584	11.7265
2019-10-14.13:09:13	86.7638	1930.48	0.0474378	11.7267
2019-10-14.13:09:14	86.7694	1935.49	0.0472916	11.7265
2019-10-14.13:09:15	86.7745	1940.5	0.0471426	11.7257
2019-10-14.13:09:16	86.7795	1945.51	0.0469911	11.7241
2019-10-14.13:09:17	86.7848	1950.51	0.0468394	11.7216
2019-10-14.13:09:18	86.7909	1955.51	0.0466898	11.7183
2019-10-14.13:09:19	86.7979	1960.51	0.0465431	11.7146
2019-10-14.13:09:20	86.806	1965.5	0.0463985	11.7108
2019-10-14.13:09:21	86.815	1970.49	0.0462548	11.7073
2019-10-14.13:09:22	86.8246	1975.47	0.0461108	11.7044
2019-10-14.13:09:23	86.8344	1980.45	0.0459665	11.7022
2019-10-14.13:09:24	86.8439	1985.43	0.0458222	11.7009
2019-10-14.13:09:25	86.8527	1990.41	0.0456783	11.7003
2019-10-14.13:09:26	86.8606	1995.39	0.0455348	11.7002
2019-10-14.13:09:27	86.8674	2000.37	0.0453916	11.7002
2019-10-14.13:09:28	86.8734	2005.36	0.0452483	11.7
2019-10-14.13:09:29	86.8788	2010.34	0.0451049	11.6992
2019-10-14.13:09:30	86.884	2015.32	0.0449618	11.6977
2019-10-14.13:09:31	86.8894	2020.3	0.0448193	11.6954
2019-10-14.13:09:32	86.8954	2025.27	0.0446778	11.6925
2019-10-14.13:09:33	86.9023	2030.24	0.0445374	11.689
2019-10-14.13:09:34	86.9101	2035.21	0.0443981	11.6854
2019-10-14.13:09:35	86.9188	2040.17	0.0442596	11.682
2019-10-14.13:09:36	86.9281	2045.13	0.0441218	11.6791
2019-10-14.13:09:37	86.9376	2050.09	0.0439844	11.6768
2019-10-14.13:09:38	86.9469	2055.05	0.0438473	11.6753
2019-10-14.13:09:39	86.9557	2060	0.0437103	11.6745
2019-10-14.13:09:40	86.9636	2064.96	0.0435734	11.6741
2019-10-14.13:09:41	86.9707	2069.91	0.0434364	11.674
2019-10-14.13:09:42	86.977	2074.87	0.0432994	11.6736
2019-10-14.13:09:43	86.9826	2079.82	0.0431626	11.6729
2019-10-14.13:09:44	86.988	2084.78	0.0430262	11.6715
2019-10-14.13:09:45	86.9935	2089.73	0.0428903	11.6694
2019-10-14.13:09:46	86.9995	2094.68	0.0427553	11.6667
2019-10-14.13:09:47	87.0062	2099.63	0.0426211	11.6635
2019-10-14.13:09:48	87.0138	2104.57	0.0424879	11.6601
2019-10-14.13:09:49	87.0222	2109.51	0.0423555	11.6568
2019-10-14.13:09:50	87.0311	2114.44	0.0422238	11.6539
2019-10-14.13:09:51	87.0404	2119.38	0.0420926	11.6516
2019-10-14.13:09:52	87.0495	2124.31	0.0419617	11.6499
2019-10-14.13:09:53	87.0582	2129.24	0.041831	11.6489
2019-10-14.13:09:54	87.0663	2134.17	0.0417003	11.6483
2019-10-14.13:09:55	87.0735	2139.1	0.0415696	11.6479
2019-10-14.13:09:56	87.08	2144.03	0.0414389	11.6475
2019-10-14.13:09:57	87.0859	2148.96	0.0413084	11.6468
2019-10-14.13:09:58	87.0915	2153.89	0.0411782	11.6455
2019-10-14.13:09:59	87.0971	2158.81	0.0410485	11.6436
2019-10-14.13:10:00	87.1031	2163.74	0.0409196	11.6411
2019-10-14.13:10:01	87.1097	2168.66	0.0407914	11.6381
2019-10-14.13:10:02	87.1171	2173.58	0.0406641	11.6349
2019-10-14.13:10:03	87.1252	2178.49	0.0405375	11.6317
2019-10-14.13:10:04	87.1338	2183.4	0.0404117	11.6288
2019-10-14.13:10:05	87.1428	2188.31	0.0402864	11.6265
2019-10-14.13:10:06	87.1518	2193.22	0.0401614	11.6246
2019-10-14.13:10:07	87.1605	2198.12	0.0400366	11.6234
2019-10-14.13:10:08	87.1686	2203.02	0.0399119	11.6226
2019-10-14.13:10:09	87.176	2207.93	0.0397872	11.6221
2019-10-14.13:10:10	87.1827	2212.83	0.0396626	11.6216
2019-10-14.13:10:11	87.1888	2217.74	0.0395381	11.6208
2019-10-14.13:10:12	87.1946	2222.64	0.0394138	11.6196
2019-10-14.13:10:13	87.2003	2227.54	0.0392901	11.6179
2019-10-14.13:10:14	87.2063	2232.44	0.0391669	11.6156
2019-10-14.13:10:15	87.2128	2237.34	0.0390445	11.6128
2019-10-14.13:10:16	87.22	2242.23	0.0389228	11.6098
2019-10-14.13:10:17	87.2278	2247.12	0.0388019	11.6067
2019-10-14.13:10:18	87.2362	2252.01	0.0386816	11.6039
2019-10-14.13:10:19	87.245	2256.89	0.0385619	11.6015
2019-10-14.13:10:20	87.2538	2261.77	0.0384426	11.5995
2019-10-14.13:10:21	87.2623	2266.65	0.0383234	11.5982
2019-10-14.13:10:22	87.2705	2271.53	0.0382044	11.5972
2019-10-14.13:10:23	87.278	2276.41	0.0380854	11.5965
2019-10-14.13:10:24	87.2849	2281.29	0.0379665	11.5959
2019-10-14.13:10:25	87.2912	2286.17	0.0378477	11.5951
2019-10-14.13:10:26	87.2971	2291.05	0.0377292	11.5939
2019-10-14.13:10:27	87.303	2295.93	0.0376111	11.5923
2019-10-14.13:10:28	87.309	2300.8	0.0374934	11.5902
2019-10-14.13:10:29	87.3155	2305.67	0.0373765	11.5876
2019-10-14.13:10:30	87.3225	2310.54	0.0372602	11.5848
2019-10-14.13:10:31	87.3301	2315.41	0.0371447	11.5819
2019-10-14.13:10:32	87.3383	2320.27	0.0370298	11.5791
2019-10-14.13:10:33	87.3468	2325.13	0.0369154	11.5766
2019-10-14.13:10:34	87.3554	2329.98	0.0368014	11.5746
2019-10-14.13:10:35	87.3639	2334.84	0.0366877	11.5731
2019-10-14.13:10:36	87.372	2339.69	0.0365741	11.5719
2019-10-14.13:10:37	87.3796	2344.55	0.0364606	11.5711
2019-10-14.13:10:38	87.3866	2349.4	0.0363471	11.5704
2019-10-14.13:10:39	87.3931	2354.26	0.0362338	11.5695
2019-10-14.13:10:40	87.3993	2359.11	0.0361207	11.5684
2019-10-14.13:10:41	87.4052	2363.96	0.0360079	11.5669
2019-10-14.13:10:42	87.4113	2368.81	0.0358956	11.5649
2019-10-14.13:10:43	87.4177	2373.66	0.0357839	11.5625
2019-10-14.13:10:44	87.4246	2378.5	0.0356728	11.5599
2019-10-14.13:10:45	87.432	2383.34	0.0355624	11.5571
2019-10-14.13:10:46	87.4399	2388.18	0.0354526	11.5544
2019-10-14.13:10:47	87.4482	2393.01	0.0353433	11.5519
2019-10-14.13:10:48	87.4566	2397.85	0.0352344	11.5498
2019-10-14.13:10:49	87.465	2402.68	0.0351258	11.5482
2019-10-14.13:10:50	87.4731	2407.51	0.0350174	11.5469
2019-10-14.13:10:51	87.4808	2412.34	0.0349091	11.5459
2019-10-14.13:10:52	87.4879	2417.16	0.0348008	11.5451
2019-10-14.13:10:53	87.4946	2421.99	0.0346927	11.5442
2019-10-14.13:10:54	87.5009	2426.82	0.0345848	11.5431
2019-10-14.13:10:55	87.507	2431.65	0.0344771	11.5416
2019-10-14.13:10:56	87.5132	2436.47	0.0343699	11.5398
2019-10-14.13:10:57	87.5195	2441.29	0.0342632	11.5376
2019-10-14.13:10:58	87.5263	2446.11	0.0341571	11.5351
2019-10-14.13:10:59	87.5335	2450.93	0.0340515	11.5324
2019-10-14.13:11:00	87.5412	2455.74	0.0339466	11.5298
2019-10-14.13:11:01	87.5493	2460.55	0.0338422	11.5273
2019-10-14.13:11:02	87.5576	2465.36	0.0337382	11.5252
2019-10-14.13:11:03	87.5658	2470.17	0.0336345	11.5234
2019-10-14.13:11:04	87.5739	2474.97	0.033531	11.522
2019-10-14.13:11:05	87.5816	2479.78	0.0334276	11.5209
2019-10-14.13:11:06	87.5888	2484.58	0.0333243	11.52
2019-10-14.13:11:07	87.5957	2489.38	0.0332211	11.519
2019-10-14.13:11:08	87.6021	2494.19	0.0331181	11.5179
2019-10-14.13:11:09	87.6083	2498.99	0.0330154	11.5165
2019-10-14.13:11:10	87.6145	2503.79	0.032913	11.5148
2019-10-14.13:11:11	87.6209	2508.58	0.0328111	11.5127
2019-10-14.13:11:12	87.6276	2513.38	0.0327097	11.5104
2019-10-14.13:11:13	87.6347	2518.17	0.0326089	11.5079
2019-10-14.13:11:14	87.6422	2522.96	0.0325086	11.5053
2019-10-14.13:11:15	87.65	2527.75	0.0324088	11.5029
2019-10-14.13:11:16	87.6581	2532.53	0.0323095	11.5007
2019-10-14.13:11:17	87.6663	2537.31	0.0322104	11.4989
2019-10-14.13:11:18	87.6743	2542.09	0.0321116	11.4973
2019-10-14.13:11:19	87.682	2546.87	0.032013	11.4961
2019-10-14.13:11:20	87.6893	2551.65	0.0319144	11.495
2019-10-14.13:11:21	87.6963	2556.43	0.031816	11.494
2019-10-14.13:11:22	87.7028	2561.21	0.0317177	11.4929
2019-10-14.13:11:23	87.7092	2565.98	0.0316196	11.4916
2019-10-14.13:11:24	87.7155	2570.76	0.0315219	11.49
2019-10-14.13:11:25	87.722	2575.53	0.0314262	11.486
2019-10-14.13:11:26	87.7733	2580.25	0.0320629	11.1468
2019-10-14.13:11:27	87.9848	2584.63	0.0327832	10.812
2019-10-14.13:11:28	88.3309	2588.64	0.0331836	10.5112
2019-10-14.13:11:29	88.7972	2592.35	0.0334565	10.2024
2019-10-14.13:11:30	89.3676	2595.79	0.0337923	9.91078
2019-10-14.13:11:31	90.0263	2599.02	0.0344101	9.62489
2019-10-14.13:11:32	90.7608	2602.09	0.0353118	9.34689
2019-10-14.13:11:33	91.5621	2605.02	0.0363529	9.07292
2019-10-14.13:11:34	92.4236	2607.85	0.0373624	8.8025
2019-10-14.13:11:35	93.3392	2610.59	0.0382638	8.53502
2019-10-14.13:11:36	94.2993	2613.26	0.0390886	8.27083
2019-10-14.13:11:37	95.3005	2615.9	0.0399426	8.00343
2019-10-14.13:11:38	96.3422	2618.49	0.0408576	7.73833
2019-10-14.13:11:39	97.424	2621.05	0.04181	7.473
2019-10-14.13:11:40	98.5416	2623.58	0.0427355	7.21112
2019-10-14.13:11:41	99.6938	2626.05	0.043596	6.9613
2019-10-14.13:11:42	100.875	2628.39	0.0442711	6.74885
2019-10-14.13:11:43	102.079	2630.61	0.0449152	6.53482
2019-10-14.13:11:44	103.297	2632.73	0.045563	6.35031
2019-10-14.13:11:45	104.523	2634.78	0.0462589	6.16321
2019-10-14.13:11:46	105.753	2636.81	0.0470089	5.96623
2019-10-14.13:11:47	106.988	2638.85	0.0477191	5.77386
2019-10-14.13:11:48	108.227	2640.89	0.0483422	5.58129
2019-10-14.13:11:49	109.474	2642.91	0.0488909	5.392
2019-10-14.13:11:50	110.723	2644.91	0.0494127	5.20688
2019-10-14.13:11:51	111.969	2646.89	0.0499341	5.02561
2019-10-14.13:11:52	113.211	2648.85	0.0504418	4.849
2019-10-14.13:11:53	114.443	2650.78	0.050909	4.67611
2019-10-14.13:11:54	115.669	2652.67	0.0513278	4.50762
2019-10-14.13:11:55	116.888	2654.52	0.0517129	4.34311
2019-10-14.13:11:56	118.101	2656.33	0.0520796	4.18316
2019-10-14.13:11:57	119.308	2658.1	0.0524308	4.02758
2019-10-14.13:11:58	120.508	2659.82	0.0527589	3.87651
2019-10-14.13:11:59	121.702	2661.49	0.0530594	3.73017
2019-10-14.13:12:00	122.884	2663.11	0.0533344	3.58971
2019-10-14.13:12:01	124.053	2664.69	0.0535917	3.45347
2019-10-14.13:12:02	125.209	2666.22	0.0538317	3.32192
2019-10-14.13:12:03	126.352	2667.7	0.0540518	3.19502
2019-10-14.13:12:04	127.482	2669.13	0.0542518	3.07252
2019-10-14.13:12:05	128.598	2670.52	0.0544341	2.95444
2019-10-14.13:12:06	129.645	2671.95	0.0532258	4.27424
2019-10-14.13:12:07	128.694	2678.97	0.0490609	7.86414
2019-10-14.13:12:08	127.533	2689.74	0.0546256	6.44946
2019-10-14.13:12:09	126.605	2699.29	0.0550028	7.44684
2019-10-14.13:12:10	125.285	2710.2	0.0515517	8.11636
2019-10-14.13:12:11	123.715	2722.19	0.0492961	8.61251
2019-10-14.13:12:12	122.086	2734.56	0.0504328	8.55071
2019-10-14.13:12:13	120.643	2746.37	0.051639	8.30397
2019-10-14.13:12:14	119.493	2757.21	0.0510814	7.83491
2019-10-14.13:12:15	118.66	2766.81	0.0487065	7.84912
2019-10-14.13:12:16	117.717	2776.4	0.0465244	8.2493
2019-10-14.13:12:17	116.685	2786.35	0.0466609	8.42218
2019-10-14.13:12:18	115.668	2796.32	0.0476043	8.43259
2019-10-14.13:12:19	114.761	2805.96	0.0476213	8.2742
2019-10-14.13:12:20	114.017	2815.04	0.0461649	8.29619
2019-10-14.13:12:21	113.245	2824.03	0.0444075	8.48427
2019-10-14.13:12:22	112.474	2833.04	0.0440441	8.48582
2019-10-14.13:12:23	111.771	2841.82	0.0442758	8.5385
2019-10-14.13:12:24	111.072	2850.52	0.0440779	8.61475
2019-10-14.13:12:25	110.405	2859.11	0.0432839	8.69286
2019-10-14.13:12:26	109.745	2867.63	0.0423686	8.74993
2019-10-14.13:12:27	109.096	2876.05	0.0417098	8.83413
2019-10-14.13:12:28	108.455	2884.4	0.0413836	8.89775
2019-10-14.13:12:29	107.825	2892.67	0.0410517	8.97062
2019-10-14.13:12:30	107.209	2900.85	0.0405353	9.0386
2019-10-14.13:12:31	106.604	2908.95	0.0398751	9.10594
2019-10-14.13:12:32	106.011	2916.96	0.0392375	9.17338
2019-10-14.13:12:33	105.43	2924.89	0.0387149	9.23882
2019-10-14.13:12:34	104.862	2932.73	0.0382608	9.30393
2019-10-14.13:12:35	104.304	2940.49	0.0377837	9.36843
2019-10-14.13:12:36	103.756	2948.17	0.0372422	9.43039
2019-10-14.13:12:37	103.22	2955.79	0.036718	9.47748
2019-10-14.13:12:38	102.698	2963.36	0.0362109	9.52904
2019-10-14.13:12:39	102.188	2970.88	0.0357347	9.57651
2019-10-14.13:12:40	101.691	2978.35	0.0352628	9.6241
2019-10-14.13:12:41	101.207	2985.76	0.0347826	9.67046
2019-10-14.13:12:42	100.736	2993.13	0.0342964	9.71546
2019-10-14.13:12:43	100.278	3000.44	0.0338143	9.75971
2019-10-14.13:12:44	99.8325	3007.7	0.0333448	9.8031
2019-10-14.13:12:45	99.3994	3014.91	0.0328879	9.8454
2019-10-14.13:12:46	98.9788	3022.07	0.0324432	9.88667
2019-10-14.13:12:47	98.5716	3029.16	0.0319666	9.93702
2019-10-14.13:12:48	98.1756	3036.16	0.0314649	9.9882
2019-10-14.13:12:49	97.7916	3043.08	0.0309745	10.0376
2019-10-14.13:12:50	97.4178	3049.92	0.0305099	10.0864
2019-10-14.13:12:51	97.0594	3056.67	0.0301578	10.0857
2019-10-14.13:12:52	96.7604	3063.25	0.0300267	9.97393
2019-10-14.13:12:53	96.5645	3069.53	0.029981	9.78725
[State]	Cruise
2019-10-14.13:12:54	96.4985	3075.42	0.0299251	9.54927
2019-10-14.13:12:55	96.5708	3080.89	0.0298433	9.29331
2019-10-14.13:12:56	96.7706	3085.97	0.0297853	9.05477
2019-10-14.13:12:57	97.0696	3090.73	0.0297991	8.86606
2019-10-14.13:12:58	97.4268	3095.28	0.0298829	8.75187
2019-10-14.13:12:59	97.7939	3099.77	0.0299884	8.7258
2019-10-14.13:13:00	98.1782	3104.29	0.0307089	8.41507
2019-10-14.13:13:01	98.7201	3108.49	0.0315535	8.08096
2019-10-14.13:13:02	99.3591	3112.36	0.0319848	7.8226
2019-10-14.13:13:03	100.101	3115.92	0.0322128	7.5414
2019-10-14.13:13:04	100.92	3119.2	0.032463	7.28563
2019-10-14.13:13:05	101.81	3122.22	0.0329382	7.04802
2019-10-14.13:13:06	102.756	3125.02	0.0336333	6.81407
2019-10-14.13:13:07	103.748	3127.63	0.0343182	6.61281
2019-10-14.13:13:08	104.775	3130.09	0.0349044	6.41146
2019-10-14.13:13:09	105.829	3132.45	0.0354256	6.2113
2019-10-14.13:13:10	106.905	3134.75	0.0359732	6.01271
2019-10-14.13:13:11	107.999	3136.99	0.0365619	5.81866
2019-10-14.13:13:12	109.111	3139.19	0.0371544	5.62847
2019-10-14.13:13:13	110.239	3141.34	0.037706	5.44132
2019-10-14.13:13:14	111.38	3143.44	0.0382053	5.25903
2019-10-14.13:13:15	112.527	3145.5	0.0386741	5.08236
2019-10-14.13:13:16	113.675	3147.51	0.0391375	4.9097
2019-10-14.13:13:17	114.821	3149.48	0.0395912	4.74225
2019-10-14.13:13:18	115.964	3151.41	0.0400205	4.57879
2019-10-14.13:13:19	117.104	3153.28	0.0404155	4.41954
2019-10-14.13:13:20	118.24	3155.11	0.0407819	4.26478
2019-10-14.13:13:21	119.373	3156.89	0.0411311	4.11428
2019-10-14.13:13:22	120.502	3158.61	0.0414666	3.96817
2019-10-14.13:13:23	121.626	3160.29	0.0417846	3.82635
2019-10-14.13:13:24	122.745	3161.92	0.0420806	3.68924
2019-10-14.13:13:25	123.853	3163.5	0.0423551	3.55728
2019-10-14.13:13:26	124.95	3165.03	0.0426131	3.42951
2019-10-14.13:13:27	126.036	3166.52	0.0428557	3.30592
2019-10-14.13:13:28	127.109	3167.95	0.0430814	3.18665
2019-10-14.13:13:29	128.171	3169.35	0.0432898	3.07145
2019-10-14.13:13:30	129.22	3170.69	0.0434828	2.96028
2019-10-14.13:13:31	130.257	3171.99	0.0436622	2.85306
2019-10-14.13:13:32	131.28	3173.24	0.0438284	2.74966
2019-10-14.13:13:33	132.29	3174.45	0.0439814	2.64998
2019-10-14.13:13:34	133.287	3175.62	0.0441215	2.55392
2019-10-14.13:13:35	134.27	3176.74	0.0442498	2.46137
2019-10-14.13:13:36	135.236	3177.83	0.044366	2.37305
2019-10-14.13:13:37	136.183	3178.88	0.0444715	2.28784
2019-10-14.13:13:38	137.112	3179.88	0.0445657	2.20596
2019-10-14.13:13:39	138.022	3180.86	0.0446486	2.12735
2019-10-14.13:13:40	138.913	3181.79	0.0447242	2.05156
2019-10-14.13:13:41	139.782	3182.69	0.0447902	1.97875
2019-10-14.13:13:42	140.63	3183.56	0.0448448	1.9089
2019-10-14.13:13:43	141.458	3184.39	0.044889	1.84212
2019-10-14.13:13:44	142.265	3185.19	0.0449243	1.77815
2019-10-14.13:13:45	143.052	3185.95	0.0449518	1.71676
2019-10-14.13:13:46	143.979	3186.28	0.0461788	-0.250296
2019-10-14.13:13:47	146.194	3181.22	0.0470727	-1.29247
2019-10-14.13:13:48	148.029	3175.68	0.0446983	-0.467568
2019-10-14.13:13:49	149.956	3170.41	0.045152	-1.80242
2019-10-14.13:13:50	152.189	3163	0.0465603	-1.57614
2019-10-14.13:13:51	153.96	3156.73	0.0458377	-0.83181
2019-10-14.13:13:52	155.44	3151.89	0.0458458	-1.3979
2019-10-14.13:13:53	157.148	3145.83	0.0469273	-1.87802
2019-10-14.13:13:54	158.951	3138.7	0.0469697	-1.91505
2019-10-14.13:13:55	160.532	3131.96	0.0460117	-1.52896
2019-10-14.13:13:56	161.781	3126.47	0.0460124	-1.0298
2019-10-14.13:13:57	162.852	3121.88	0.0470047	-1.45727
2019-10-14.13:13:58	164.084	3116.32	0.0472605	-1.81434
2019-10-14.13:13:59	165.419	3109.86	0.046699	-2.08927
2019-10-14.13:14:00	166.751	3102.93	0.0464163	-1.94651
2019-10-14.13:14:01	167.876	3096.61	0.0465279	-1.66706
2019-10-14.13:14:02	168.757	3091.24	0.0465043	-1.30305
2019-10-14.13:14:03	169.434	3086.86	0.0465795	-1.42544
2019-10-14.13:14:04	170.237	3081.9	0.0468487	-1.7582
2019-10-14.13:14:05	171.152	3076.04	0.0467021	-2.03115
2019-10-14.13:14:06	172.145	3069.47	0.0464213	-2.18164
2019-10-14.13:14:07	173.051	3062.89	0.0462287	-1.9405
2019-10-14.13:14:08	173.772	3057.03	0.0461731	-1.67443
2019-10-14.13:14:09	174.294	3052.06	0.0460902	-1.36096
2019-10-14.13:14:10	174.676	3047.86	0.0461866	-1.53024
2019-10-14.13:14:11	175.184	3043.01	0.0463176	-1.81412
2019-10-14.13:14:12	175.807	3037.34	0.0460885	-2.06668
2019-10-14.13:14:13	176.518	3030.96	0.045881	-2.2513
2019-10-14.13:14:14	177.186	3024.46	0.0456799	-2.01934
2019-10-14.13:14:15	177.693	3018.62	0.0455337	-1.78225
2019-10-14.13:14:16	178.032	3013.57	0.0454518	-1.51288
2019-10-14.13:14:17	178.21	3009.37	0.0454215	-1.4585
2019-10-14.13:14:18	178.46	3004.92	0.0455459	-1.75118
2019-10-14.13:14:19	178.832	2999.67	0.0453872	-1.99983
2019-10-14.13:14:20	179.31	2993.69	0.0451487	-2.22254
2019-10-14.13:14:21	179.841	2987.17	0.0449797	-2.14717
2019-10-14.13:14:22	180.245	2981.09	0.0447474	-1.93428
2019-10-14.13:14:23	180.503	2975.73	0.0446466	-1.69478
2019-10-14.13:14:24	180.611	2971.16	0.044552	-1.43999
2019-10-14.13:14:25	180.645	2967.1	0.0445872	-1.63062
2019-10-14.13:14:26	180.807	2962.4	0.0445874	-1.87251
2019-10-14.13:14:27	181.087	2956.94	0.04435	-2.10558
2019-10-14.13:14:28	181.473	2950.77	0.0441937	-2.31547
2019-10-14.13:14:29	181.856	2944.34	0.0439527	-2.09975
2019-10-14.13:14:30	182.1	2938.56	0.0437365	-1.87825
2019-10-14.13:14:31	182.205	2933.51	0.0436759	-1.64125
2019-10-14.13:14:32	182.173	2929.22	0.0435485	-1.43359
2019-10-14.13:14:33	182.151	2925.08	0.0436168	-1.72062
2019-10-14.13:14:34	182.262	2920.19	0.0435336	-1.95681
2019-10-14.13:14:35	182.491	2914.57	0.0432936	-2.18409
2019-10-14.13:14:36	182.824	2908.25	0.0431518	-2.30192
2019-10-14.13:14:37	183.096	2901.99	0.0428664	-2.05525
2019-10-14.13:14:38	183.232	2896.44	0.0427059	-1.82758
2019-10-14.13:14:39	183.234	2891.64	0.0426477	-1.59228
2019-10-14.13:14:40	183.119	2887.55	0.0425586	-1.54926
2019-10-14.13:14:41	183.084	2883.22	0.0426011	-1.80251
2019-10-14.13:14:42	183.177	2878.15	0.0424464	-2.0362
2019-10-14.13:14:43	183.389	2872.33	0.0422311	-2.26155
2019-10-14.13:14:44	183.683	2865.91	0.0420494	-2.22029
2019-10-14.13:14:45	183.868	2859.87	0.0417705	-1.99725
2019-10-14.13:14:46	183.921	2854.57	0.0416748	-1.76514
2019-10-14.13:14:47	183.843	2850.02	0.04159	-1.53054
2019-10-14.13:14:48	183.695	2846.01	0.0415626	-1.66373
2019-10-14.13:14:49	183.672	2841.44	0.0415609	-1.89569
2019-10-14.13:14:50	183.777	2836.11	0.0413491	-2.12958
2019-10-14.13:14:51	184	2830.04	0.0411836	-2.3541
2019-10-14.13:14:52	184.244	2823.63	0.0409294	-2.14306
2019-10-14.13:14:53	184.35	2817.88	0.0407011	-1.91363
2019-10-14.13:14:54	184.324	2812.9	0.0406527	-1.67668
2019-10-14.13:14:55	184.172	2808.66	0.0405332	-1.49421
2019-10-14.13:14:56	184.051	2804.51	0.040587	-1.77711
2019-10-14.13:14:57	184.067	2799.58	0.0404912	-2.01623
2019-10-14.13:14:58	184.211	2793.9	0.0402663	-2.25171
2019-10-14.13:14:59	184.46	2787.52	0.0400896	-2.27709
2019-10-14.13:15:00	184.615	2781.41	0.0398005	-2.03189
2019-10-14.13:15:01	184.634	2776.07	0.0396912	-1.79143
2019-10-14.13:15:02	184.522	2771.5	0.0396231	-1.55057
2019-10-14.13:15:03	184.342	2767.49	0.0396082	-1.69374
2019-10-14.13:15:04	184.293	2762.87	0.0396031	-1.93391
2019-10-14.13:15:05	184.379	2757.47	0.0393944	-2.17746
2019-10-14.13:15:06	184.59	2751.29	0.0392355	-2.38945
[State]	Descent
2019-10-14.13:15:07	184.785	2744.95	0.0389403	-2.11253
2019-10-14.13:15:08	184.836	2739.37	0.0387585	-1.86745
2019-10-14.13:15:09	184.749	2734.59	0.0387182	-1.61967
2019-10-14.13:15:10	184.555	2730.53	0.0386744	-1.6364
2019-10-14.13:15:11	184.469	2726.09	0.0387042	-1.8921
2019-10-14.13:15:12	184.521	2720.83	0.0385322	-2.14352
2019-10-14.13:15:13	184.706	2714.77	0.0383479	-2.38818
2019-10-14.13:15:14	184.914	2708.36	0.038072	-2.14757
2019-10-14.13:15:15	184.973	2702.69	0.0378621	-1.89637
2019-10-14.13:15:16	184.892	2697.84	0.0378266	-1.64074
2019-10-14.13:15:17	184.693	2693.75	0.0377918	-1.63148
2019-10-14.13:15:18	184.599	2689.32	0.0378311	-1.90039
2019-10-14.13:15:19	184.649	2684.04	0.0376657	-2.16045
2019-10-14.13:15:20	184.837	2677.94	0.0374803	-2.40829
2019-10-14.13:15:21	185.031	2671.55	0.0371822	-2.13077
2019-10-14.13:15:22	185.071	2665.96	0.0369945	-1.86871
2019-10-14.13:15:23	184.966	2661.22	0.0369635	-1.60411
2019-10-14.13:15:24	184.765	2657.18	0.0369733	-1.70293
2019-10-14.13:15:25	184.699	2652.56	0.0369902	-1.96936
2019-10-14.13:15:26	184.782	2647.07	0.0367926	-2.2388
2019-10-14.13:15:27	185	2640.75	0.0365845	-2.35286
2019-10-14.13:15:28	185.141	2634.56	0.0362735	-2.04881
2019-10-14.13:15:29	185.126	2629.26	0.0361694	-1.77319
2019-10-14.13:15:30	184.962	2624.85	0.0361217	-1.51434
2019-10-14.13:15:31	184.801	2620.7	0.0362171	-1.82978
2019-10-14.13:15:32	184.803	2615.67	0.0361424	-2.1107
2019-10-14.13:15:33	184.957	2609.74	0.0359242	-2.38908
2019-10-14.13:15:34	185.166	2603.27	0.035625	-2.16838
2019-10-14.13:15:35	185.213	2597.6	0.0354096	-1.88572
2019-10-14.13:15:36	185.103	2592.85	0.0353916	-1.59805
2019-10-14.13:15:37	184.903	2588.79	0.0354561	-1.7529
2019-10-14.13:15:38	184.858	2584.02	0.0354646	-2.04261
2019-10-14.13:15:39	184.974	2578.31	0.0352497	-2.33577
2019-10-14.13:15:40	185.197	2571.83	0.0349566	-2.22782
2019-10-14.13:15:41	185.27	2565.98	0.0346938	-1.93202
2019-10-14.13:15:42	185.178	2561.1	0.0346731	-1.63023
2019-10-14.13:15:43	184.973	2557.03	0.0347535	-1.73978
2019-10-14.13:15:44	184.92	2552.3	0.034786	-2.04541
2019-10-14.13:15:45	185.036	2546.58	0.0345727	-2.35331
2019-10-14.13:15:46	185.256	2540.09	0.0342479	-2.21165
2019-10-14.13:15:47	185.315	2534.31	0.0339939	-1.90116
2019-10-14.13:15:48	185.199	2529.56	0.0339913	-1.58432
2019-10-14.13:15:49	185.005	2525.47	0.0341244	-1.81011
2019-10-14.13:15:50	184.99	2520.52	0.0341164	-2.13086
2019-10-14.13:15:51	185.151	2514.52	0.0338818	-2.45059
2019-10-14.13:15:52	185.338	2508.09	0.0334873	-2.11238
2019-10-14.13:15:53	185.333	2502.67	0.0333309	-1.78056
2019-10-14.13:15:54	185.148	2498.32	0.0333858	-1.56755
2019-10-14.13:15:55	185.028	2493.95	0.0335609	-1.96849
2019-10-14.13:15:56	185.102	2488.47	0.0334114	-2.31162
2019-10-14.13:15:57	185.325	2482.01	0.0330449	-2.26385
2019-10-14.13:15:58	185.395	2476.13	0.0327312	-1.91
2019-10-14.13:15:59	185.271	2471.4	0.0327483	-1.55749
2019-10-14.13:16:00	185.09	2467.26	0.0329705	-1.88084
2019-10-14.13:16:01	185.115	2462.06	0.0329287	-2.24003
2019-10-14.13:16:02	185.327	2455.73	0.0325866	-2.37373
2019-10-14.13:16:03	185.431	2449.64	0.0321746	-1.96246
2019-10-14.13:16:04	185.33	2444.77	0.0321703	-1.58942
2019-10-14.13:16:05	185.139	2440.64	0.0324308	-1.87216
2019-10-14.13:16:06	185.159	2435.48	0.0324238	-2.25039
2019-10-14.13:16:07	185.373	2429.12	0.0320384	-2.35387
2019-10-14.13:16:08	185.463	2423.1	0.0316087	-1.92733
2019-10-14.13:16:09	185.336	2418.36	0.0316398	-1.53608
2019-10-14.13:16:10	185.17	2414.15	0.0319716	-1.95089
2019-10-14.13:16:11	185.235	2408.71	0.0318943	-2.35411
2019-10-14.13:16:12	185.456	2402.2	0.0313744	-2.20458
2019-10-14.13:16:13	185.476	2396.57	0.0310545	-1.79274
2019-10-14.13:16:14	185.28	2392.26	0.0312846	-1.66149
2019-10-14.13:16:15	185.212	2387.61	0.0315631	-2.13349
2019-10-14.13:16:16	185.38	2381.57	0.0312882	-2.50502
2019-10-14.13:16:17	185.523	2375.27	0.0306433	-1.98954
2019-10-14.13:16:18	185.417	2370.38	0.0306187	-1.54886
2019-10-14.13:16:19	185.247	2366.17	0.0310853	-1.9828
2019-10-14.13:16:20	185.333	2360.61	0.0310317	-2.4332
2019-10-14.13:16:21	185.538	2354.1	0.0303368	-2.10999
2019-10-14.13:16:22	185.494	2348.82	0.0300912	-1.64993
2019-10-14.13:16:23	185.295	2344.68	0.0305925	-1.90586
2019-10-14.13:16:24	185.339	2339.37	0.0307211	-2.37829
2019-10-14.13:16:25	185.556	2332.84	0.0300039	-2.159
2019-10-14.13:16:26	185.531	2327.44	0.0296151	-1.67365
2019-10-14.13:16:27	185.33	2323.28	0.030172	-1.90488
2019-10-14.13:16:28	185.377	2317.96	0.0303821	-2.40347
2019-10-14.13:16:29	185.589	2311.43	0.0295731	-2.12456
2019-10-14.13:16:30	185.538	2306.16	0.0291784	-1.61353
2019-10-14.13:16:31	185.352	2301.98	0.0298705	-1.99036
2019-10-14.13:16:32	185.446	2296.37	0.0300163	-2.5144
2019-10-14.13:16:33	185.625	2289.91	0.0290142	-2.00664
2019-10-14.13:16:34	185.499	2285.06	0.028823	-1.51206
2019-10-14.13:16:35	185.381	2280.65	0.0296904	-2.16007
2019-10-14.13:16:36	185.568	2274.48	0.0294709	-2.45251
2019-10-14.13:16:37	185.633	2268.49	0.0283824	-1.79526
2019-10-14.13:16:38	185.429	2264.21	0.0288248	-1.83189
2019-10-14.13:16:39	185.458	2259.02	0.0295146	-2.43328
2019-10-14.13:16:40	185.661	2252.49	0.0285405	-2.06641
2019-10-14.13:16:41	185.554	2247.49	0.0279324	-1.4936
2019-10-14.13:16:42	185.394	2243.26	0.0289472	-2.04706
2019-10-14.13:16:43	185.499	2237.53	0.0288247	-2.17762
2019-10-14.13:16:44	185.374	2232.6	0.0275098	-1.30687
2019-10-14.13:16:45	184.942	2229.79	0.0281656	-1.44863
2019-10-14.13:16:46	184.777	2225.92	0.0288757	-1.95621
2019-10-14.13:16:47	184.586	2221.74	0.02739	-1.07942
2019-10-14.13:16:48	184.014	2219.87	0.0273886	-0.926191
2019-10-14.13:16:49	183.667	2217.45	0.0285289	-1.56261
2019-10-14.13:16:50	183.439	2213.97	0.0273372	-0.903929
2019-10-14.13:16:51	182.826	2212.65	0.0266741	-0.478203
2019-10-14.13:16:52	182.359	2211.32	0.0280088	-1.20978
2019-10-14.13:16:53	182.124	2208.43	0.0272869	-0.813596
2019-10-14.13:16:54	181.55	2207.28	0.0260615	-0.144443
2019-10-14.13:16:55	180.979	2206.86	0.0273654	-0.872023
2019-10-14.13:16:56	180.745	2204.59	0.0272872	-0.870045
2019-10-14.13:16:57	180.278	2203.25	0.0257101	-0.133458
2019-10-14.13:16:58	179.628	2203.45	0.0265693	-0.509359
2019-10-14.13:16:59	179.322	2202.13	0.0273002	-1.06357
2019-10-14.13:17:00	179.033	2200.32	0.0256575	-0.291836
2019-10-14.13:17:01	178.412	2200.45	0.0255446	0.0041311
2019-10-14.13:17:02	177.953	2200.39	0.0267817	-0.651951
2019-10-14.13:17:03	177.784	2198.64	0.0260411	-0.590188
2019-10-14.13:17:04	177.398	2197.78	0.0248218	0.029874
2019-10-14.13:17:05	176.794	2198.48	0.0257319	-0.125822
2019-10-14.13:17:06	176.094	2199.22	0.0228329	3.63849
2019-10-14.13:17:07	173.775	2209.11	0.0246889	2.48641
[State]	Climb
2019-10-14.13:17:08	170.867	2221.98	0.0265334	2.83331
2019-10-14.13:17:09	168.203	2234.5	0.0230147	5.99691
2019-10-14.13:17:10	165.929	2247.14	0.0200797	7.4184
2019-10-14.13:17:11	163.414	2261.48	0.0241692	4.25203
2019-10-14.13:17:12	160.449	2276.35	0.025363	2.53456
2019-10-14.13:17:13	157.949	2289.22	0.02141	6.3012
2019-10-14.13:17:14	156.086	2301.41	0.0181852	8.26695
2019-10-14.13:17:15	153.78	2315.92	0.0231826	3.97748
2019-10-14.13:17:16	151.136	2329.96	0.0223114	4.66995
2019-10-14.13:17:17	149.421	2341.51	0.0172216	8.38697
2019-10-14.13:17:18	147.454	2355.49	0.0215306	4.75232
2019-10-14.13:17:19	145.186	2368.68	0.0193472	6.51802
2019-10-14.13:17:20	143.741	2380.68	0.0191961	6.54764
2019-10-14.13:17:21	141.549	2394.42	0.018544	6.58343
2019-10-14.13:17:22	140.108	2406.51	0.0191021	6.11021
2019-10-14.13:17:23	138.424	2418.56	0.0167055	7.37729
2019-10-14.13:17:24	136.444	2432.3	0.0169321	7.20139
2019-10-14.13:17:25	134.805	2445.06	0.0180312	6.68074
2019-10-14.13:17:26	133.556	2456.23	0.017112	6.62147
2019-10-14.13:17:27	132.226	2467.36	0.0148607	7.08357
2019-10-14.13:17:28	130.793	2479	0.0145228	7.30893
2019-10-14.13:17:29	129.367	2490.72	0.0153366	7.35941
2019-10-14.13:17:30	128.053	2502.13	0.0154116	7.22703
2019-10-14.13:17:31	126.935	2512.86	0.014476	7.02735
2019-10-14.13:17:32	125.868	2523.18	0.012905	7.33172
2019-10-14.13:17:33	124.772	2533.63	0.0126871	7.39123
2019-10-14.13:17:34	123.745	2543.89	0.0131029	7.35056
2019-10-14.13:17:35	122.771	2553.92	0.0126838	7.50288
2019-10-14.13:17:36	121.829	2563.86	0.0120052	7.46539
2019-10-14.13:17:37	120.998	2573.44	0.0116326	7.29517
2019-10-14.13:17:38	120.341	2582.42	0.0116394	7.00321
2019-10-14.13:17:39	119.91	2590.59	0.0116926	6.61343
2019-10-14.13:17:40	119.735	2597.82	0.0116022	6.15815
2019-10-14.13:17:41	119.824	2604.07	0.0114734	5.67595
2019-10-14.13:17:42	120.164	2609.34	0.0114736	5.20724
2019-10-14.13:17:43	120.71	2613.75	0.0114687	4.92523
2019-10-14.13:17:44	121.327	2617.75	0.0114657	4.7911
2019-10-14.13:17:45	121.958	2621.62	0.0115909	4.73934
2019-10-14.13:17:46	122.552	2625.54	0.0117659	4.77827
2019-10-14.13:17:47	123.067	2629.69	0.0118704	4.90104
2019-10-14.13:17:48	123.463	2634.24	0.0119002	5.07197
2019-10-14.13:17:49	123.86	2638.94	0.0126742	4.61089
2019-10-14.13:17:50	124.449	2642.95	0.0130794	4.27561
2019-10-14.13:17:51	125.169	2646.36	0.0129885	4.01071
2019-10-14.13:17:52	125.961	2649.37	0.0128203	3.8448
2019-10-14.13:17:53	126.763	2652.22	0.0129445	3.78684
2019-10-14.13:17:54	127.52	2655.13	0.0132805	3.79029
2019-10-14.13:17:55	128.297	2658.02	0.0138865	3.49459
2019-10-14.13:17:56	129.143	2660.55	0.0140576	3.35515
2019-10-14.13:17:57	129.991	2662.96	0.0139955	3.2575
2019-10-14.13:17:58	130.861	2665.22	0.0142101	3.08263
2019-10-14.13:17:59	131.746	2667.32	0.0145531	2.94796
2019-10-14.13:18:00	132.65	2669.27	0.0148191	2.82644
2019-10-14.13:18:01	133.563	2671.09	0.0149719	2.69499
2019-10-14.13:18:02	134.478	2672.79	0.0151159	2.57684
2019-10-14.13:18:03	135.392	2674.37	0.0153275	2.46871
2019-10-14.13:18:04	136.303	2675.85	0.015556	2.3628
2019-10-14.13:18:05	137.209	2677.25	0.0157363	2.26215
2019-10-14.13:18:06	138.108	2678.56	0.015885	2.16803
2019-10-14.13:18:07	138.997	2679.79	0.0160472	2.07836
2019-10-14.13:18:08	139.871	2680.95	0.0162214	1.9924
2019-10-14.13:18:09	140.731	2682.05	0.0163775	1.91104
2019-10-14.13:18:10	141.576	2683.08	0.0165117	1.83413
2019-10-14.13:18:11	142.404	2684.06	0.01664	1.76093
2019-10-14.13:18:12	143.215	2684.98	0.0167686	1.69118
2019-10-14.13:18:13	144.009	2685.86	0.0168896	1.62486
2019-10-14.13:18:14	144.786	2686.68	0.0169984	1.56181
2019-10-14.13:18:15	145.545	2687.47	0.0170995	1.50176
2019-10-14.13:18:16	146.285	2688.21	0.0171964	1.44453
2019-10-14.13:18:17	147.008	2688.92	0.0172874	1.38999
2019-10-14.13:18:18	147.713	2689.59	0.0173705	1.33801
2019-10-14.13:18:19	148.399	2690.23	0.017447	1.28844
2019-10-14.13:18:20	149.068	2690.84	0.0175185	1.24115
2019-10-14.13:18:21	149.718	2691.42	0.0175846	1.19621
2019-10-14.13:18:22	150.348	2691.97	0.0176447	1.15338
2019-10-14.13:18:23	150.958	2692.49	0.0176992	1.11266
2019-10-14.13:18:24	151.549	2692.99	0.0177486	1.07385
2019-10-14.13:18:25	152.12	2693.47	0.0177928	1.03681
2019-10-14.13:18:26	152.672	2693.93	0.0178322	1.00147
2019-10-14.13:18:27	153.205	2694.36	0.0178669	0.967768
2019-10-14.13:18:28	153.721	2694.77	0.0178974	0.935629
2019-10-14.13:18:29	154.219	2695.17	0.0179237	0.90497
2019-10-14.13:18:30	154.7	2695.54	0.0179461	0.87571
2019-10-14.13:18:31	155.164	2695.9	0.0179647	0.847778
2019-10-14.13:18:32	155.612	2696.24	0.0179798	0.821114
2019-10-14.13:18:33	156.045	2696.57	0.0179916	0.79566
2019-10-14.13:18:34	156.462	2696.88	0.0180001	0.771359
2019-10-14.13:18:35	156.865	2697.18	0.0180057	0.748153
2019-10-14.13:18:36	157.253	2697.46	0.0180083	0.725989
2019-10-14.13:18:37	157.628	2697.73	0.0180082	0.704815
2019-10-14.13:18:38	157.989	2697.99	0.0180055	0.684587
2019-10-14.13:18:39	158.337	2698.24	0.0180003	0.665259
2019-10-14.13:18:40	158.672	2698.47	0.0179927	0.64679
2019-10-14.13:18:41	158.995	2698.7	0.0179829	0.629138
2019-10-14.13:18:42	159.306	2698.91	0.017971	0.612266
2019-10-14.13:18:43	159.606	2699.12	0.0179571	0.596136
2019-10-14.13:18:44	159.895	2699.31	0.0179412	0.580714
2019-10-14.13:18:45	160.173	2699.5	0.0179235	0.565967
2019-10-14.13:18:46	160.592	2699.22	0.0187827	-1.07182
2019-10-14.13:18:47	162.018	2694.03	0.0189907	-1.37148
2019-10-14.13:18:48	162.996	2689.53	0.017518	-1.39094
2019-10-14.13:18:49	164.439	2683.56	0.018411	-2.2459
2019-10-14.13:18:50	165.608	2677.39	0.018243	-1.00413
2019-10-14.13:18:51	166.58	2672.73	0.0184372	-2.0276
2019-10-14.13:18:52	167.916	2665.88	0.0188871	-1.92083
2019-10-14.13:18:53	168.826	2660.23	0.0179724	-1.12079
2019-10-14.13:18:54	169.63	2655.6	0.0186617	-1.96712
2019-10-14.13:18:55	170.763	2649.03	0.0194301	-2.18076
2019-10-14.13:18:56	171.64	2642.87	0.0182371	-1.46548
2019-10-14.13:18:57	172.203	2638.44	0.018374	-1.67087
2019-10-14.13:18:58	173.017	2632.91	0.0196211	-2.26492
2019-10-14.13:18:59	173.95	2626.12	0.0189631	-1.93991
2019-10-14.13:19:00	174.557	2620.63	0.0179817	-1.38868
2019-10-14.13:19:01	174.982	2616.3	0.0190291	-1.79943
2019-10-14.13:19:02	175.652	2610.64	0.0196904	-2.3026
2019-10-14.13:19:03	176.434	2603.93	0.0186231	-1.99366
2019-10-14.13:19:04	176.927	2598.41	0.0181915	-1.50548
2019-10-14.13:19:05	177.207	2594.13	0.0191187	-1.73597
2019-10-14.13:19:06	177.692	2588.84	0.0194552	-2.19912
2019-10-14.13:19:07	178.362	2582.25	0.0187205	-2.17669
2019-10-14.13:19:08	178.831	2576.31	0.0183069	-1.72012
2019-10-14.13:19:09	179.027	2571.79	0.0187535	-1.49542
2019-10-14.13:19:10	179.302	2567.14	0.0192244	-2.02113
2019-10-14.13:19:11	179.801	2561.1	0.0189838	-2.43301
2019-10-14.13:19:12	180.299	2554.61	0.0183681	-1.96126
2019-10-14.13:19:13	180.531	2549.44	0.0183846	-1.52065
2019-10-14.13:19:14	180.6	2545.3	0.018856	-1.73352
[State]	Cruise
2019-10-14.13:19:15	180.836	2540.33	0.0189374	-2.0666
2019-10-14.13:19:16	181.191	2534.48	0.0183938	-1.83173
2019-10-14.13:19:17	181.251	2529.93	0.0179881	-1.20154
2019-10-14.13:19:18	180.997	2527.27	0.0184186	-1.03831
2019-10-14.13:19:19	180.86	2524.39	0.0188374	-1.44782
2019-10-14.13:19:20	180.926	2520.33	0.0183325	-1.48294
2019-10-14.13:19:21	180.799	2516.98	0.0176413	-0.837857
2019-10-14.13:19:22	180.367	2515.47	0.0179906	-0.49937
2019-10-14.13:19:23	180.014	2514.06	0.0185586	-0.996085
2019-10-14.13:19:24	179.915	2511.29	0.0181657	-1.2799
2019-10-14.13:19:25	179.731	2508.64	0.0173112	-0.614151
2019-10-14.13:19:26	179.252	2507.74	0.0174939	-0.122255
2019-10-14.13:19:27	178.774	2507.33	0.0181702	-0.641061
2019-10-14.13:19:28	178.568	2505.56	0.0179395	-1.0872
2019-10-14.13:19:29	178.417	2503.25	0.017029	-0.519491
2019-10-14.13:19:30	177.984	2502.5	0.0170125	0.0004626
2019-10-14.13:19:31	177.431	2502.79	0.0176765	-0.312802
2019-10-14.13:19:32	177.132	2501.94	0.0176539	-0.752134
2019-10-14.13:19:33	177.035	2499.92	0.0168832	-0.558632
2019-10-14.13:19:34	176.719	2498.9	0.0165418	-0.0635777
2019-10-14.13:19:35	176.173	2499.33	0.0169894	0.0916497
2019-10-14.13:19:36	175.764	2499.48	0.0173233	-0.37479
2019-10-14.13:19:37	175.616	2498.28	0.0169786	-0.79013
2019-10-14.13:19:38	175.491	2496.67	0.0162458	-0.246019
2019-10-14.13:19:39	175.115	2496.45	0.0162656	0.213109
2019-10-14.13:19:40	174.594	2497.3	0.0167561	0.0339679
2019-10-14.13:19:41	174.293	2497.28	0.0168099	-0.373871
2019-10-14.13:19:42	174.239	2495.97	0.016386	-0.618746
2019-10-14.13:19:43	174.106	2494.73	0.0158206	-0.0935339
2019-10-14.13:19:44	173.741	2494.82	0.0159139	0.339132
2019-10-14.13:19:45	173.266	2495.82	0.0163434	0.100602
2019-10-14.13:19:46	173.014	2495.89	0.0163542	-0.292102
2019-10-14.13:19:47	172.999	2494.72	0.0159987	-0.572442
2019-10-14.13:19:48	172.926	2493.5	0.0154583	-0.0665484
2019-10-14.13:19:49	172.627	2493.55	0.0155043	0.346469
2019-10-14.13:19:50	172.179	2494.62	0.0158661	0.242875
2019-10-14.13:19:51	171.925	2494.99	0.0159656	-0.139477
2019-10-14.13:19:52	171.897	2494.19	0.0157049	-0.535682
2019-10-14.13:19:53	171.929	2492.8	0.015169	-0.135876
2019-10-14.13:19:54	171.736	2492.52	0.0150715	0.25955
2019-10-14.13:19:55	171.344	2493.39	0.015277	0.503153
2019-10-14.13:19:56	171.037	2494.26	0.0155768	0.0695338
2019-10-14.13:19:57	170.951	2494.01	0.0154182	-0.312069
2019-10-14.13:19:58	171.054	2492.69	0.0150201	-0.311591
2019-10-14.13:19:59	171	2491.85	0.0146863	0.0955229
2019-10-14.13:20:00	170.744	2492.16	0.014783	0.477187
2019-10-14.13:20:01	170.368	2493.35	0.0150926	0.318385
2019-10-14.13:20:02	170.189	2493.79	0.0151646	-0.0419469
2019-10-14.13:20:03	170.22	2493.12	0.0149397	-0.416748
2019-10-14.13:20:04	170.337	2491.76	0.0144905	-0.12345
2019-10-14.13:20:05	170.246	2491.33	0.0143358	0.245436
2019-10-14.13:20:06	169.96	2492	0.014457	0.609249
2019-10-14.13:20:07	169.644	2493.17	0.0147787	0.259097
2019-10-14.13:20:08	169.541	2493.36	0.0147492	-0.0961122
2019-10-14.13:20:09	169.642	2492.48	0.0145356	-0.444499
2019-10-14.13:20:10	169.753	2491.22	0.0140871	-0.0391623
2019-10-14.13:20:11	169.656	2490.99	0.0140132	0.321665
2019-10-14.13:20:12	169.368	2491.81	0.0141258	0.647773
2019-10-14.13:20:13	169.094	2492.94	0.0144342	0.254763
2019-10-14.13:20:14	169.028	2493.06	0.0143757	-0.0945337
2019-10-14.13:20:15	169.159	2492.14	0.0141768	-0.422652
2019-10-14.13:20:16	169.285	2490.91	0.0137509	-0.01759
2019-10-14.13:20:17	169.208	2490.69	0.0136854	0.334176
2019-10-14.13:20:18	168.944	2491.5	0.0137839	0.666152
2019-10-14.13:20:19	168.678	2492.67	0.0140813	0.296038
2019-10-14.13:20:20	168.614	2492.88	0.0140472	-0.0443425
2019-10-14.13:20:21	168.741	2492.07	0.0138593	-0.388252
2019-10-14.13:20:22	168.907	2490.78	0.0134659	-0.0481807
2019-10-14.13:20:23	168.873	2490.42	0.0133534	0.293401
2019-10-14.13:20:24	168.656	2491.07	0.0134541	0.634787
2019-10-14.13:20:25	168.372	2492.33	0.0137167	0.375612
2019-10-14.13:20:26	168.329	2492.6	0.0142144	-0.82787
2019-10-14.13:20:27	169.237	2488.32	0.0144895	-1.86951
2019-10-14.13:20:28	169.899	2483.58	0.0128165	-1.21658
2019-10-14.13:20:29	170.865	2478.28	0.013788	-2.50632
2019-10-14.13:20:30	171.746	2472.03	0.013664	-1.18231
2019-10-14.13:20:31	172.386	2467.5	0.0136243	-2.19507
2019-10-14.13:20:32	173.395	2460.72	0.0139887	-1.85318
2019-10-14.13:20:33	173.918	2455.72	0.0133004	-1.41776
2019-10-14.13:20:34	174.612	2450.52	0.014166	-2.41843
2019-10-14.13:20:35	175.441	2443.8	0.0140233	-1.74507
2019-10-14.13:20:36	175.827	2439.13	0.0132573	-1.59051
2019-10-14.13:20:37	176.429	2433.84	0.014376	-2.403
2019-10-14.13:20:38	177.158	2427.14	0.0141235	-1.84811
2019-10-14.13:20:39	177.483	2422.3	0.0131231	-1.44262
2019-10-14.13:20:40	177.907	2417.44	0.0143133	-2.24042
2019-10-14.13:20:41	178.576	2410.79	0.0144081	-2.08501
2019-10-14.13:20:42	178.943	2405.3	0.0130903	-1.45449
2019-10-14.13:20:43	179.152	2400.98	0.013953	-1.98744
2019-10-14.13:20:44	179.669	2394.98	0.0147884	-2.49491
2019-10-14.13:20:45	180.142	2388.61	0.0134249	-1.80794
2019-10-14.13:20:46	180.274	2384.03	0.0133371	-1.57901
2019-10-14.13:20:47	180.543	2379.15	0.014598	-2.24003
2019-10-14.13:20:48	181.051	2372.6	0.014107	-2.19072
2019-10-14.13:20:49	181.319	2366.93	0.0130327	-1.61623
2019-10-14.13:20:50	181.367	2362.69	0.0139181	-1.88376
2019-10-14.13:20:51	181.674	2357.18	0.0145828	-2.43706
2019-10-14.13:20:52	182.098	2350.59	0.0134663	-2.00755
2019-10-14.13:20:53	182.208	2345.52	0.0130908	-1.46225
2019-10-14.13:20:54	182.258	2341.16	0.0142117	-2.06844
2019-10-14.13:20:55	182.605	2335.12	0.014259	-2.50634
2019-10-14.13:20:56	182.897	2328.85	0.0130689	-1.8493
2019-10-14.13:20:57	182.874	2324.33	0.0133528	-1.62286
2019-10-14.13:20:58	182.988	2319.51	0.0142901	-2.26023
2019-10-14.13:20:59	183.352	2313.02	0.0136955	-2.23643
2019-10-14.13:21:00	183.489	2307.37	0.012845	-1.65912
2019-10-14.13:21:01	183.415	2303.16	0.0136633	-1.92247
2019-10-14.13:21:02	183.61	2297.65	0.0141959	-2.48455
2019-10-14.13:21:03	183.912	2291.12	0.0131099	-1.99907
2019-10-14.13:21:04	183.891	2286.23	0.0128219	-1.4873
2019-10-14.13:21:05	183.879	2281.75	0.0139316	-2.17636
2019-10-14.13:21:06	184.172	2275.47	0.0137538	-2.38747
2019-10-14.13:21:07	184.302	2269.58	0.0126092	-1.73227
2019-10-14.13:21:08	184.179	2265.33	0.0132499	-1.89414
2019-10-14.13:21:09	184.319	2259.93	0.0140182	-2.4944
2019-10-14.13:21:10	184.579	2253.41	0.0129161	-1.99193
2019-10-14.13:21:11	184.501	2248.61	0.0125186	-1.5206
2019-10-14.13:21:12	184.472	2244.07	0.013707	-2.20026
2019-10-14.13:21:13	184.674	2237.98	0.0132541	-1.93764
2019-10-14.13:21:14	184.504	2233.57	0.0120824	-1.10133
2019-10-14.13:21:15	184.207	2230.51	0.0132861	-1.72026
2019-10-14.13:21:16	184.202	2225.83	0.0134124	-1.62751
2019-10-14.13:21:17	183.883	2222.46	0.0118986	-0.763139
2019-10-14.13:21:18	183.41	2220.62	0.0129066	-1.33389
2019-10-14.13:21:19	183.275	2217.05	0.0133622	-1.3802
2019-10-14.13:21:20	182.877	2214.46	0.0117411	-0.515575
[State]	Descent
2019-10-14.13:21:21	182.305	2213.49	0.0125488	-1.02295
2019-10-14.13:21:22	182.096	2210.77	0.0132427	-1.24252
2019-10-14.13:21:23	181.692	2208.63	0.0116025	-0.372679
2019-10-14.13:21:24	181.062	2208.29	0.0121513	-0.72786
2019-10-14.13:21:25	180.79	2206.39	0.0131295	-1.2216
2019-10-14.13:21:26	180.453	2204.34	0.0115465	-0.347182
2019-10-14.13:21:27	179.804	2204.33	0.0116349	-0.380375
2019-10-14.13:21:28	179.438	2203.38	0.0128617	-1.02031
2019-10-14.13:21:29	179.217	2201.27	0.0116914	-0.440935
2019-10-14.13:21:30	178.655	2201	0.0109225	0.10531
2019-10-14.13:21:31	178.145	2201.14	0.0123346	-0.598926
2019-10-14.13:21:32	177.966	2199.48	0.0121504	-0.741575
2019-10-14.13:21:33	177.623	2198.34	0.0106851	-0.0569381
2019-10-14.13:21:34	177.022	2198.92	0.0114051	-0.094898
2019-10-14.13:21:35	176.667	2198.67	0.0122805	-0.65645
2019-10-14.13:21:36	176.55	2196.97	0.011186	-0.440766
2019-10-14.13:21:37	176.186	2196.41	0.010444	0.123316
2019-10-14.13:21:38	175.628	2197.24	0.0114672	-0.0592768
2019-10-14.13:21:39	175.327	2197.04	0.0118339	-0.565005
2019-10-14.13:21:40	175.261	2195.48	0.0107902	-0.403486
2019-10-14.13:21:41	174.97	2194.89	0.0103184	0.120902
2019-10-14.13:21:42	174.453	2195.75	0.0110786	0.144772
2019-10-14.13:21:43	174.127	2196.02	0.0114312	-0.343156
2019-10-14.13:21:44	174.077	2194.84	0.0108465	-0.604473
2019-10-14.13:21:45	173.94	2193.75	0.0101602	-0.0332148
2019-10-14.13:21:46	173.547	2194.13	0.0104095	0.433996
2019-10-14.13:21:47	173.12	2195.11	0.0110099	-0.0239593
2019-10-14.13:21:48	172.958	2194.82	0.0108731	-0.468085
2019-10-14.13:21:49	172.989	2193.39	0.0102279	-0.30604
2019-10-14.13:21:50	172.811	2192.83	0.0099659	0.143597
2019-10-14.13:21:51	172.405	2193.59	0.010268	0.45484
2019-10-14.13:21:52	172.069	2194.45	0.0106934	-0.0322191
2019-10-14.13:21:53	171.979	2194.04	0.0105031	-0.455736
2019-10-14.13:21:54	172.049	2192.64	0.0099423	-0.245239
2019-10-14.13:21:55	171.907	2192.14	0.0097348	0.174423
2019-10-14.13:21:56	171.547	2192.89	0.0099614	0.521538
2019-10-14.13:21:57	171.224	2193.87	0.0103721	0.059396
2019-10-14.13:21:58	171.138	2193.68	0.0102444	-0.342067
2019-10-14.13:21:59	171.247	2192.37	0.0098058	-0.322515
2019-10-14.13:22:00	171.191	2191.61	0.0094898	0.0983062
2019-10-14.13:22:01	170.923	2192.05	0.0096356	0.497568
2019-10-14.13:22:02	170.568	2193.24	0.0100227	0.221717
2019-10-14.13:22:03	170.433	2193.49	0.0100499	-0.155699
2019-10-14.13:22:04	170.517	2192.59	0.0098095	-0.509036
2019-10-14.13:22:05	170.594	2191.37	0.0093234	-0.0550737
2019-10-14.13:22:06	170.5	2191.13	0.0099074	-0.843983
2019-10-14.13:22:07	171.346	2186.68	0.0106966	-1.57356
2019-10-14.13:22:08	171.83	2182.57	0.009495	-2.09304
2019-10-14.13:22:09	172.877	2176.02	0.0094481	-1.37125
2019-10-14.13:22:10	173.416	2171.53	0.0100776	-2.5791
2019-10-14.13:22:11	174.313	2164.82	0.0097006	-1.11021
2019-10-14.13:22:12	174.895	2160.06	0.0099606	-2.83879
2019-10-14.13:22:13	175.575	2153.74	0.0095775	-1.07351
2019-10-14.13:22:14	176.246	2148.47	0.0103402	-2.69178
2019-10-14.13:22:15	176.686	2142.84	0.0097025	-1.48754
2019-10-14.13:22:16	177.435	2136.86	0.010222	-2.15697
2019-10-14.13:22:17	177.704	2131.98	0.0099961	-2.11566
2019-10-14.13:22:18	178.432	2125.41	0.0100734	-1.54666
2019-10-14.13:22:19	178.676	2120.9	0.0101653	-2.74894
2019-10-14.13:22:20	179.207	2114.45	0.0097106	-1.01718
2019-10-14.13:22:21	179.675	2109.22	0.0103801	-2.65123
2019-10-14.13:22:22	179.83	2104.14	0.0101029	-2.24126
2019-10-14.13:22:23	180.396	2097.62	0.0096738	-0.864417
2019-10-14.13:22:24	180.769	2092.5	0.0103858	-2.67211
2019-10-14.13:22:25	180.815	2087.71	0.0104139	-3.50678
2019-10-14.13:22:26	181.011	2081.89	0.0099805	-1.84601
2019-10-14.13:22:27	181.355	2075.57	0.0085494	0.301739
2019-10-14.13:22:28	181.715	2069.41	0.0073439	1.55568
2019-10-14.13:22:29	181.875	2063.45	0.0067537	2.17388
2019-10-14.13:22:30	181.696	2057.51	0.0061618	2.79587
2019-10-14.13:22:31	181.133	2051.75	0.0062917	2.94632
2019-10-14.13:22:32	180.117	2047	0.0090562	0.524546
2019-10-14.13:22:33	178.577	2043.43	0.0103008	-4.53357
2019-10-14.13:22:34	176.713	2040.2	0.007809	-9.50972
2019-10-14.13:22:35	174.864	2036.71	0.0035996	-12.4549
2019-10-14.13:22:36	173.235	2032.54	0.0031687	-12.4118
2019-10-14.13:22:37	171.921	2027.46	0.0067854	-9.27748
2019-10-14.13:22:38	170.888	2021.42	0.0092947	-3.89949
2019-10-14.13:22:39	170.059	2014.55	0.0043609	2.26882
2019-10-14.13:22:40	169.557	2007.47	-0.0064116	7.5314
2019-10-14.13:22:41	169.593	2001.1	-0.0068026	8.64702
2019-10-14.13:22:42	169.646	1996.06	0.0037734	3.94207
2019-10-14.13:22:43	169.064	1992.26	0.0092584	-4.12867
2019-10-14.13:22:44	167.813	1988.8	0.0054713	-10.6242
2019-10-14.13:22:45	166.628	1984.52	0.0025575	-12.2336
2019-10-14.13:22:46	165.835	1978.89	0.0066257	-8.61772
2019-10-14.13:22:47	165.385	1971.87	0.0077691	-1.75814
2019-10-14.13:22:48	165.186	1964.04	-0.002006	5.24696
2019-10-14.13:22:49	165.535	1956.69	-0.0079194	8.51485
2019-10-14.13:22:50	166.076	1950.93	0.0016737	4.79323
2019-10-14.13:22:51	165.919	1946.82	0.0087945	-3.78917
2019-10-14.13:22:52	164.916	1943.22	0.0048955	-10.7163
2019-10-14.13:22:53	163.981	1938.62	0.0027445	-11.7709
2019-10-14.13:22:54	163.485	1932.41	0.0074847	-6.95539
2019-10-14.13:22:55	163.322	1924.75	0.0054527	0.65442
2019-10-14.13:22:56	163.503	1916.63	-0.0061814	7.06211
2019-10-14.13:22:57	164.239	1909.63	-0.004965	7.60295
2019-10-14.13:22:58	164.725	1904.56	0.0067986	0.721917
2019-10-14.13:22:59	164.173	1900.81	0.0072222	-7.98023
2019-10-14.13:23:00	163.226	1896.71	0.0024408	-12.0096
2019-10-14.13:23:01	162.641	1891.07	0.0053602	-9.38
2019-10-14.13:23:02	162.475	1883.76	0.0074065	-2.1898
2019-10-14.13:23:03	162.595	1875.48	-0.0024598	5.23891
2019-10-14.13:23:04	163.278	1867.83	-0.0073496	8.18062
2019-10-14.13:23:05	164.033	1862.06	0.0035297	3.32443
2019-10-14.13:23:06	163.868	1858	0.0080604	-5.70924
2019-10-14.13:23:07	162.975	1854.11	0.0032242	-11.5372
2019-10-14.13:23:08	162.316	1848.86	0.0038521	-10.6243
2019-10-14.13:23:09	162.11	1841.87	0.0078114	-4.17111
2019-10-14.13:23:10	162.195	1833.63	0.0007057	3.60812
2019-10-14.13:23:11	162.774	1825.6	-0.0079304	8.08056
2019-10-14.13:23:12	163.647	1819.29	0.00049	5.05591
2019-10-14.13:23:13	163.789	1814.87	0.0083076	-3.71072
2019-10-14.13:23:14	162.989	1811.06	0.0043701	-10.775
2019-10-14.13:23:15	162.261	1806.13	0.0028295	-11.3961
2019-10-14.13:23:16	161.986	1799.48	0.0075684	-5.8517
2019-10-14.13:23:17	161.994	1791.5	0.0031185	2.17007
2019-10-14.13:23:18	162.334	1783.78	-0.0079166	7.95397
2019-10-14.13:23:19	163.037	1778.03	-0.0027981	6.86252
2019-10-14.13:23:20	163.135	1774.82	0.0077848	-1.18839
2019-10-14.13:23:21	162.08	1773.08	0.0056777	-9.0312
2019-10-14.13:23:22	160.869	1770.85	0.0030915	-10.5664
2019-10-14.13:23:23	160.099	1767.13	0.0074817	-5.15612
2019-10-14.13:23:24	159.69	1762.07	0.0024501	3.29842
2019-10-14.13:23:25	159.759	1757.17	-0.0087502	8.94637
2019-10-14.13:23:26	160.219	1754.4	-0.0007036	6.23585
2019-10-14.13:23:27	159.807	1754.16	0.0076988	-3.07878
[State]	Landing
2019-10-14.13:23:28	158.429	1754.58	0.0044038	-9.19576
2019-10-14.13:23:29	157.354	1753.42	0.0061754	-6.81979
2019-10-14.13:23:30	156.874	1750.2	0.0052041	1.27549
2019-10-14.13:23:31	156.903	1746.32	-0.0065175	8.09431
2019-10-14.13:23:32	157.465	1744.27	-0.0017296	6.68557
2019-10-14.13:23:33	157.235	1744.92	0.0072938	-2.28672
2019-10-14.13:23:34	156.023	1746.2	0.0051197	-7.9463
2019-10-14.13:23:35	155.182	1745.55	0.0070095	-4.57869
2019-10-14.13:23:36	154.983	1742.71	0.0027395	3.4354
2019-10-14.13:23:37	155.387	1739.77	-0.0059614	8.19194
2019-10-14.13:23:38	155.944	1739.25	0.0035779	3.45808
2019-10-14.13:23:39	155.359	1740.92	0.0065476	-4.97307
2019-10-14.13:23:40	154.384	1741.89	0.0060763	-6.28316
2019-10-14.13:23:41	154.076	1740.39	0.00594	0.12171
2019-10-14.13:23:42	154.352	1737.59	-0.003117	6.77035
2019-10-14.13:23:43	155.092	1736.35	-0.0002621	5.74579
2019-10-14.13:23:44	155.119	1737.65	-5.93783	-1.92555
2019-10-14.13:23:45	154.633	1738.77	-14.6439	-4.45742
2019-10-14.13:23:46	155.051	1737.57	-9.79578	-0.339428
2019-10-14.13:23:47	156.163	1735.01	-6.09877	5.36855
2019-10-14.13:23:48	157.527	1733.39	-5.92347	6.46717
2019-10-14.13:23:49	158.497	1733.88	-6.38251	1.38544
2019-10-14.13:23:50	158.815	1735.2	-4.73744	-3.21432
2019-10-14.13:23:51	159.23	1735.45	-3.01804	-2.07616
2019-10-14.13:23:52	160.059	1734.23	-2.83307	2.57905
2019-10-14.13:23:53	161.089	1732.64	-2.59073	6.28588
2019-10-14.13:23:54	162.209	1732.1	-1.87769	5.21719
2019-10-14.13:23:55	162.858	1733.02	-1.56157	0.406714
2019-10-14.13:23:56	163.037	1734.42	-1.70453	-3.50864
2019-10-14.13:23:57	163.165	1735.15	-1.29994	-3.41184
2019-10-14.13:23:58	163.531	1734.72	-0.65765	0.0982894
2019-10-14.13:23:59	164.003	1733.5	-0.546583	4.58496
2019-10-14.13:24:00	164.573	1732.24	-0.671324	7.77048
2019-10-14.13:24:01	165.197	1731.69	-0.60844	7.48376
2019-10-14.13:24:02	165.545	1732.18	-0.489759	3.42272
2019-10-14.13:24:03	165.332	1733.47	-0.500438	-2.07107
2019-10-14.13:24:04	164.717	1734.91	-0.408358	-6.17146
2019-10-14.13:24:05	164.072	1735.76	-0.107596	-6.69827
2019-10-14.13:24:06	163.642	1735.54	0.0926631	-3.49147
2019-10-14.13:24:07	163.391	1734.25	0.0988433	2.01286
2019-10-14.13:24:08	163.255	1732.37	0.0497436	7.64104
2019-10-14.13:24:09	163.415	1730.8	-0.0197207	10.7621
2019-10-14.13:24:10	163.703	1730.35	-0.117777	8.89014
2019-10-14.13:24:11	163.653	1731.27	-0.164	2.30038
2019-10-14.13:24:12	162.925	1733.01	-0.0592082	-4.63533
2019-10-14.13:24:13	162.034	1734.45	0.148026	-7.67664
2019-10-14.13:24:14	161.456	1734.68	0.292596	-5.43402
2019-10-14.13:24:15	161.246	1733.55	0.312593	0.435687
2019-10-14.13:24:16	161.225	1731.57	0.233163	6.78451
2019-10-14.13:24:17	161.529	1729.86	0.0946787	10.4223
2019-10-14.13:24:18	161.998	1729.46	-0.0311054	8.4176
2019-10-14.13:24:19	162.055	1730.58	-0.0544399	1.49092
2019-10-14.13:24:20	161.416	1732.44	0.0605579	-5.08593
2019-10-14.13:24:21	160.719	1733.76	0.233905	-6.8793
2019-10-14.13:24:22	160.413	1733.67	0.332596	-3.33133
2019-10-14.13:24:23	160.421	1732.22	0.307497	2.90394
2019-10-14.13:24:24	160.643	1730.3	0.185347	8.45829
2019-10-14.13:24:25	161.198	1729.15	0.0381321	9.8138
2019-10-14.13:24:26	161.638	1729.54	-0.0468364	5.16566
2019-10-14.13:24:27	161.419	1731.22	-0.0043109	-2.03585
2019-10-14.13:24:28	160.769	1732.98	0.146628	-6.38481
2019-10-14.13:24:29	160.341	1733.64	0.288152	-5.15271
2019-10-14.13:24:30	160.306	1732.8	0.319413	0.181853
2019-10-14.13:24:31	160.477	1731.02	0.234524	6.26783
2019-10-14.13:24:32	160.941	1729.46	0.0895068	9.72467
2019-10-14.13:24:33	161.534	1729.21	-0.0296081	7.56335
