DateTime	ASI:airspeed	Altimeter:altitude	RC:roll	HI:heading
[State]	Standing
2019-10-11.13:01:39	0.474726	1654.61	-0.0010306	0.0033878
[State]	Taxiing
2019-10-11.13:01:40	0.138669	1654.73	-0.0187188	0.449202
2019-10-11.13:01:41	0.0624603	1654.78	-0.0349405	0.0343216
2019-10-11.13:01:42	0.894569	1654.79	-0.0687657	-0.124905
2019-10-11.13:01:43	3.90275	1654.79	-0.159822	0.099103
2019-10-11.13:01:44	7.69202	1654.79	-0.183611	0.226899
2019-10-11.13:01:45	11.6073	1654.79	-0.217456	0.281031
2019-10-11.13:01:46	15.4696	1654.79	-0.382102	0.326126
2019-10-11.13:01:47	19.2608	1654.79	-0.723908	0.450636
2019-10-11.13:01:48	22.9946	1654.79	-1.09899	0.5482
2019-10-11.13:01:49	26.6564	1654.8	-1.43921	0.610739
2019-10-11.13:01:50	30.2458	1654.8	-1.67979	0.634866
2019-10-11.13:01:51	33.7496	1654.8	-1.83644	0.658275
2019-10-11.13:01:52	37.1222	1654.8	-1.9882	0.697106
2019-10-11.13:01:53	40.3661	1654.81	-2.09976	0.733705
2019-10-11.13:01:54	43.5008	1654.81	-2.15654	0.769201
2019-10-11.13:01:55	46.5549	1654.81	-2.16759	0.814826
2019-10-11.13:01:56	49.5589	1654.82	-2.12495	0.86943
2019-10-11.13:01:57	52.5394	1654.82	-2.03055	0.932849
2019-10-11.13:01:58	55.5147	1654.82	-1.90516	0.994571
2019-10-11.13:01:59	58.4976	1654.83	-1.7565	1.05623
2019-10-11.13:02:00	61.4972	1654.83	-1.58932	1.11879
2019-10-11.13:02:01	64.52	1654.84	-1.40646	1.18271
2019-10-11.13:02:02	67.571	1654.85	-1.20988	1.24799
2019-10-11.13:02:03	70.6536	1654.85	-1.00114	1.31449
2019-10-11.13:02:04	73.7704	1654.86	-0.781649	1.38203
2019-10-11.13:02:05	76.9226	1654.87	-0.552715	1.45033
[State]	TakeOff
2019-10-11.13:02:06	80.1104	1654.87	-0.315703	1.5191
2019-10-11.13:02:07	83.3457	1654.88	-0.16855	1.58055
2019-10-11.13:02:08	86.6637	1654.89	-0.0842775	1.8986
2019-10-11.13:02:09	89.9654	1655	0.0397876	6.39022
2019-10-11.13:02:10	91.3649	1658.25	0.0267553	13.2561
2019-10-11.13:02:11	90.8586	1666.55	0.0454559	11.4889
2019-10-11.13:02:12	90.4444	1674.09	0.0671784	11.3764
2019-10-11.13:02:13	90.2227	1680.76	0.0781744	11.2649
2019-10-11.13:02:14	89.9782	1687.15	0.0724871	11.5285
2019-10-11.13:02:15	89.7122	1693.62	0.0594825	11.4965
2019-10-11.13:02:16	89.4948	1699.93	0.0504296	11.428
2019-10-11.13:02:17	89.2598	1706.09	0.0497777	11.5208
2019-10-11.13:02:18	89.0138	1712.21	0.055417	11.5376
2019-10-11.13:02:19	88.7904	1718.26	0.0609463	11.578
2019-10-11.13:02:20	88.5971	1724.27	0.0622159	11.5924
2019-10-11.13:02:21	88.428	1730.21	0.0592931	11.6064
2019-10-11.13:02:22	88.2673	1736.08	0.055197	11.6191
2019-10-11.13:02:23	88.1053	1741.9	0.0528384	11.6371
2019-10-11.13:02:24	87.9417	1747.66	0.0530478	11.6575
2019-10-11.13:02:25	87.7831	1753.38	0.0546266	11.6771
[State]	Climb
2019-10-11.13:02:26	87.6363	1759.04	0.0557998	11.6931
2019-10-11.13:02:27	87.5056	1764.66	0.0556243	11.7037
2019-10-11.13:02:28	87.3915	1770.22	0.0543687	11.7134
2019-10-11.13:02:29	87.2894	1775.72	0.0529708	11.7235
2019-10-11.13:02:30	87.1964	1781.18	0.0522003	11.7333
2019-10-11.13:02:31	87.1117	1786.58	0.0521764	11.7429
2019-10-11.13:02:32	87.0367	1791.94	0.0524857	11.7509
2019-10-11.13:02:33	86.9722	1797.26	0.0526225	11.7568
2019-10-11.13:02:34	86.9175	1802.55	0.0523604	11.7608
2019-10-11.13:02:35	86.8711	1807.81	0.0518204	11.7636
2019-10-11.13:02:36	86.831	1813.04	0.0512838	11.7658
2019-10-11.13:02:37	86.796	1818.24	0.0509528	11.7677
2019-10-11.13:02:38	86.7659	1823.42	0.0508366	11.7691
2019-10-11.13:02:39	86.7407	1828.57	0.0508027	11.7697
2019-10-11.13:02:40	86.7204	1833.71	0.050708	11.7695
2019-10-11.13:02:41	86.7046	1838.83	0.0504985	11.7686
2019-10-11.13:02:42	86.6925	1843.94	0.0502183	11.7671
2019-10-11.13:02:43	86.6835	1849.03	0.0499502	11.7654
2019-10-11.13:02:44	86.6771	1854.11	0.0497478	11.7633
2019-10-11.13:02:45	86.6731	1859.18	0.0496079	11.761
2019-10-11.13:02:46	86.6715	1864.24	0.0494893	11.7584
2019-10-11.13:02:47	86.6721	1869.29	0.0493513	11.7554
2019-10-11.13:02:48	86.6747	1874.33	0.0491812	11.7521
2019-10-11.13:02:49	86.6789	1879.36	0.0489939	11.7486
2019-10-11.13:02:50	86.6847	1884.39	0.0488136	11.7449
2019-10-11.13:02:51	86.6917	1889.41	0.0486544	11.7411
2019-10-11.13:02:52	86.6998	1894.43	0.0485138	11.7371
2019-10-11.13:02:53	86.7089	1899.44	0.0483783	11.7334
2019-10-11.13:02:54	86.7188	1904.45	0.0482352	11.7303
2019-10-11.13:02:55	86.7289	1909.46	0.0480814	11.7281
2019-10-11.13:02:56	86.7387	1914.46	0.0479222	11.7269
2019-10-11.13:02:57	86.7477	1919.47	0.0477649	11.7264
2019-10-11.13:02:58	86.7557	1924.47	0.0476136	11.7264
2019-10-11.13:02:59	86.7625	1929.48	0.0474669	11.7266
2019-10-11.13:03:00	86.7684	1934.49	0.047321	11.7266
2019-10-11.13:03:01	86.7735	1939.5	0.0471726	11.726
2019-10-11.13:03:02	86.7785	1944.51	0.0470215	11.7245
2019-10-11.13:03:03	86.7837	1949.51	0.0468696	11.7222
2019-10-11.13:03:04	86.7896	1954.51	0.0467195	11.719
2019-10-11.13:03:05	86.7964	1959.51	0.0465722	11.7154
2019-10-11.13:03:06	86.8043	1964.5	0.0464273	11.7116
2019-10-11.13:03:07	86.8132	1969.49	0.0462835	11.708
2019-10-11.13:03:08	86.8227	1974.47	0.0461396	11.7049
2019-10-11.13:03:09	86.8325	1979.46	0.0459954	11.7026
2019-10-11.13:03:10	86.842	1984.44	0.045851	11.7011
2019-10-11.13:03:11	86.851	1989.42	0.045707	11.7004
2019-10-11.13:03:12	86.8591	1994.4	0.0455635	11.7002
2019-10-11.13:03:13	86.8661	1999.38	0.0454202	11.7002
2019-10-11.13:03:14	86.8723	2004.36	0.0452769	11.7001
2019-10-11.13:03:15	86.8778	2009.34	0.0451336	11.6994
2019-10-11.13:03:16	86.8829	2014.32	0.0449904	11.6981
2019-10-11.13:03:17	86.8883	2019.3	0.0448477	11.696
2019-10-11.13:03:18	86.8941	2024.28	0.044706	11.6931
2019-10-11.13:03:19	86.9008	2029.25	0.0445654	11.6897
2019-10-11.13:03:20	86.9085	2034.22	0.0444259	11.6861
2019-10-11.13:03:21	86.917	2039.18	0.0442873	11.6827
2019-10-11.13:03:22	86.9262	2044.14	0.0441493	11.6796
2019-10-11.13:03:23	86.9357	2049.1	0.0440119	11.6772
2019-10-11.13:03:24	86.945	2054.05	0.0438747	11.6756
2019-10-11.13:03:25	86.954	2059.01	0.0437377	11.6746
2019-10-11.13:03:26	86.9621	2063.96	0.0436008	11.6742
2019-10-11.13:03:27	86.9694	2068.92	0.0434638	11.674
2019-10-11.13:03:28	86.9758	2073.88	0.0433268	11.6737
2019-10-11.13:03:29	86.9815	2078.83	0.0431899	11.6731
2019-10-11.13:03:30	86.9869	2083.79	0.0430534	11.6719
2019-10-11.13:03:31	86.9924	2088.74	0.0429174	11.6699
2019-10-11.13:03:32	86.9982	2093.69	0.0427822	11.6673
2019-10-11.13:03:33	87.0048	2098.64	0.0426479	11.6642
2019-10-11.13:03:34	87.0122	2103.58	0.0425144	11.6608
2019-10-11.13:03:35	87.0204	2108.52	0.0423819	11.6575
2019-10-11.13:03:36	87.0293	2113.46	0.0422501	11.6544
2019-10-11.13:03:37	87.0385	2118.39	0.0421188	11.652
2019-10-11.13:03:38	87.0477	2123.32	0.0419879	11.6502
2019-10-11.13:03:39	87.0565	2128.25	0.0418571	11.649
2019-10-11.13:03:40	87.0647	2133.18	0.0417264	11.6484
2019-10-11.13:03:41	87.0722	2138.11	0.0415957	11.648
2019-10-11.13:03:42	87.0788	2143.04	0.041465	11.6476
2019-10-11.13:03:43	87.0848	2147.97	0.0413345	11.647
2019-10-11.13:03:44	87.0904	2152.9	0.0412042	11.6458
2019-10-11.13:03:45	87.096	2157.83	0.0410744	11.644
2019-10-11.13:03:46	87.1019	2162.75	0.0409453	11.6416
2019-10-11.13:03:47	87.1084	2167.68	0.040817	11.6387
2019-10-11.13:03:48	87.1156	2172.59	0.0406895	11.6355
2019-10-11.13:03:49	87.1235	2177.51	0.0405628	11.6323
2019-10-11.13:03:50	87.1321	2182.42	0.0404368	11.6294
2019-10-11.13:03:51	87.141	2187.33	0.0403114	11.6269
2019-10-11.13:03:52	87.15	2192.23	0.0401864	11.625
2019-10-11.13:03:53	87.1588	2197.14	0.0400616	11.6236
2019-10-11.13:03:54	87.167	2202.04	0.0399369	11.6228
2019-10-11.13:03:55	87.1746	2206.95	0.0398122	11.6222
2019-10-11.13:03:56	87.1814	2211.85	0.0396875	11.6217
2019-10-11.13:03:57	87.1876	2216.76	0.0395629	11.621
2019-10-11.13:03:58	87.1934	2221.66	0.0394386	11.6199
2019-10-11.13:03:59	87.1991	2226.56	0.0393148	11.6183
2019-10-11.13:04:00	87.2051	2231.46	0.0391915	11.6161
2019-10-11.13:04:01	87.2115	2236.36	0.0390689	11.6134
2019-10-11.13:04:02	87.2185	2241.26	0.0389471	11.6104
2019-10-11.13:04:03	87.2262	2246.15	0.038826	11.6073
2019-10-11.13:04:04	87.2345	2251.03	0.0387056	11.6044
2019-10-11.13:04:05	87.2432	2255.92	0.0385858	11.6019
2019-10-11.13:04:06	87.252	2260.8	0.0384664	11.5999
2019-10-11.13:04:07	87.2607	2265.68	0.0383472	11.5984
2019-10-11.13:04:08	87.2689	2270.56	0.0382282	11.5974
2019-10-11.13:04:09	87.2765	2275.44	0.0381092	11.5966
2019-10-11.13:04:10	87.2835	2280.32	0.0379903	11.596
2019-10-11.13:04:11	87.29	2285.2	0.0378715	11.5953
2019-10-11.13:04:12	87.296	2290.07	0.0377529	11.5942
2019-10-11.13:04:13	87.3018	2294.95	0.0376346	11.5927
2019-10-11.13:04:14	87.3078	2299.83	0.0375169	11.5906
2019-10-11.13:04:15	87.3142	2304.7	0.0373998	11.5881
2019-10-11.13:04:16	87.321	2309.57	0.0372834	11.5853
2019-10-11.13:04:17	87.3285	2314.43	0.0371677	11.5824
2019-10-11.13:04:18	87.3366	2319.3	0.0370527	11.5796
2019-10-11.13:04:19	87.345	2324.16	0.0369382	11.5771
2019-10-11.13:04:20	87.3537	2329.01	0.0368242	11.575
2019-10-11.13:04:21	87.3622	2333.87	0.0367104	11.5733
2019-10-11.13:04:22	87.3704	2338.72	0.0365968	11.5721
2019-10-11.13:04:23	87.3781	2343.58	0.0364833	11.5713
2019-10-11.13:04:24	87.3853	2348.43	0.0363698	11.5705
2019-10-11.13:04:25	87.3919	2353.28	0.0362564	11.5697
2019-10-11.13:04:26	87.3981	2358.14	0.0361433	11.5687
2019-10-11.13:04:27	87.4041	2362.99	0.0360304	11.5672
2019-10-11.13:04:28	87.4101	2367.84	0.035918	11.5653
2019-10-11.13:04:29	87.4164	2372.69	0.0358062	11.563
2019-10-11.13:04:30	87.4232	2377.53	0.035695	11.5604
2019-10-11.13:04:31	87.4305	2382.37	0.0355844	11.5576
2019-10-11.13:04:32	87.4383	2387.21	0.0354745	11.5549
2019-10-11.13:04:33	87.4465	2392.05	0.0353651	11.5524
2019-10-11.13:04:34	87.4549	2396.88	0.0352561	11.5502
2019-10-11.13:04:35	87.4634	2401.71	0.0351475	11.5485
2019-10-11.13:04:36	87.4715	2406.54	0.035039	11.5471
2019-10-11.13:04:37	87.4793	2411.37	0.0349307	11.5461
2019-10-11.13:04:38	87.4866	2416.2	0.0348225	11.5452
2019-10-11.13:04:39	87.4933	2421.03	0.0347143	11.5444
2019-10-11.13:04:40	87.4997	2425.85	0.0346063	11.5433
2019-10-11.13:04:41	87.5058	2430.68	0.0344986	11.5419
2019-10-11.13:04:42	87.5119	2435.51	0.0343913	11.5402
2019-10-11.13:04:43	87.5182	2440.33	0.0342845	11.538
2019-10-11.13:04:44	87.5249	2445.15	0.0341782	11.5356
2019-10-11.13:04:45	87.532	2449.97	0.0340726	11.5329
2019-10-11.13:04:46	87.5397	2454.78	0.0339675	11.5303
2019-10-11.13:04:47	87.5477	2459.59	0.033863	11.5278
2019-10-11.13:04:48	87.5559	2464.4	0.0337589	11.5256
2019-10-11.13:04:49	87.5642	2469.21	0.0336552	11.5237
2019-10-11.13:04:50	87.5723	2474.01	0.0335516	11.5223
2019-10-11.13:04:51	87.5801	2478.82	0.0334483	11.5211
2019-10-11.13:04:52	87.5874	2483.62	0.033345	11.5201
2019-10-11.13:04:53	87.5943	2488.42	0.0332418	11.5192
2019-10-11.13:04:54	87.6008	2493.23	0.0331387	11.5181
2019-10-11.13:04:55	87.6071	2498.03	0.0330359	11.5168
2019-10-11.13:04:56	87.6133	2502.83	0.0329335	11.5152
2019-10-11.13:04:57	87.6196	2507.62	0.0328315	11.5132
2019-10-11.13:04:58	87.6262	2512.42	0.03273	11.5109
2019-10-11.13:04:59	87.6332	2517.21	0.032629	11.5084
2019-10-11.13:05:00	87.6406	2522	0.0325286	11.5058
2019-10-11.13:05:01	87.6484	2526.79	0.0324288	11.5034
2019-10-11.13:05:02	87.6565	2531.57	0.0323293	11.5011
2019-10-11.13:05:03	87.6646	2536.36	0.0322302	11.4992
2019-10-11.13:05:04	87.6727	2541.14	0.0321314	11.4976
2019-10-11.13:05:05	87.6805	2545.92	0.0320327	11.4963
2019-10-11.13:05:06	87.6879	2550.7	0.0319341	11.4952
2019-10-11.13:05:07	87.6949	2555.47	0.0318356	11.4942
2019-10-11.13:05:08	87.7016	2560.25	0.0317373	11.4932
2019-10-11.13:05:09	87.7079	2565.03	0.0316392	11.4919
2019-10-11.13:05:10	87.7142	2569.8	0.0315414	11.4903
2019-10-11.13:05:11	87.7205	2574.58	0.031444	11.4884
2019-10-11.13:05:12	87.7518	2579.32	0.0318643	11.2429
2019-10-11.13:05:13	87.9304	2583.79	0.0326812	10.8641
[State]	Cruise
2019-10-11.13:05:14	88.252	2587.86	0.0331145	10.5765
2019-10-11.13:05:15	88.6949	2591.63	0.0334078	10.2615
2019-10-11.13:05:16	89.2461	2595.12	0.0337059	9.96904
2019-10-11.13:05:17	89.8881	2598.39	0.0342615	9.68119
2019-10-11.13:05:18	90.6083	2601.48	0.0351142	9.40219
2019-10-11.13:05:19	91.3968	2604.44	0.0361427	9.12737
2019-10-11.13:05:20	92.2468	2607.29	0.0371684	8.8564
2019-10-11.13:05:21	93.1523	2610.05	0.0380922	8.58804
2019-10-11.13:05:22	94.104	2612.73	0.0389236	8.32405
2019-10-11.13:05:23	95.097	2615.37	0.0397672	8.0567
2019-10-11.13:05:24	96.1307	2617.98	0.04067	7.79138
2019-10-11.13:05:25	97.2044	2620.54	0.0416194	7.52599
2019-10-11.13:05:26	98.3155	2623.08	0.042555	7.26323
2019-10-11.13:05:27	99.4604	2625.57	0.0434446	7.00651
2019-10-11.13:05:28	100.637	2627.93	0.0441389	6.79333
2019-10-11.13:05:29	101.837	2630.17	0.0447902	6.57381
2019-10-11.13:05:30	103.053	2632.31	0.0454264	6.38832
2019-10-11.13:05:31	104.277	2634.37	0.0461168	6.19991
2019-10-11.13:05:32	105.507	2636.41	0.0468581	6.00616
2019-10-11.13:05:33	106.741	2638.44	0.0475837	5.81208
2019-10-11.13:05:34	107.979	2640.48	0.0482248	5.6196
2019-10-11.13:05:35	109.224	2642.5	0.0487845	5.42973
2019-10-11.13:05:36	110.474	2644.51	0.0493091	5.24317
2019-10-11.13:05:37	111.72	2646.5	0.0498296	5.06183
2019-10-11.13:05:38	112.963	2648.46	0.0503431	4.88372
2019-10-11.13:05:39	114.197	2650.4	0.0508194	4.71046
2019-10-11.13:05:40	115.425	2652.29	0.0512474	4.54099
2019-10-11.13:05:41	116.645	2654.16	0.0516377	4.37564
2019-10-11.13:05:42	117.859	2655.98	0.0520074	4.21481
2019-10-11.13:05:43	119.067	2657.75	0.0523622	4.05833
2019-10-11.13:05:44	120.269	2659.48	0.0526955	3.90637
2019-10-11.13:05:45	121.464	2661.16	0.0530016	3.75895
2019-10-11.13:05:46	122.648	2662.79	0.0532809	3.61756
2019-10-11.13:05:47	123.82	2664.38	0.0535416	3.48027
2019-10-11.13:05:48	124.979	2665.92	0.0537852	3.34788
2019-10-11.13:05:49	126.124	2667.41	0.0540095	3.22005
2019-10-11.13:05:50	127.257	2668.85	0.0542133	3.09665
2019-10-11.13:05:51	128.376	2670.25	0.0543989	2.97771
2019-10-11.13:05:52	129.445	2671.54	-3.78447	1.49875
2019-10-11.13:05:53	131.553	2668.26	-12.3118	-2.10403
2019-10-11.13:05:54	133.524	2660.82	-20.477	-0.0852086
2019-10-11.13:05:55	135.095	2654.58	-28.8012	-0.92243
2019-10-11.13:05:56	137.285	2646.08	-30.0769	-2.41095
2019-10-11.13:05:57	139.403	2636.58	-30.0892	-1.80494
2019-10-11.13:05:58	140.915	2629.05	-30.0883	-1.09106
2019-10-11.13:05:59	142.332	2622.14	-30.0799	-1.32922
2019-10-11.13:06:00	143.757	2614.61	-30.0795	-1.5563
2019-10-11.13:06:01	145.174	2606.85	-30.0813	-1.78371
2019-10-11.13:06:02	146.495	2599.16	-30.081	-1.66754
2019-10-11.13:06:03	147.591	2591.95	-30.0802	-1.29014
2019-10-11.13:06:04	148.448	2585.54	-30.0797	-1.28796
2019-10-11.13:06:05	149.345	2579.03	-30.0788	-1.50157
2019-10-11.13:06:06	150.241	2572.24	-30.078	-1.57213
2019-10-11.13:06:07	151.075	2565.41	-30.0774	-1.51775
2019-10-11.13:06:08	151.8	2558.81	-30.0775	-1.39281
2019-10-11.13:06:09	152.398	2552.62	-30.0776	-1.34099
2019-10-11.13:06:10	152.993	2546.48	-30.0763	-1.44201
2019-10-11.13:06:11	153.571	2540.2	-30.0757	-1.45595
2019-10-11.13:06:12	154.106	2533.96	-30.0755	-1.42512
2019-10-11.13:06:13	154.572	2527.9	-30.0755	-1.34039
2019-10-11.13:06:14	154.947	2522.15	-29.9079	-1.20071
2019-10-11.13:06:15	155.147	2517.23	-23.0613	-0.854456
2019-10-11.13:06:16	155.02	2514.63	-17.8759	-0.984159
2019-10-11.13:06:17	155.101	2511.98	-14.9002	-1.13714
2019-10-11.13:06:18	155.202	2508.86	-12.3979	-1.08186
2019-10-11.13:06:19	155.281	2505.89	-9.60172	-1.07797
2019-10-11.13:06:20	155.315	2503.34	-7.40424	-0.914486
2019-10-11.13:06:21	155.21	2501.48	-6.21098	-0.571426
2019-10-11.13:06:22	154.912	2500.47	-5.19357	-0.204247
2019-10-11.13:06:23	154.482	2500.32	-3.96399	-0.184426
2019-10-11.13:06:24	154.19	2499.99	-3.06501	-0.422512
2019-10-11.13:06:25	154.031	2499.07	-2.63386	-0.622936
2019-10-11.13:06:26	153.972	2497.58	-2.22136	-0.819911
2019-10-11.13:06:27	154.033	2495.56	-1.65866	-0.990385
2019-10-11.13:06:28	154.074	2493.48	-1.2137	-0.66546
2019-10-11.13:06:29	153.956	2492.14	-1.03503	-0.381973
2019-10-11.13:06:30	153.686	2491.54	-0.892381	-0.101225
2019-10-11.13:06:31	153.294	2491.64	-0.642386	0.147052
2019-10-11.13:06:32	152.821	2492.33	-0.44168	0.257164
2019-10-11.13:06:33	152.415	2492.99	-0.405212	0.0569236
2019-10-11.13:06:34	152.125	2493.14	-0.368918	-0.135398
2019-10-11.13:06:35	151.966	2492.73	-0.237996	-0.355623
2019-10-11.13:06:36	151.951	2491.72	-0.133544	-0.591695
2019-10-11.13:06:37	152.056	2490.1	-0.12482	-0.67266
2019-10-11.13:06:38	152.072	2488.6	-0.0911901	-0.371456
2019-10-11.13:06:39	151.951	2487.79	-0.0208209	-0.11873
2019-10-11.13:06:40	151.709	2487.62	0.0081761	0.120195
2019-10-11.13:06:41	151.36	2488.04	-0.0028756	0.338972
2019-10-11.13:06:42	150.923	2488.98	0.0070811	0.481614
2019-10-11.13:06:43	150.539	2489.96	0.024947	0.268501
2019-10-11.13:06:44	150.289	2490.42	0.0301703	0.0640203
2019-10-11.13:06:45	150.171	2490.3	0.0358107	-0.160908
2019-10-11.13:06:46	150.184	2489.58	0.0473116	-0.394094
2019-10-11.13:06:47	150.321	2488.25	0.0565092	-0.596278
2019-10-11.13:06:48	150.436	2486.76	0.080021	-0.31037
2019-10-11.13:06:49	150.408	2485.9	0.0987447	-0.0687211
2019-10-11.13:06:50	150.251	2485.67	0.0843671	0.171891
2019-10-11.13:06:51	149.978	2486.04	0.0717966	0.397949
2019-10-11.13:06:52	149.609	2486.94	0.0837665	0.596368
2019-10-11.13:06:53	149.234	2488.12	0.0845558	0.43571
2019-10-11.13:06:54	148.987	2488.85	0.0594435	0.239671
2019-10-11.13:06:55	148.867	2489.02	0.0601347	0.0210945
2019-10-11.13:06:56	148.877	2488.61	0.0822455	-0.207891
2019-10-11.13:06:57	149.011	2487.61	0.0862661	-0.434187
2019-10-11.13:06:58	149.216	2486.13	0.0786542	-0.347728
2019-10-11.13:06:59	149.294	2485.02	0.102964	-0.112843
2019-10-11.13:07:00	149.245	2484.53	0.11161	0.121937
2019-10-11.13:07:01	149.075	2484.64	0.0921116	0.351361
2019-10-11.13:07:02	148.795	2485.31	0.0821604	0.564344
2019-10-11.13:07:03	148.432	2486.47	0.0938427	0.653429
2019-10-11.13:07:04	148.143	2487.56	0.0811045	0.431974
2019-10-11.13:07:05	147.981	2488.12	0.0633604	0.223534
2019-10-11.13:07:06	147.945	2488.12	0.0731842	0.0015575
2019-10-11.13:07:07	148.033	2487.54	0.089476	-0.223148
2019-10-11.13:07:08	148.234	2486.4	0.08512	-0.436088
2019-10-11.13:07:09	148.448	2484.97	0.0876459	-0.226582
2019-10-11.13:07:10	148.525	2484.06	0.111785	-0.0061087
2019-10-11.13:07:11	148.478	2483.74	0.109259	0.222782
2019-10-11.13:07:12	148.31	2484	0.0885426	0.446958
2019-10-11.13:07:13	148.037	2484.81	0.0866074	0.65404
2019-10-11.13:07:14	147.695	2486.07	0.097681	0.652375
2019-10-11.13:07:15	147.454	2487.1	0.0770092	0.445057
2019-10-11.13:07:16	147.336	2487.6	0.0629032	0.233924
2019-10-11.13:07:17	147.342	2487.54	0.0787388	0.013004
2019-10-11.13:07:18	147.468	2486.91	0.0930357	-0.206773
2019-10-11.13:07:19	147.7	2485.75	0.0838935	-0.405154
2019-10-11.13:07:20	147.926	2484.37	0.0888175	-0.179643
2019-10-11.13:07:21	148.018	2483.51	0.114066	0.0354375
2019-10-11.13:07:22	147.987	2483.23	0.109897	0.259976
2019-10-11.13:07:23	147.837	2483.52	0.0881313	0.481497
2019-10-11.13:07:24	147.58	2484.35	0.0872642	0.687311
2019-10-11.13:07:25	147.254	2485.63	0.0994849	0.689708
2019-10-11.13:07:26	147.027	2486.7	0.0781066	0.480917
2019-10-11.13:07:27	146.92	2487.23	0.0626711	0.270867
2019-10-11.13:07:28	146.936	2487.21	0.0789077	0.052005
2019-10-11.13:07:29	147.071	2486.63	0.0944683	-0.164931
2019-10-11.13:07:30	147.309	2485.52	0.0852694	-0.366098
2019-10-11.13:07:31	147.56	2484.14	0.0860477	-0.17923
2019-10-11.13:07:32	147.749	2483.2	3.85054	0.016334
2019-10-11.13:07:33	148.753	2480.56	11.9196	-2.01781
2019-10-11.13:07:34	150.744	2473.36	19.7184	-0.165247
2019-10-11.13:07:35	152.6	2467.27	27.6416	0.347972
2019-10-11.13:07:36	155.021	2460.15	30.0625	-0.480938
2019-10-11.13:07:37	157.8	2451.25	30.0664	-0.798093
2019-10-11.13:07:38	160.229	2442.99	30.0654	-0.0308658
2019-10-11.13:07:39	162.139	2436.51	30.0639	0.133592
2019-10-11.13:07:40	164.129	2429.77	30.0649	-0.429515
2019-10-11.13:07:41	166.217	2422.17	30.0643	-0.707881
2019-10-11.13:07:42	168.247	2414.17	30.0624	-0.654363
2019-10-11.13:07:43	170.114	2406.32	30.0629	-0.509621
2019-10-11.13:07:44	171.774	2399.12	30.0648	-0.273843
2019-10-11.13:07:45	173.161	2392.97	30.0654	0.0017025
2019-10-11.13:07:46	174.492	2387.07	30.0639	-0.3301
2019-10-11.13:07:47	175.873	2380.55	30.0633	-0.502058
2019-10-11.13:07:48	177.238	2373.72	30.0628	-0.547095
2019-10-11.13:07:49	178.524	2366.91	30.0627	-0.486509
2019-10-11.13:07:50	179.686	2360.42	30.0632	-0.342587
2019-10-11.13:07:51	180.685	2354.54	30.0638	-0.118053
2019-10-11.13:07:52	181.604	2349.04	30.0629	-0.33583
[State]	Descent
2019-10-11.13:07:53	182.573	2343.09	30.0623	-0.465498
2019-10-11.13:07:54	183.539	2336.85	30.0617	-0.515056
2019-10-11.13:07:55	184.467	2330.56	30.0616	-0.502123
2019-10-11.13:07:56	185.324	2324.41	30.0616	-0.428161
2019-10-11.13:07:57	186.081	2318.62	30.0618	-0.29171
2019-10-11.13:07:58	186.735	2313.39	25.812	-0.476598
2019-10-11.13:07:59	187.512	2308.24	21.15	-0.611646
2019-10-11.13:08:00	188.227	2303.38	17.9688	-0.650209
2019-10-11.13:08:01	188.881	2298.44	15.1037	-0.570514
2019-10-11.13:08:02	189.516	2293.77	12.4833	-0.770373
2019-10-11.13:08:03	190.204	2288.8	10.5752	-0.810541
2019-10-11.13:08:04	190.828	2283.82	8.98493	-0.742008
2019-10-11.13:08:05	191.378	2279.16	7.44039	-0.684501
2019-10-11.13:08:06	191.941	2274.51	6.27607	-0.850067
2019-10-11.13:08:07	192.524	2269.5	5.36316	-0.924261
2019-10-11.13:08:08	193.104	2264.3	4.4787	-0.959946
2019-10-11.13:08:09	193.673	2259.07	3.75239	-0.955014
2019-10-11.13:08:10	194.193	2253.94	3.19723	-0.907529
2019-10-11.13:08:11	194.649	2249.02	2.67474	-0.828642
2019-10-11.13:08:12	195.037	2244.42	2.22977	-0.724601
2019-10-11.13:08:13	195.341	2240.22	1.89026	-0.597096
2019-10-11.13:08:14	195.554	2236.49	1.58059	-0.454344
2019-10-11.13:08:15	195.697	2233.16	1.30926	-0.397239
2019-10-11.13:08:16	195.798	2230.07	1.10225	-0.326554
2019-10-11.13:08:17	195.855	2227.24	0.921486	-0.251024
2019-10-11.13:08:18	195.866	2224.67	0.757442	-0.171855
2019-10-11.13:08:19	195.833	2222.37	0.629788	-0.092125
2019-10-11.13:08:20	195.761	2220.34	0.521093	-0.0149136
2019-10-11.13:08:21	195.651	2218.56	0.422236	0.0585967
2019-10-11.13:08:22	195.508	2217.03	0.343658	0.12608
2019-10-11.13:08:23	195.34	2215.7	0.278004	0.185426
2019-10-11.13:08:24	195.151	2214.56	0.218459	0.235786
2019-10-11.13:08:25	194.948	2213.57	0.169999	0.26876
2019-10-11.13:08:26	194.743	2212.66	0.129805	0.287245
2019-10-11.13:08:27	194.543	2211.78	0.0942707	0.294867
2019-10-11.13:08:28	194.352	2210.91	0.0646642	0.291992
2019-10-11.13:08:29	194.175	2210.01	0.0402124	0.279101
2019-10-11.13:08:30	194.018	2209.04	0.0187522	0.257142
2019-10-11.13:08:31	193.884	2207.98	0.000672	0.227235
2019-10-11.13:08:32	193.775	2206.81	-0.0142048	0.190601
2019-10-11.13:08:33	193.693	2205.5	-0.0271355	0.148706
2019-10-11.13:08:34	193.639	2204.04	-0.0381163	0.103096
2019-10-11.13:08:35	193.613	2202.42	-0.0471333	0.0553035
2019-10-11.13:08:36	193.615	2200.63	-0.0548801	0.0068984
2019-10-11.13:08:37	193.642	2198.69	-0.0614844	-0.0405955
2019-10-11.13:08:38	193.663	2196.74	-0.0606501	0.101308
2019-10-11.13:08:39	193.599	2195.29	-0.0608031	0.261436
2019-10-11.13:08:40	193.452	2194.38	-0.0716545	0.418513
2019-10-11.13:08:41	193.23	2193.97	-0.0732094	0.566562
2019-10-11.13:08:42	192.945	2194.04	-0.0727869	0.700946
2019-10-11.13:08:43	192.607	2194.52	-0.078794	0.819051
2019-10-11.13:08:44	192.229	2195.36	-0.0810806	0.917272
2019-10-11.13:08:45	191.864	2196.27	-0.0884467	0.787082
2019-10-11.13:08:46	191.592	2196.73	-0.0946486	0.6415
2019-10-11.13:08:47	191.418	2196.68	-0.0899467	0.481374
2019-10-11.13:08:48	191.343	2196.06	-0.0925295	0.313063
2019-10-11.13:08:49	191.363	2194.88	-0.0969592	0.142693
2019-10-11.13:08:50	191.434	2193.33	-0.0852715	0.292293
2019-10-11.13:08:51	191.387	2192.42	-0.0723204	0.527994
2019-10-11.13:08:52	191.214	2192.29	-0.0880332	0.763433
2019-10-11.13:08:53	190.924	2192.93	-0.0872387	0.987786
2019-10-11.13:08:54	190.585	2194.04	-0.0896081	0.828471
2019-10-11.13:08:55	190.385	2194.45	-0.110504	0.577592
2019-10-11.13:08:56	190.335	2194.01	-0.0984753	0.313999
2019-10-11.13:08:57	190.429	2192.7	-0.0913485	0.240806
2019-10-11.13:08:58	190.439	2191.7	-0.075323	0.581746
2019-10-11.13:08:59	190.28	2191.74	-0.0795821	0.893359
2019-10-11.13:09:00	189.967	2192.77	-0.0896968	0.990545
2019-10-11.13:09:01	189.746	2193.51	-0.112198	0.633403
2019-10-11.13:09:02	189.717	2193.14	-0.104047	0.296147
2019-10-11.13:09:03	189.839	2191.81	-0.0849538	0.402462
2019-10-11.13:09:04	189.8	2191.25	-0.0665086	0.774329
2019-10-11.13:09:05	189.562	2191.93	-0.0848242	1.12937
2019-10-11.13:09:06	189.306	2192.96	-0.115241	0.702745
2019-10-11.13:09:07	189.274	2192.73	-0.110738	0.309909
2019-10-11.13:09:08	189.41	2191.44	-0.0795397	0.462182
2019-10-11.13:09:09	189.356	2191.08	-0.0610215	0.881547
2019-10-11.13:09:10	189.084	2192.07	-0.0910537	1.01783
2019-10-11.13:09:11	188.924	2192.71	-0.128005	0.543598
2019-10-11.13:09:12	189.01	2191.89	-0.101904	0.102472
2019-10-11.13:09:13	189.346	2189.58	-0.0979218	-0.519731
2019-10-11.13:09:14	190.036	2185.05	-0.135125	-1.24758
2019-10-11.13:09:15	191.005	2178.46	-0.100308	-1.1763
2019-10-11.13:09:16	191.705	2172.91	-0.0353804	-0.602664
2019-10-11.13:09:17	192.272	2168.23	-0.131721	-1.23304
2019-10-11.13:09:18	193.129	2161.63	-0.153708	-1.4243
2019-10-11.13:09:19	193.791	2155.6	-0.0135726	-0.726121
2019-10-11.13:09:20	194.226	2150.99	-0.105932	-1.22486
2019-10-11.13:09:21	194.97	2144.48	-0.188166	-1.43415
2019-10-11.13:09:22	195.505	2138.6	-0.0059895	-0.652609
2019-10-11.13:09:23	195.879	2133.89	-0.103357	-1.38755
2019-10-11.13:09:24	196.555	2127.14	-0.185976	-1.15457
2019-10-11.13:09:25	196.865	2122.1	0.0065495	-0.830977
2019-10-11.13:09:26	197.356	2116.5	-0.14515	-1.72974
2019-10-11.13:09:27	197.827	2110.23	-0.119421	-0.668318
2019-10-11.13:09:28	198.097	2105.48	-0.0474677	-1.56749
2019-10-11.13:09:29	198.636	2098.83	-0.136	-0.83583
2019-10-11.13:09:30	198.826	2094.21	-0.0807327	-1.5136
2019-10-11.13:09:31	199.336	2087.58	-0.106408	-0.793567
2019-10-11.13:09:32	199.508	2082.9	-0.0886039	-1.70481
2019-10-11.13:09:33	199.916	2076.49	-0.104242	-0.468911
2019-10-11.13:09:34	200.216	2071.2	-0.112258	-1.74616
2019-10-11.13:09:35	200.346	2066	-0.0735346	-1.49592
2019-10-11.13:09:36	200.704	2059.7	-0.0928964	-0.123883
2019-10-11.13:09:37	201.051	2053.77	-0.11768	-0.102979
2019-10-11.13:09:38	201.319	2048.08	-0.139673	-0.331272
2019-10-11.13:09:39	201.516	2042.17	-0.152308	0.452255
2019-10-11.13:09:40	201.247	2035.89	-0.13451	4.06537
2019-10-11.13:09:41	199.54	2029.95	-0.0169087	9.06523
2019-10-11.13:09:42	197.22	2025.72	0.13726	9.05577
2019-10-11.13:09:43	195.109	2022.15	0.215351	7.48413
2019-10-11.13:09:44	193.187	2018.41	0.261419	6.21249
2019-10-11.13:09:45	191.43	2014.37	0.320388	5.40705
2019-10-11.13:09:46	189.821	2010.04	0.35567	5.0477
2019-10-11.13:09:47	188.35	2005.43	0.366526	5.10196
2019-10-11.13:09:48	187.008	2000.57	0.377619	5.52519
2019-10-11.13:09:49	185.787	1995.49	0.379173	6.26468
2019-10-11.13:09:50	184.686	1990.21	0.362511	7.25235
2019-10-11.13:09:51	183.708	1984.76	0.338376	8.39326
2019-10-11.13:09:52	182.865	1979.19	0.309456	9.53937
2019-10-11.13:09:53	182.165	1973.53	0.271229	10.4737
2019-10-11.13:09:54	181.594	1967.86	0.227841	10.9894
2019-10-11.13:09:55	181.128	1962.23	0.186238	10.8682
2019-10-11.13:09:56	180.735	1956.69	0.14895	9.90182
2019-10-11.13:09:57	180.378	1951.3	0.119612	7.95082
2019-10-11.13:09:58	180.013	1946.08	0.105431	5.04467
2019-10-11.13:09:59	179.584	1941.05	0.111303	1.43781
2019-10-11.13:10:00	179.023	1936.18	0.138899	-2.42364
2019-10-11.13:10:01	178.336	1931.39	0.189787	-6.12512
2019-10-11.13:10:02	177.601	1926.58	0.262075	-9.20311
2019-10-11.13:10:03	176.907	1921.62	0.346953	-11.2471
2019-10-11.13:10:04	176.297	1916.4	0.432799	-12.0445
2019-10-11.13:10:05	175.777	1910.88	0.50716	-11.541
2019-10-11.13:10:06	175.376	1905	0.557835	-9.81437
2019-10-11.13:10:07	175.078	1898.75	0.578553	-7.05387
2019-10-11.13:10:08	174.872	1892.15	0.567722	-3.64772
2019-10-11.13:10:09	174.713	1885.23	0.526478	0.0476244
2019-10-11.13:10:10	174.578	1878.11	0.457517	3.83363
2019-10-11.13:10:11	174.525	1870.96	0.370062	7.29251
2019-10-11.13:10:12	174.642	1863.97	0.27778	9.68411
2019-10-11.13:10:13	174.905	1857.32	0.192087	10.3746
2019-10-11.13:10:14	175.185	1851.1	0.124983	9.00608
2019-10-11.13:10:15	175.388	1845.35	0.0877542	5.615
2019-10-11.13:10:16	175.405	1840.02	0.0883782	0.913012
2019-10-11.13:10:17	175.135	1834.99	0.128974	-3.98772
2019-10-11.13:10:18	174.663	1830.05	0.206313	-8.19922
2019-10-11.13:10:19	174.172	1824.97	0.306036	-10.9483
2019-10-11.13:10:20	173.765	1819.56	0.408299	-11.9004
2019-10-11.13:10:21	173.463	1813.74	0.492046	-11.0857
2019-10-11.13:10:22	173.288	1807.47	0.541377	-8.73767
2019-10-11.13:10:23	173.216	1800.77	0.551225	-5.27017
2019-10-11.13:10:24	173.189	1793.75	0.525778	-1.20202
2019-10-11.13:10:25	173.098	1786.86	0.468479	3.04408
2019-10-11.13:10:26	172.981	1780.4	0.378316	7.05327
2019-10-11.13:10:27	172.952	1774.6	0.27693	9.986
2019-10-11.13:10:28	173.026	1769.67	0.183891	10.9862
2019-10-11.13:10:29	173.059	1765.72	0.111611	9.48003
2019-10-11.13:10:30	172.929	1762.77	0.0748867	5.45503
2019-10-11.13:10:31	172.48	1760.72	0.0903426	-0.0046365
2019-10-11.13:10:32	171.624	1759.3	0.163139	-5.3188
2019-10-11.13:10:33	170.603	1758.13	0.278838	-9.03249
[State]	Landing
2019-10-11.13:10:34	169.658	1756.78	0.404286	-10.1492
2019-10-11.13:10:35	168.866	1755	0.500551	-8.49381
2019-10-11.13:10:36	168.266	1752.66	0.534554	-4.44873
2019-10-11.13:10:37	167.806	1749.78	0.497681	0.908495
2019-10-11.13:10:38	167.405	1746.62	0.397947	6.4301
2019-10-11.13:10:39	167.221	1743.67	0.265027	10.5474
2019-10-11.13:10:40	167.309	1741.54	0.137644	11.2967
2019-10-11.13:10:41	167.335	1740.55	0.0581709	7.57855
2019-10-11.13:10:42	166.976	1740.68	0.0638696	0.75123
2019-10-11.13:10:43	166.042	1741.44	0.164427	-5.75793
2019-10-11.13:10:44	165.008	1742	0.321646	-8.97121
2019-10-11.13:10:45	164.21	1741.69	0.45423	-7.7421
2019-10-11.13:10:46	163.728	1740.31	0.49306	-2.77129
2019-10-11.13:10:47	163.442	1737.98	0.426184	3.78962
2019-10-11.13:10:48	163.34	1735.43	0.283713	9.42058
2019-10-11.13:10:49	163.603	1733.65	0.128602	11.2341
2019-10-11.13:10:50	163.842	1733.29	0.0305162	7.29859
2019-10-11.13:10:51	163.565	1734.3	0.0461898	-0.308414
2019-10-11.13:10:52	162.677	1735.81	0.1765	-6.52695
2019-10-11.13:10:53	161.857	1736.66	0.340348	-7.74852
2019-10-11.13:10:54	161.424	1736.17	0.425548	-3.88241
2019-10-11.13:10:55	161.299	1734.42	0.386562	2.61632
2019-10-11.13:10:56	161.372	1732.2	0.251635	8.53245
2019-10-11.13:10:57	161.808	1730.69	0.093832	10.5026
2019-10-11.13:10:58	162.203	1730.7	-0.0042256	6.38014
2019-10-11.13:10:59	162.002	1732.1	0.020838	-1.11869
2019-10-11.13:11:00	161.256	1733.82	0.161079	-6.45434
2019-10-11.13:11:01	160.667	1734.61	0.313195	-6.25243
2019-10-11.13:11:02	160.495	1733.9	0.364842	-1.33476
2019-10-11.13:11:03	160.563	1732.08	0.29359	5.06854
2019-10-11.13:11:04	160.898	1730.21	0.146581	9.59691
2019-10-11.13:11:05	161.485	1729.5	0.0091461	8.86756
2019-10-11.13:11:06	161.743	1730.38	-0.0344008	2.62568
2019-10-11.13:11:07	161.279	1732.2	0.0524766	-4.1582
2019-10-11.13:11:08	160.641	1733.64	0.213043	-6.61575
2019-10-11.13:11:09	160.361	1733.73	0.320382	-3.59027
2019-10-11.13:11:10	160.406	1732.41	0.30573	2.4283
2019-10-11.13:11:11	160.656	1730.52	0.187798	8.0391
2019-10-11.13:11:12	161.229	1729.32	0.0407887	9.6883
2019-10-11.13:11:13	161.714	1729.63	-0.0470804	5.36929
2019-10-11.13:11:14	161.552	1731.25	-0.0116446	-1.73471
2019-10-11.13:11:15	160.932	1733.02	0.132379	-6.21816
2019-10-11.13:11:16	160.508	1733.73	0.27459	-5.18486
2019-10-11.13:11:17	160.472	1732.94	0.311292	0.0251723
2019-10-11.13:11:18	160.639	1731.18	0.231013	6.09528
2019-10-11.13:11:19	161.092	1729.6	0.0880977	9.66102
2019-10-11.13:11:20	161.685	1729.3	-0.0315266	7.68088
2019-10-11.13:11:21	161.827	1730.51	-0.0478573	1.04694
2019-10-11.13:11:22	161.302	1732.38	0.0607773	-5.0125
2019-10-11.13:11:23	160.737	1733.62	0.220165	-6.25932
2019-10-11.13:11:24	160.555	1733.44	0.307946	-2.44136
2019-10-11.13:11:25	160.638	1731.98	0.274706	3.64237
2019-10-11.13:11:26	160.939	1730.17	0.149376	8.72029
2019-10-11.13:11:27	161.531	1729.24	0.0098897	9.32667
2019-10-11.13:11:28	161.925	1729.83	-0.0579807	4.18076
2019-10-11.13:11:29	161.631	1731.57	-0.0007333	-2.78261
2019-10-11.13:11:30	160.994	1733.23	0.15239	-6.46545
2019-10-11.13:11:31	160.616	1733.72	0.284876	-4.66491
2019-10-11.13:11:32	160.599	1732.74	0.305793	0.857658
2019-10-11.13:11:33	160.773	1730.94	0.214141	6.81043
2019-10-11.13:11:34	161.249	1729.46	0.0701096	9.81926
2019-10-11.13:11:35	161.802	1729.34	-0.0406491	7.1213
2019-10-11.13:11:36	161.845	1730.68	-0.0420801	0.251264
2019-10-11.13:11:37	161.263	1732.55	0.0785781	-5.47217
2019-10-11.13:11:38	160.712	1733.66	0.236872	-6.12983
2019-10-11.13:11:39	160.554	1733.32	0.313254	-1.90421
