DateTime	ASI:airspeed	Altimeter:altitude	RC:roll	HI:heading
[State]	Standing
2019-10-14.09:17:36	0.474726	1654.61	-0.0010306	0.0033878
[State]	Taxiing
2019-10-14.09:17:37	0.28776	1654.67	-0.0080111	0.192967
2019-10-14.09:17:38	0.0707265	1654.77	-0.0307623	0.22717
2019-10-14.09:17:39	0.379193	1654.79	-0.0512812	-0.163215
2019-10-14.09:17:40	2.86095	1654.79	-0.153824	0.0397127
2019-10-14.09:17:41	6.52851	1654.79	-0.181944	0.203528
2019-10-14.09:17:42	10.4319	1654.79	-0.20508	0.269116
2019-10-14.09:17:43	14.3237	1654.79	-0.324194	0.318347
2019-10-14.09:17:44	18.1292	1654.79	-0.617158	0.413516
2019-10-14.09:17:45	21.8813	1654.79	-0.985788	0.520953
2019-10-14.09:17:46	25.566	1654.79	-1.34723	0.597769
2019-10-14.09:17:47	29.1759	1654.8	-1.61726	0.628924
2019-10-14.09:17:48	32.712	1654.8	-1.78166	0.643467
2019-10-14.09:17:49	36.1245	1654.8	-1.94494	0.684952
2019-10-14.09:17:50	39.4056	1654.81	-2.07184	0.723019
2019-10-14.09:17:51	42.5703	1654.81	-2.14459	0.757893
2019-10-14.09:17:52	45.6452	1654.81	-2.16932	0.800236
2019-10-14.09:17:53	48.6612	1654.82	-2.14588	0.850622
2019-10-14.09:17:54	51.6465	1654.82	-2.06265	0.914055
2019-10-14.09:17:55	54.6218	1654.82	-1.94551	0.976117
2019-10-14.09:17:56	57.6014	1654.83	-1.80321	1.03767
2019-10-14.09:17:57	60.5952	1654.83	-1.64123	1.09988
2019-10-14.09:17:58	63.6104	1654.84	-1.46284	1.16338
2019-10-14.09:17:59	66.6525	1654.84	-1.27019	1.22827
2019-10-14.09:18:00	69.7253	1654.85	-1.06495	1.29442
2019-10-14.09:18:01	72.8317	1654.86	-0.848548	1.36167
2019-10-14.09:18:02	75.9732	1654.86	-0.622307	1.42977
[State]	TakeOff
2019-10-14.09:18:03	79.1503	1654.87	-0.38757	1.49844
2019-10-14.09:18:04	82.3668	1654.88	-0.186737	1.56285
2019-10-14.09:18:05	85.6628	1654.89	-0.124145	1.63444
2019-10-14.09:18:06	89.0005	1654.94	0.000505	3.80515
2019-10-14.09:18:07	91.3357	1656.4	0.0303577	12.8552
2019-10-14.09:18:08	90.9972	1664.07	0.0393129	11.675
2019-10-14.09:18:09	90.5566	1671.93	0.0610197	11.5021
2019-10-14.09:18:10	90.276	1678.84	0.0767757	11.1485
2019-10-14.09:18:11	90.062	1685.22	0.075515	11.5091
2019-10-14.09:18:12	89.7857	1691.69	0.0634003	11.5191
2019-10-14.09:18:13	89.5577	1698.06	0.0523468	11.4222
2019-10-14.09:18:14	89.3346	1704.24	0.049063	11.5037
2019-10-14.09:18:15	89.0854	1710.38	0.0534531	11.5292
2019-10-14.09:18:16	88.8547	1716.45	0.0596224	11.5685
2019-10-14.09:18:17	88.6517	1722.47	0.0623604	11.5886
2019-10-14.09:18:18	88.4773	1728.43	0.0604553	11.6025
2019-10-14.09:18:19	88.3154	1734.33	0.0563453	11.6148
2019-10-14.09:18:20	88.1542	1740.16	0.0532663	11.6313
2019-10-14.09:18:21	87.9906	1745.94	0.0527601	11.6513
2019-10-14.09:18:22	87.8297	1751.67	0.0541213	11.6715
2019-10-14.09:18:23	87.6789	1757.35	0.0555719	11.6887
[State]	Climb
2019-10-14.09:18:24	87.5429	1762.98	0.0558218	11.7011
2019-10-14.09:18:25	87.4242	1768.56	0.0548072	11.7102
2019-10-14.09:18:26	87.319	1774.08	0.0533483	11.7206
2019-10-14.09:18:27	87.2234	1779.54	0.0523452	11.7304
2019-10-14.09:18:28	87.1362	1784.96	0.0521236	11.7401
2019-10-14.09:18:29	87.0582	1790.34	0.0523911	11.7487
2019-10-14.09:18:30	86.9904	1795.67	0.0526205	11.7552
2019-10-14.09:18:31	86.933	1800.97	0.0524791	11.7598
2019-10-14.09:18:32	86.8843	1806.24	0.0519951	11.7629
2019-10-14.09:18:33	86.8424	1811.47	0.051429	11.7652
2019-10-14.09:18:34	86.806	1816.68	0.0510263	11.7672
2019-10-14.09:18:35	86.7745	1821.86	0.0508554	11.7687
2019-10-14.09:18:36	86.7478	1827.03	0.0508139	11.7696
2019-10-14.09:18:37	86.726	1832.17	0.0507482	11.7697
2019-10-14.09:18:38	86.7089	1837.3	0.0505722	11.7689
2019-10-14.09:18:39	86.6958	1842.41	0.0503048	11.7676
2019-10-14.09:18:40	86.6859	1847.5	0.0500251	11.7659
2019-10-14.09:18:41	86.6788	1852.59	0.0498007	11.764
2019-10-14.09:18:42	86.6741	1857.66	0.0496454	11.7617
2019-10-14.09:18:43	86.6718	1862.72	0.0495254	11.7592
2019-10-14.09:18:44	86.6717	1867.77	0.0493961	11.7563
2019-10-14.09:18:45	86.6737	1872.82	0.0492351	11.7531
2019-10-14.09:18:46	86.6775	1877.85	0.0490504	11.7497
2019-10-14.09:18:47	86.6828	1882.88	0.0488658	11.746
2019-10-14.09:18:48	86.6894	1887.91	0.0486998	11.7422
2019-10-14.09:18:49	86.6972	1892.93	0.0485548	11.7383
2019-10-14.09:18:50	86.7061	1897.94	0.0484193	11.7345
2019-10-14.09:18:51	86.7158	1902.95	0.0482793	11.7312
2019-10-14.09:18:52	86.7259	1907.96	0.0481285	11.7287
2019-10-14.09:18:53	86.7358	1912.96	0.0479701	11.7271
2019-10-14.09:18:54	86.7451	1917.97	0.0478115	11.7264
2019-10-14.09:18:55	86.7534	1922.97	0.0476583	11.7264
2019-10-14.09:18:56	86.7606	1927.98	0.0475106	11.7266
2019-10-14.09:18:57	86.7667	1932.99	0.0473649	11.7267
2019-10-14.09:18:58	86.772	1938	0.0472175	11.7262
2019-10-14.09:18:59	86.777	1943	0.047067	11.725
2019-10-14.09:19:00	86.7821	1948.01	0.0469151	11.723
2019-10-14.09:19:01	86.7877	1953.01	0.0467642	11.72
2019-10-14.09:19:02	86.7943	1958.01	0.0466161	11.7165
2019-10-14.09:19:03	86.8018	1963	0.0464706	11.7127
2019-10-14.09:19:04	86.8104	1967.99	0.0463266	11.709
2019-10-14.09:19:05	86.8198	1972.98	0.0461828	11.7058
2019-10-14.09:19:06	86.8295	1977.96	0.0460387	11.7032
2019-10-14.09:19:07	86.8392	1982.94	0.0458943	11.7015
2019-10-14.09:19:08	86.8484	1987.92	0.0457501	11.7006
2019-10-14.09:19:09	86.8568	1992.9	0.0456065	11.7002
2019-10-14.09:19:10	86.8641	1997.88	0.0454632	11.7002
2019-10-14.09:19:11	86.8705	2002.86	0.0453199	11.7001
2019-10-14.09:19:12	86.8762	2007.85	0.0451766	11.6997
2019-10-14.09:19:13	86.8814	2012.83	0.0450333	11.6986
2019-10-14.09:19:14	86.8866	2017.81	0.0448904	11.6967
2019-10-14.09:19:15	86.8923	2022.79	0.0447484	11.694
2019-10-14.09:19:16	86.8987	2027.76	0.0446074	11.6908
2019-10-14.09:19:17	86.9061	2032.73	0.0444676	11.6872
2019-10-14.09:19:18	86.9143	2037.69	0.0443288	11.6837
2019-10-14.09:19:19	86.9234	2042.65	0.0441906	11.6805
2019-10-14.09:19:20	86.9328	2047.61	0.0440531	11.6779
2019-10-14.09:19:21	86.9423	2052.57	0.0439158	11.676
2019-10-14.09:19:22	86.9514	2057.52	0.0437788	11.6748
2019-10-14.09:19:23	86.9598	2062.48	0.0436418	11.6743
2019-10-14.09:19:24	86.9673	2067.43	0.0435049	11.6741
2019-10-14.09:19:25	86.9739	2072.39	0.0433679	11.6738
2019-10-14.09:19:26	86.9798	2077.35	0.043231	11.6733
2019-10-14.09:19:27	86.9853	2082.3	0.0430943	11.6723
2019-10-14.09:19:28	86.9907	2087.26	0.0429581	11.6706
2019-10-14.09:19:29	86.9964	2092.21	0.0428227	11.6681
2019-10-14.09:19:30	87.0028	2097.16	0.0426881	11.6652
2019-10-14.09:19:31	87.0099	2102.1	0.0425544	11.6618
2019-10-14.09:19:32	87.0179	2107.04	0.0424216	11.6584
2019-10-14.09:19:33	87.0266	2111.98	0.0422895	11.6553
2019-10-14.09:19:34	87.0357	2116.91	0.0421581	11.6527
2019-10-14.09:19:35	87.045	2121.84	0.0420271	11.6507
2019-10-14.09:19:36	87.054	2126.77	0.0418963	11.6493
2019-10-14.09:19:37	87.0624	2131.7	0.0417656	11.6485
2019-10-14.09:19:38	87.07	2136.63	0.0416349	11.6481
2019-10-14.09:19:39	87.0769	2141.56	0.0415042	11.6478
2019-10-14.09:19:40	87.083	2146.49	0.0413736	11.6472
2019-10-14.09:19:41	87.0887	2151.42	0.0412432	11.6462
2019-10-14.09:19:42	87.0943	2156.35	0.0411133	11.6446
2019-10-14.09:19:43	87.1001	2161.28	0.040984	11.6424
2019-10-14.09:19:44	87.1063	2166.2	0.0408554	11.6396
2019-10-14.09:19:45	87.1133	2171.12	0.0407276	11.6365
2019-10-14.09:19:46	87.1211	2176.03	0.0406007	11.6333
2019-10-14.09:19:47	87.1295	2180.95	0.0404745	11.6302
2019-10-14.09:19:48	87.1383	2185.86	0.040349	11.6276
2019-10-14.09:19:49	87.1473	2190.76	0.0402239	11.6255
2019-10-14.09:19:50	87.1562	2195.67	0.040099	11.624
2019-10-14.09:19:51	87.1646	2200.57	0.0399743	11.623
2019-10-14.09:19:52	87.1724	2205.48	0.0398496	11.6224
2019-10-14.09:19:53	87.1794	2210.38	0.0397249	11.6219
2019-10-14.09:19:54	87.1858	2215.29	0.0396003	11.6213
2019-10-14.09:19:55	87.1917	2220.19	0.0394759	11.6203
2019-10-14.09:19:56	87.1974	2225.09	0.0393519	11.6188
2019-10-14.09:19:57	87.2033	2229.99	0.0392284	11.6168
2019-10-14.09:19:58	87.2095	2234.89	0.0391056	11.6142
2019-10-14.09:19:59	87.2163	2239.79	0.0389835	11.6113
2019-10-14.09:20:00	87.2238	2244.68	0.0388622	11.6082
2019-10-14.09:20:01	87.232	2249.57	0.0387417	11.6053
2019-10-14.09:20:02	87.2406	2254.45	0.0386217	11.6026
2019-10-14.09:20:03	87.2494	2259.33	0.0385022	11.6004
2019-10-14.09:20:04	87.2581	2264.21	0.038383	11.5988
2019-10-14.09:20:05	87.2665	2269.09	0.0382639	11.5976
2019-10-14.09:20:06	87.2743	2273.97	0.0381449	11.5968
2019-10-14.09:20:07	87.2815	2278.85	0.038026	11.5962
2019-10-14.09:20:08	87.2881	2283.73	0.0379071	11.5955
2019-10-14.09:20:09	87.2942	2288.61	0.0377884	11.5946
2019-10-14.09:20:10	87.3001	2293.49	0.0376701	11.5932
2019-10-14.09:20:11	87.306	2298.36	0.0375522	11.5913
2019-10-14.09:20:12	87.3122	2303.24	0.0374349	11.5889
2019-10-14.09:20:13	87.3189	2308.11	0.0373183	11.5862
2019-10-14.09:20:14	87.3262	2312.97	0.0372024	11.5833
2019-10-14.09:20:15	87.3341	2317.84	0.0370871	11.5804
2019-10-14.09:20:16	87.3425	2322.7	0.0369725	11.5778
2019-10-14.09:20:17	87.3511	2327.56	0.0368583	11.5756
2019-10-14.09:20:18	87.3597	2332.41	0.0367445	11.5738
2019-10-14.09:20:19	87.368	2337.27	0.0366309	11.5725
2019-10-14.09:20:20	87.3759	2342.12	0.0365173	11.5715
2019-10-14.09:20:21	87.3832	2346.98	0.0364038	11.5707
2019-10-14.09:20:22	87.3899	2351.83	0.0362904	11.57
2019-10-14.09:20:23	87.3962	2356.68	0.0361772	11.569
2019-10-14.09:20:24	87.4023	2361.53	0.0360642	11.5677
2019-10-14.09:20:25	87.4083	2366.38	0.0359517	11.566
2019-10-14.09:20:26	87.4145	2371.23	0.0358397	11.5638
2019-10-14.09:20:27	87.4211	2376.08	0.0357282	11.5612
2019-10-14.09:20:28	87.4282	2380.92	0.0356175	11.5585
2019-10-14.09:20:29	87.4359	2385.76	0.0355074	11.5557
2019-10-14.09:20:30	87.444	2390.6	0.0353979	11.5531
2019-10-14.09:20:31	87.4524	2395.43	0.0352888	11.5508
2019-10-14.09:20:32	87.4609	2400.26	0.0351801	11.5489
2019-10-14.09:20:33	87.4691	2405.09	0.0350716	11.5475
2019-10-14.09:20:34	87.477	2409.92	0.0349632	11.5464
2019-10-14.09:20:35	87.4844	2414.75	0.0348549	11.5455
2019-10-14.09:20:36	87.4913	2419.58	0.0347467	11.5446
2019-10-14.09:20:37	87.4978	2424.41	0.0346387	11.5437
2019-10-14.09:20:38	87.504	2429.23	0.0345309	11.5424
2019-10-14.09:20:39	87.5101	2434.06	0.0344234	11.5408
2019-10-14.09:20:40	87.5163	2438.88	0.0343165	11.5387
2019-10-14.09:20:41	87.5229	2443.7	0.03421	11.5363
2019-10-14.09:20:42	87.5298	2448.52	0.0341042	11.5337
2019-10-14.09:20:43	87.5373	2453.34	0.033999	11.5311
2019-10-14.09:20:44	87.5452	2458.15	0.0338943	11.5285
2019-10-14.09:20:45	87.5534	2462.96	0.0337901	11.5262
2019-10-14.09:20:46	87.5617	2467.76	0.0336863	11.5243
2019-10-14.09:20:47	87.5699	2472.57	0.0335827	11.5227
2019-10-14.09:20:48	87.5778	2477.37	0.0334793	11.5214
[State]	Cruise
2019-10-14.09:20:49	87.5853	2482.18	0.0333759	11.5204
2019-10-14.09:20:50	87.5923	2486.98	0.0332727	11.5195
2019-10-14.09:20:51	87.5989	2491.78	0.0331696	11.5185
2019-10-14.09:20:52	87.6052	2496.59	0.0330667	11.5173
2019-10-14.09:20:53	87.6114	2501.39	0.0329642	11.5157
2019-10-14.09:20:54	87.6177	2506.19	0.032862	11.5138
2019-10-14.09:20:55	87.6242	2510.98	0.0327604	11.5116
2019-10-14.09:20:56	87.6311	2515.78	0.0326592	11.5091
2019-10-14.09:20:57	87.6384	2520.57	0.0325587	11.5066
2019-10-14.09:20:58	87.6461	2525.35	0.0324587	11.5041
2019-10-14.09:20:59	87.6541	2530.14	0.0323591	11.5018
2019-10-14.09:21:00	87.6622	2534.92	0.0322599	11.4997
2019-10-14.09:21:01	87.6703	2539.7	0.032161	11.4981
2019-10-14.09:21:02	87.6782	2544.48	0.0320623	11.4967
2019-10-14.09:21:03	87.6857	2549.26	0.0319637	11.4956
2019-10-14.09:21:04	87.6928	2554.04	0.0318652	11.4945
2019-10-14.09:21:05	87.6996	2558.82	0.0317668	11.4935
2019-10-14.09:21:06	87.706	2563.59	0.0316686	11.4923
2019-10-14.09:21:07	87.7123	2568.37	0.0315707	11.4908
2019-10-14.09:21:08	87.7186	2573.14	0.0314732	11.489
2019-10-14.09:21:09	87.7324	2577.91	0.0315992	11.3783
2019-10-14.09:21:10	87.8591	2582.5	0.0324945	10.9497
2019-10-14.09:21:11	88.1427	2586.67	0.0329999	10.6716
2019-10-14.09:21:12	88.5496	2590.53	0.0333332	10.3523
2019-10-14.09:21:13	89.0706	2594.1	0.0335968	10.0565
2019-10-14.09:21:14	89.6868	2597.43	0.0340619	9.76645
2019-10-14.09:21:15	90.3847	2600.57	0.0348319	9.48538
2019-10-14.09:21:16	91.1535	2603.57	0.035827	9.20935
2019-10-14.09:21:17	91.9857	2606.44	0.0368692	8.93741
2019-10-14.09:21:18	92.8753	2609.23	0.0378272	8.66814
2019-10-14.09:21:19	93.8141	2611.93	0.0386778	8.40333
2019-10-14.09:21:20	94.7947	2614.59	0.0395086	8.13694
2019-10-14.09:21:21	95.8164	2617.2	0.0403925	7.87085
2019-10-14.09:21:22	96.8781	2619.78	0.0413328	7.60559
2019-10-14.09:21:23	97.9787	2622.32	0.0422797	7.34148
2019-10-14.09:21:24	99.1128	2624.83	0.0431952	7.08063
2019-10-14.09:21:25	100.282	2627.23	0.0439405	6.8572
2019-10-14.09:21:26	101.474	2629.51	0.0445986	6.63689
2019-10-14.09:21:27	102.687	2631.68	0.0452287	6.44371
2019-10-14.09:21:28	103.909	2633.76	0.0459093	6.25497
2019-10-14.09:21:29	105.137	2635.79	0.0466302	6.06653
2019-10-14.09:21:30	106.37	2637.83	0.0473743	5.86923
2019-10-14.09:21:31	107.607	2639.87	0.0480421	5.67745
2019-10-14.09:21:32	108.85	2641.9	0.0486226	5.48638
2019-10-14.09:21:33	110.099	2643.91	0.0491535	5.29821
2019-10-14.09:21:34	111.347	2645.9	0.0496727	5.11632
2019-10-14.09:21:35	112.591	2647.88	0.0501922	4.93621
2019-10-14.09:21:36	113.828	2649.82	0.0506812	4.76232
2019-10-14.09:21:37	115.057	2651.73	0.051124	4.59128
2019-10-14.09:21:38	116.28	2653.6	0.0515234	4.42481
2019-10-14.09:21:39	117.496	2655.43	0.051898	4.26261
2019-10-14.09:21:40	118.705	2657.22	0.0522576	4.10479
2019-10-14.09:21:41	119.909	2658.96	0.0525982	3.95149
2019-10-14.09:21:42	121.106	2660.66	0.0529126	3.80267
2019-10-14.09:21:43	122.294	2662.31	0.0531993	3.65951
2019-10-14.09:21:44	123.47	2663.91	0.0534652	3.52086
2019-10-14.09:21:45	124.633	2665.46	0.0537139	3.38718
2019-10-14.09:21:46	125.782	2666.97	0.0539444	3.25791
2019-10-14.09:21:47	126.919	2668.42	0.0541542	3.13319
2019-10-14.09:21:48	128.041	2669.83	0.0543449	3.01295
2019-10-14.09:21:49	129.147	2671.19	0.0545951	2.75246
2019-10-14.09:21:50	131.141	2669.97	0.0576052	-1.52509
2019-10-14.09:21:51	134.285	2662.74	0.0569745	-0.463806
2019-10-14.09:21:52	136.749	2657.15	0.0548509	-0.787398
2019-10-14.09:21:53	139.473	2650.72	0.0558771	-1.64344
2019-10-14.09:21:54	142.375	2642.77	0.0579841	-1.81809
2019-10-14.09:21:55	144.978	2635.1	0.0576536	-1.30359
2019-10-14.09:21:56	147.099	2629	0.0565471	-0.728549
2019-10-14.09:21:57	149.083	2623.6	0.0577867	-1.39959
2019-10-14.09:21:58	151.193	2617.2	0.0590039	-1.70474
2019-10-14.09:21:59	153.287	2610.27	0.0585785	-1.82627
2019-10-14.09:22:00	155.279	2603.27	0.0579396	-1.76795
2019-10-14.09:22:01	157.07	2596.68	0.05824	-1.53471
2019-10-14.09:22:02	158.591	2590.95	0.0585533	-1.15356
2019-10-14.09:22:03	159.888	2586.13	0.0586907	-1.39877
2019-10-14.09:22:04	161.281	2580.69	0.0588573	-1.67295
2019-10-14.09:22:05	162.71	2574.62	0.0587576	-1.84347
2019-10-14.09:22:06	164.118	2568.24	0.0585722	-1.90417
2019-10-14.09:22:07	165.445	2561.86	0.0585444	-1.85758
2019-10-14.09:22:08	166.64	2555.76	0.058516	-1.71162
2019-10-14.09:22:09	167.661	2550.24	0.0583758	-1.47926
2019-10-14.09:22:10	168.477	2545.51	0.0582613	-1.24071
2019-10-14.09:22:11	169.222	2541.15	0.0584269	-1.38925
2019-10-14.09:22:12	169.961	2536.59	0.0583462	-1.43392
2019-10-14.09:22:13	170.669	2531.99	0.058063	-1.42808
2019-10-14.09:22:14	171.32	2527.49	0.057939	-1.37314
2019-10-14.09:22:15	171.888	2523.24	0.0578666	-1.27269
2019-10-14.09:22:16	172.357	2519.36	0.0576813	-1.13411
2019-10-14.09:22:17	172.716	2515.95	0.0574913	-0.964958
2019-10-14.09:22:18	172.956	2513.09	0.0573463	-0.772455
2019-10-14.09:22:19	173.073	2510.85	0.0571712	-0.565018
2019-10-14.09:22:20	173.07	2509.24	0.0569662	-0.351412
2019-10-14.09:22:21	172.953	2508.28	0.0567712	-0.139673
2019-10-14.09:22:22	172.752	2507.87	0.0566864	-0.140038
2019-10-14.09:22:23	172.617	2507.28	0.0566159	-0.274999
2019-10-14.09:22:24	172.564	2506.27	0.0563579	-0.416608
2019-10-14.09:22:25	172.592	2504.83	0.0561213	-0.560867
2019-10-14.09:22:26	172.695	2502.97	0.0559905	-0.701044
2019-10-14.09:22:27	172.861	2500.7	0.0557709	-0.716985
2019-10-14.09:22:28	172.933	2498.72	0.0553606	-0.445392
2019-10-14.09:22:29	172.869	2497.49	0.0552001	-0.196392
2019-10-14.09:22:30	172.674	2497	0.0551038	0.0473725
2019-10-14.09:22:31	172.364	2497.21	0.0548445	0.275789
2019-10-14.09:22:32	171.991	2497.94	0.0547593	0.19896
2019-10-14.09:22:33	171.738	2498.26	0.0547366	-0.011771
2019-10-14.09:22:34	171.618	2497.9	0.054462	-0.23955
2019-10-14.09:22:35	171.632	2496.84	0.0542044	-0.474286
2019-10-14.09:22:36	171.748	2495.16	0.053948	-0.428062
2019-10-14.09:22:37	171.735	2493.92	0.0535501	-0.13269
2019-10-14.09:22:38	171.572	2493.54	0.053405	0.150329
2019-10-14.09:22:39	171.268	2493.97	0.0533017	0.420827
2019-10-14.09:22:40	170.891	2495.01	0.0532509	0.301151
2019-10-14.09:22:41	170.665	2495.48	0.0531885	0.0388947
2019-10-14.09:22:42	170.597	2495.14	0.0529282	-0.239447
2019-10-14.09:22:43	170.687	2493.96	0.0526959	-0.5
2019-10-14.09:22:44	170.765	2492.56	0.0522326	-0.147329
2019-10-14.09:22:45	170.668	2492.05	0.0519933	0.159311
2019-10-14.09:22:46	170.411	2492.43	0.0519375	0.459253
2019-10-14.09:22:47	170.047	2493.57	0.0519243	0.395768
2019-10-14.09:22:48	169.832	2494.2	0.0518918	0.101601
2019-10-14.09:22:49	169.789	2493.95	0.0516331	-0.202188
2019-10-14.09:22:50	169.915	2492.79	0.0513696	-0.434288
2019-10-14.09:22:51	169.993	2491.55	0.0508878	-0.0511752
2019-10-14.09:22:52	169.891	2491.26	0.0507009	0.268603
2019-10-14.09:22:53	169.622	2491.9	0.0506482	0.580267
2019-10-14.09:22:54	169.297	2493.1	0.0507201	0.350141
2019-10-14.09:22:55	169.153	2493.53	0.0506308	0.04539
2019-10-14.09:22:56	169.187	2493.04	0.0503407	-0.272136
2019-10-14.09:22:57	169.362	2491.7	0.0499683	-0.235646
2019-10-14.09:22:58	169.39	2490.83	0.0495816	0.0998058
2019-10-14.09:22:59	169.244	2490.92	0.049505	0.424644
2019-10-14.09:23:00	168.934	2491.94	0.049467	0.618734
2019-10-14.09:23:01	168.699	2492.95	0.0495662	0.253587
2019-10-14.09:23:02	168.65	2493.02	0.0493685	-0.066122
2019-10-14.09:23:03	168.778	2492.15	0.0490953	-0.385265
2019-10-14.09:23:04	168.936	2490.84	0.048624	-0.0562019
2019-10-14.09:23:05	168.904	2490.42	0.0483854	0.267621
2019-10-14.09:23:06	168.698	2490.96	0.0483584	0.590976
2019-10-14.09:23:07	168.393	2492.22	0.0484398	0.441244
2019-10-14.09:23:08	168.261	2492.82	0.0484035	0.12842
2019-10-14.09:23:09	168.308	2492.47	0.0481238	-0.195256
2019-10-14.09:23:10	168.513	2491.23	0.0477835	-0.249596
2019-10-14.09:23:11	168.595	2490.29	0.0473744	0.102811
2019-10-14.09:23:12	168.498	2490.31	0.0472846	0.429544
2019-10-14.09:23:13	168.231	2491.28	0.0472375	0.691596
2019-10-14.09:23:14	168.002	2492.4	0.0473766	0.320343
2019-10-14.09:23:15	167.96	2492.59	0.0472173	0.0007115
2019-10-14.09:23:16	168.096	2491.85	0.0469392	-0.321334
2019-10-14.09:23:17	168.297	2490.52	0.0465044	-0.0661755
2019-10-14.09:23:18	168.313	2490.01	0.0462389	0.252785
2019-10-14.09:23:19	168.154	2490.44	0.0462175	0.576117
2019-10-14.09:23:20	167.865	2491.69	0.0462783	0.522855
2019-10-14.09:23:21	167.728	2492.45	0.0462962	0.202801
2019-10-14.09:23:22	167.768	2492.27	0.046045	-0.118692
2019-10-14.09:23:23	167.979	2491.17	0.0457687	-0.315177
2019-10-14.09:23:24	168.118	2490.07	0.0453211	0.0627084
2019-10-14.09:23:25	168.075	2489.93	0.045188	0.385581
2019-10-14.09:23:26	167.86	2490.72	0.0451488	0.703117
2019-10-14.09:23:27	167.609	2491.97	0.0452828	0.40648
2019-10-14.09:23:28	167.544	2492.39	0.0451973	0.0940134
2019-10-14.09:23:29	167.677	2491.91	-1.44623	0.925079
2019-10-14.09:23:30	166.091	2498.71	-3.978	7.35187
2019-10-14.09:23:31	162.473	2519.4	-2.13392	12.16
2019-10-14.09:23:32	156.881	2551.05	-1.54858	16.2315
2019-10-14.09:23:33	149.634	2591.12	-1.62359	19.7852
2019-10-14.09:23:34	141.139	2636.58	-1.28336	22.6165
2019-10-14.09:23:35	131.823	2684.24	-0.625261	24.5687
2019-10-14.09:23:36	122.182	2731.07	-0.370733	25.5058
[State]	StraightAndLevel
2019-10-14.09:23:37	112.865	2774.41	-0.591986	25.2366
2019-10-14.09:23:38	104.532	2812.12	-0.806764	23.6159
2019-10-14.09:23:39	97.8519	2842.58	-0.688292	20.5752
2019-10-14.09:23:40	93.5359	2864.68	-0.33514	16.161
2019-10-14.09:23:41	92.0901	2877.92	-0.0622877	10.8297
2019-10-14.09:23:42	93.7072	2882.19	-0.0938988	5.14894
2019-10-14.09:23:43	98.2528	2877.57	-0.37733	-0.297865
2019-10-14.09:23:44	105.201	2864.51	-0.576846	-4.79792
2019-10-14.09:23:45	113.771	2844.13	-0.367401	-7.90071
2019-10-14.09:23:46	123.145	2818.16	0.0989219	-9.52713
2019-10-14.09:23:47	132.482	2788.9	0.278395	-9.71203
2019-10-14.09:23:48	141.122	2759.2	0.022374	-8.67922
2019-10-14.09:23:49	148.525	2732.01	-0.14695	-6.68872
2019-10-14.09:23:50	154.263	2710.12	0.053475	-3.94919
2019-10-14.09:23:51	158.037	2695.95	0.195539	-0.658059
2019-10-14.09:23:52	159.742	2691.25	0.0478346	2.95723
2019-10-14.09:23:53	159.392	2696.81	-0.0326933	6.68123
2019-10-14.09:23:54	157.065	2712.47	0.0864008	10.3361
2019-10-14.09:23:55	152.951	2737.19	0.125325	13.7537
2019-10-14.09:23:56	147.355	2769.22	0.0203611	16.7577
2019-10-14.09:23:57	140.633	2806.32	-0.0234513	19.1911
2019-10-14.09:23:58	133.156	2846.02	0.0413419	20.9083
2019-10-14.09:23:59	125.358	2885.86	0.070018	21.7693
2019-10-14.09:24:00	117.755	2923.59	-0.0057202	21.6529
2019-10-14.09:24:01	110.887	2957.27	-0.108822	20.4683
2019-10-14.09:24:02	105.292	2985.42	-0.151243	18.1941
2019-10-14.09:24:03	101.484	3006.94	-0.130971	14.9098
2019-10-14.09:24:04	99.8679	3021.17	-0.108621	10.8511
2019-10-14.09:24:05	100.648	3027.81	-0.129762	6.42029
2019-10-14.09:24:06	103.754	3026.95	-0.172529	2.12362
2019-10-14.09:24:07	108.838	3019.08	-0.164426	-1.55598
2019-10-14.09:24:08	115.373	3005.11	-0.0681802	-4.28831
2019-10-14.09:24:09	122.719	2986.43	0.0492209	-5.90544
2019-10-14.09:24:10	130.238	2964.88	0.0823779	-6.40186
2019-10-14.09:24:11	137.37	2942.63	0.0355864	-5.88344
2019-10-14.09:24:12	143.626	2922	0.0205928	-4.5118
2019-10-14.09:24:13	148.623	2905.22	0.0702031	-2.46167
2019-10-14.09:24:14	152.102	2894.21	0.0950743	0.0956544
2019-10-14.09:24:15	153.923	2890.43	0.0611777	2.9789
2019-10-14.09:24:16	154.048	2894.64	0.0418263	6.01092
2019-10-14.09:24:17	152.532	2906.92	0.0633433	9.02758
2019-10-14.09:24:18	149.515	2926.62	0.0694582	11.8736
2019-10-14.09:24:19	145.221	2952.53	0.0419766	14.401
2019-10-14.09:24:20	139.93	2982.99	0.0221263	16.4748
2019-10-14.09:24:21	133.956	3016.11	0.0251469	17.9647
2019-10-14.09:24:22	127.667	3049.93	0.0204967	18.7549
2019-10-14.09:24:23	121.482	3082.57	-0.0100715	18.7561
2019-10-14.09:24:24	115.837	3112.38	-0.0508924	17.91
2019-10-14.09:24:25	111.16	3138	-0.0805541	16.2148
2019-10-14.09:24:26	107.844	3158.43	-0.0959564	13.7474
2019-10-14.09:24:27	106.201	3172.99	-0.107537	10.6802
2019-10-14.09:24:28	106.4	3181.36	-0.1197	7.28934
2019-10-14.09:24:29	108.427	3183.55	-0.120837	3.91908
2019-10-14.09:24:30	112.075	3179.91	-0.0946622	0.914723
2019-10-14.09:24:31	116.979	3171.16	-0.0434393	-1.44798
2019-10-14.09:24:32	122.677	3158.38	0.005144	-2.99923
2019-10-14.09:24:33	128.677	3143.01	0.0256007	-3.68564
2019-10-14.09:24:34	134.516	3126.72	0.0263275	-3.54353
2019-10-14.09:24:35	139.785	3111.34	0.0354862	-2.66536
2019-10-14.09:24:36	144.131	3098.64	0.0549171	-1.18353
2019-10-14.09:24:37	147.317	3090.19	0.0613402	0.76462
2019-10-14.09:24:38	149.193	3087.2	0.0522173	3.03242
2019-10-14.09:24:39	149.695	3090.41	0.047682	5.47331
2019-10-14.09:24:40	148.84	3100.03	0.0520311	7.94479
2019-10-14.09:24:41	146.723	3115.72	0.0501795	10.3109
2019-10-14.09:24:42	143.507	3136.67	0.0382987	12.443
2019-10-14.09:24:43	139.412	3161.69	0.0274802	14.2225
2019-10-14.09:24:44	134.692	3189.33	0.0212424	15.5373
2019-10-14.09:24:45	129.649	3218.05	0.0102169	16.2913
2019-10-14.09:24:46	124.623	3246.3	-0.0097863	16.414
2019-10-14.09:24:47	119.965	3272.69	-0.0330729	15.8639
2019-10-14.09:24:48	116.021	3296.01	-0.0533034	14.6427
2019-10-14.09:24:49	113.103	3315.35	-0.0696512	12.8115
2019-10-14.09:24:50	111.456	3330.04	-0.083348	10.4982
2019-10-14.09:24:51	111.231	3339.72	-0.0920614	7.8957
2019-10-14.09:24:52	112.446	3344.33	-0.0893318	5.24521
2019-10-14.09:24:53	114.982	3344.11	-0.0708184	2.79854
2019-10-14.09:24:54	118.599	3339.57	-0.041279	0.775288
2019-10-14.09:24:55	122.961	3331.56	-0.012955	-0.667445
2019-10-14.09:24:56	127.699	3321.17	0.005437	-1.45386
2019-10-14.09:24:57	132.44	3309.71	0.0167669	-1.5775
2019-10-14.09:24:58	136.84	3298.6	0.0287162	-1.08473
2019-10-14.09:24:59	140.603	3289.25	0.0408461	-0.0599051
2019-10-14.09:25:00	143.493	3282.95	0.0455156	1.38689
2019-10-14.09:25:01	145.362	3280.74	0.0433005	3.14134
2019-10-14.09:25:02	146.131	3283.3	0.0421754	5.08249
2019-10-14.09:25:03	145.789	3290.93	0.0432668	7.08984
2019-10-14.09:25:04	144.393	3303.49	0.0407497	9.0462
2019-10-14.09:25:05	142.058	3320.47	0.0333317	10.8403
2019-10-14.09:25:06	138.952	3341.04	0.0254561	12.3694
2019-10-14.09:25:07	135.273	3364.12	0.018394	13.5369
2019-10-14.09:25:08	131.265	3388.5	0.0079934	14.2623
2019-10-14.09:25:09	127.2	3412.95	-0.0068712	14.4869
2019-10-14.09:25:10	123.362	3436.28	-0.0231698	14.1774
2019-10-14.09:25:11	120.029	3457.47	-0.0381244	13.3343
2019-10-14.09:25:12	117.454	3475.66	-0.0513645	12.0008
2019-10-14.09:25:13	115.844	3490.25	-0.0627437	10.2682
2019-10-14.09:25:14	115.327	3500.83	-0.0697673	8.27552
2019-10-14.09:25:15	115.945	3507.3	-0.0685057	6.19478
2019-10-14.09:25:16	117.636	3509.76	-0.0573509	4.21171
2019-10-14.09:25:17	120.241	3508.59	-0.0393761	2.49994
2019-10-14.09:25:18	123.528	3504.41	-0.0205488	1.19358
2019-10-14.09:25:19	127.22	3498.06	-0.005	0.375638
2019-10-14.09:25:20	131.027	3490.53	0.0076022	0.076825
2019-10-14.09:25:21	134.665	3482.94	0.0191265	0.282702
2019-10-14.09:25:22	137.885	3476.41	0.0288339	0.94411
2019-10-14.09:25:23	140.475	3472.01	0.0342625	1.98458
2019-10-14.09:25:24	142.283	3470.6	0.035083	3.31256
2019-10-14.09:25:25	143.224	3472.83	0.0348846	4.83219
2019-10-14.09:25:26	143.266	3479.02	0.0351999	6.44357
2019-10-14.09:25:27	142.435	3489.19	0.0336123	8.04766
2019-10-14.09:25:28	140.808	3503.05	0.0287272	9.54928
2019-10-14.09:25:29	138.507	3520.03	0.0223741	10.86
2019-10-14.09:25:30	135.685	3539.34	0.0156938	11.8961
2019-10-14.09:25:31	132.534	3560.07	0.0070525	12.5894
2019-10-14.09:25:32	129.27	3581.22	-0.0040289	12.8892
2019-10-14.09:25:33	126.122	3601.84	-0.0161899	12.766
2019-10-14.09:25:34	123.313	3621.03	-0.0279264	12.2169
2019-10-14.09:25:35	121.052	3638.05	-0.0385887	11.2707
2019-10-14.09:25:36	119.508	3652.32	-0.0475605	9.99158
2019-10-14.09:25:37	118.803	3663.46	-0.0532504	8.47724
2019-10-14.09:25:38	118.987	3671.27	-0.0535663	6.85254
2019-10-14.09:25:39	120.037	3675.8	-0.0475869	5.25568
2019-10-14.09:25:40	121.856	3677.28	-0.0366812	3.82085
2019-10-14.09:25:41	124.285	3676.15	-0.0237481	2.66133
2019-10-14.09:25:42	127.123	3673.04	-0.0112025	1.85757
2019-10-14.09:25:43	130.144	3668.71	0.0001688	1.45236
2019-10-14.09:25:44	133.121	3664.03	0.0103498	1.45233
2019-10-14.09:25:45	135.845	3659.89	0.0187515	1.83329
2019-10-14.09:25:46	138.135	3657.14	0.0244703	2.54711
2019-10-14.09:25:47	139.846	3656.55	0.0274219	3.52654
2019-10-14.09:25:48	140.883	3658.68	0.028199	4.69462
2019-10-14.09:25:49	141.201	3663.88	0.0280368	5.97122
2019-10-14.09:25:50	140.804	3672.26	0.0269763	7.27409
2019-10-14.09:25:51	139.737	3683.69	0.0241548	8.52283
2019-10-14.09:25:52	138.084	3697.8	0.0195111	9.64154
2019-10-14.09:25:53	135.961	3714.04	0.0134431	10.558
2019-10-14.09:25:54	133.515	3731.71	0.006092	11.2137
2019-10-14.09:25:55	130.918	3750.04	-0.0021766	11.5635
2019-10-14.09:25:56	128.351	3768.26	-0.0111213	11.5798
2019-10-14.09:25:57	125.995	3785.62	-0.0204324	11.2557
2019-10-14.09:25:58	124.02	3801.47	-0.0293742	10.6084
2019-10-14.09:25:59	122.572	3815.28	-0.036784	9.68156
2019-10-14.09:26:00	121.758	3826.67	-0.0414453	8.54393
2019-10-14.09:26:01	121.636	3835.42	-0.042507	7.28552
2019-10-14.09:26:02	122.21	3841.49	-0.0397199	6.0089
2019-10-14.09:26:03	123.425	3845.02	-0.0334952	4.81802
2019-10-14.09:26:04	125.175	3846.31	-0.0248268	3.80634
2019-10-14.09:26:05	127.318	3845.8	-0.0150439	3.04707
2019-10-14.09:26:06	129.683	3844.07	-0.0054106	2.58726
2019-10-14.09:26:07	132.091	3841.79	0.003215	2.44635
2019-10-14.09:26:08	134.37	3839.67	0.0104163	2.618
2019-10-14.09:26:09	136.364	3838.4	0.0160006	3.0742
2019-10-14.09:26:10	137.945	3838.62	0.0198453	3.7701
2019-10-14.09:26:11	139.017	3840.83	0.0219194	4.64818
2019-10-14.09:26:12	139.523	3845.39	0.0221661	5.64319
2019-10-14.09:26:13	139.449	3852.46	0.0211474	6.68879
2019-10-14.09:26:14	138.817	3862.02	0.0193129	7.71798
2019-10-14.09:26:15	137.68	3873.86	0.0163466	8.66568
2019-10-14.09:26:16	136.123	3887.6	0.011572	9.47078
2019-10-14.09:26:17	134.257	3902.73	0.0053962	10.0822
2019-10-14.09:26:18	132.215	3918.67	-0.001186	10.4593
2019-10-14.09:26:19	130.14	3934.79	-0.0079211	10.5754
2019-10-14.09:26:20	128.178	3950.47	-0.0150958	10.4202
2019-10-14.09:26:21	126.47	3965.17	-0.0224247	10.0019
[State]	Climb
2019-10-14.09:26:22	125.138	3978.41	-0.0287697	9.34861
2019-10-14.09:26:23	124.278	3989.82	-0.0329483	8.50797
2019-10-14.09:26:24	123.951	3999.17	-0.0344728	7.54447
2019-10-14.09:26:25	124.178	4006.36	-0.0334472	6.53406
2019-10-14.09:26:26	124.933	4011.44	-0.0300632	5.55675
2019-10-14.09:26:27	126.152	4014.61	-0.0245069	4.6883
2019-10-14.09:26:28	127.733	4016.17	-0.0173335	3.99268
2019-10-14.09:26:29	129.554	4016.56	-0.0096061	3.5164
2019-10-14.09:26:30	131.474	4016.28	-0.0023994	3.28569
2019-10-14.09:26:31	133.355	4015.88	0.0037811	3.30628
2019-10-14.09:26:32	135.066	4015.92	0.0089187	3.56528
2019-10-14.09:26:33	136.493	4016.93	0.0129384	4.03424
2019-10-14.09:26:34	137.548	4019.36	0.0155449	4.67272
2019-10-14.09:26:35	138.17	4023.55	0.0166073	5.43189
2019-10-14.09:26:36	138.329	4029.7	0.0163583	6.25798
2019-10-14.09:26:37	138.028	4037.85	0.0150628	7.09539
2019-10-14.09:26:38	137.297	4047.91	0.0127204	7.88954
2019-10-14.09:26:39	136.196	4059.62	0.0092513	8.58944
2019-10-14.09:26:40	134.806	4072.65	0.0047926	9.15017
2019-10-14.09:26:41	133.227	4086.55	-0.0003502	9.53522
2019-10-14.09:26:42	131.572	4100.83	-0.005927	9.71874
2019-10-14.09:26:43	129.956	4115	-0.0117456	9.68762
2019-10-14.09:26:44	128.496	4128.59	-0.0174736	9.44318
2019-10-14.09:26:45	127.293	4141.17	-0.02256	9.00207
2019-10-14.09:26:46	126.435	4152.42	-0.0263947	8.39624
2019-10-14.09:26:47	125.981	4162.09	-0.028517	7.67116
2019-10-14.09:26:48	125.962	4170.05	-0.0286929	6.88252
2019-10-14.09:26:49	126.372	4176.29	-0.0268942	6.09131
2019-10-14.09:26:50	127.176	4180.91	-0.023303	5.35803
2019-10-14.09:26:51	128.308	4184.12	-0.0183485	4.73695
2019-10-14.09:26:52	129.678	4186.22	-0.0126576	4.27121
2019-10-14.09:26:53	131.182	4187.58	-0.0068762	3.98973
2019-10-14.09:26:54	132.71	4188.65	-0.0014916	3.90575
2019-10-14.09:26:55	134.154	4189.86	0.0031928	4.01728
2019-10-14.09:26:56	135.417	4191.65	0.006965	4.30864
2019-10-14.09:26:57	136.416	4194.4	0.0096589	4.75287
2019-10-14.09:26:58	137.092	4198.43	0.011202	5.31442
2019-10-14.09:26:59	137.408	4203.95	0.0116358	5.95201
2019-10-14.09:27:00	137.352	4211.06	0.0110441	6.62129
2019-10-14.09:27:01	136.938	4219.73	0.0094818	7.27741
2019-10-14.09:27:02	136.202	4229.83	0.0069993	7.87739
2019-10-14.09:27:03	135.202	4241.12	0.0037019	8.38232
2019-10-14.09:27:04	134.011	4253.29	-0.0002458	8.75944
2019-10-14.09:27:05	132.714	4265.97	-0.0046544	8.98406
2019-10-14.09:27:06	131.404	4278.76	-0.0093082	9.04124
2019-10-14.09:27:07	130.174	4291.28	-0.013925	8.92717
2019-10-14.09:27:08	129.111	4303.17	-0.0181424	8.64998
2019-10-14.09:27:09	128.289	4314.11	-0.0215647	8.22982
2019-10-14.09:27:10	127.767	4323.89	-0.0238376	7.69787
2019-10-14.09:27:11	127.579	4332.34	-0.0247088	7.09423
2019-10-14.09:27:12	127.736	4339.41	-0.0240693	6.46471
2019-10-14.09:27:13	128.221	4345.13	-0.021983	5.85679
2019-10-14.09:27:14	128.994	4349.62	-0.0186958	5.31536
2019-10-14.09:27:15	129.994	4353.1	-0.0145955	4.87879
2019-10-14.09:27:16	131.144	4355.84	-0.0101237	4.57586
2019-10-14.09:27:17	132.361	4358.16	-0.0056866	4.42397
2019-10-14.09:27:18	133.558	4360.41	-0.0016115	4.42851
2019-10-14.09:27:19	134.651	4362.94	0.0018539	4.58341
2019-10-14.09:27:20	135.569	4366.08	0.004534	4.87251
2019-10-14.09:27:21	136.254	4370.11	0.0063304	5.27139
2019-10-14.09:27:22	136.666	4375.24	0.0072159	5.74956
2019-10-14.09:27:23	136.785	4381.6	0.0072086	6.27268
2019-10-14.09:27:24	136.611	4389.22	0.0063467	6.80469
2019-10-14.09:27:25	136.162	4398.04	0.0046861	7.30998
2019-10-14.09:27:26	135.476	4407.92	0.0023128	7.75528
2019-10-14.09:27:27	134.606	4418.64	-0.0006544	8.11155
2019-10-14.09:27:28	133.615	4429.93	-0.0040675	8.3556
2019-10-14.09:27:29	132.574	4441.49	-0.0077475	8.47158
2019-10-14.09:27:30	131.557	4453	-0.0114743	8.45214
2019-10-14.09:27:31	130.637	4464.16	-0.0149856	8.2992
2019-10-14.09:27:32	129.878	4474.71	-0.017997	8.02417
2019-10-14.09:27:33	129.334	4484.41	-0.0202374	7.64744
2019-10-14.09:27:34	129.041	4493.12	-0.0214871	7.19712
2019-10-14.09:27:35	129.018	4500.75	-0.0216145	6.70689
2019-10-14.09:27:36	129.263	4507.27	-0.0206053	6.21328
2019-10-14.09:27:37	129.755	4512.75	-0.018574	5.75256
2019-10-14.09:27:38	130.456	4517.33	-0.0157479	5.35766
2019-10-14.09:27:39	131.31	4521.18	-0.0124234	5.0555
2019-10-14.09:27:40	132.256	4524.56	-0.0089131	4.86504
2019-10-14.09:27:41	133.225	4527.72	-0.0055044	4.79624
2019-10-14.09:27:42	134.151	4530.95	-0.0024381	4.84987
2019-10-14.09:27:43	134.969	4534.52	0.0001016	5.01805
2019-10-14.09:27:44	135.629	4538.67	0.0019909	5.28543
2019-10-14.09:27:45	136.089	4543.61	0.0031624	5.63062
2019-10-14.09:27:46	136.323	4549.46	0.0035943	6.02798
2019-10-14.09:27:47	136.323	4556.31	0.0032977	6.44935
2019-10-14.09:27:48	136.095	4564.15	0.0023092	6.86584
2019-10-14.09:27:49	135.66	4572.89	0.0006917	7.24955
2019-10-14.09:27:50	135.052	4582.41	-0.0014657	7.57514
2019-10-14.09:27:51	134.318	4592.52	-0.0040486	7.82135
2019-10-14.09:27:52	133.512	4602.98	-0.0069161	7.97223
2019-10-14.09:27:53	132.691	4613.55	-0.0098991	8.01823
2019-10-14.09:27:54	131.914	4623.99	-0.0128016	7.95692
2019-10-14.09:27:55	131.236	4634.06	-0.0154111	7.79334
2019-10-14.09:27:56	130.704	4643.56	-0.0175176	7.5398
2019-10-14.09:27:57	130.355	4652.34	-0.018938	7.21518
2019-10-14.09:27:58	130.213	4660.3	-0.0195416	6.84355
2019-10-14.09:27:59	130.284	4667.37	-0.0192732	6.45236
2019-10-14.09:28:00	130.562	4673.59	-0.0181663	6.07018
2019-10-14.09:28:01	131.024	4679.01	-0.0163409	5.7244
2019-10-14.09:28:02	131.634	4683.76	-0.013984	5.439
2019-10-14.09:28:03	132.348	4688.01	-0.0113195	5.23275
2019-10-14.09:28:04	133.113	4691.97	-0.0085771	5.11798
2019-10-14.09:28:05	133.876	4695.84	-0.0059682	5.09995
2019-10-14.09:28:06	134.586	4699.85	-0.00367	5.17686
2019-10-14.09:28:07	135.194	4704.2	-0.0018171	5.3404
2019-10-14.09:28:08	135.664	4709.09	-0.0005001	5.57669
2019-10-14.09:28:09	135.967	4714.64	0.0002313	5.86746
2019-10-14.09:28:10	136.087	4720.94	0.0003617	6.1915
2019-10-14.09:28:11	136.021	4728.04	-9.57e-05	6.52603
2019-10-14.09:28:12	135.78	4735.89	-0.001102	6.84819
2019-10-14.09:28:13	135.384	4744.43	-0.0025945	7.13638
2019-10-14.09:28:14	134.864	4753.54	-0.0044877	7.37157
2019-10-14.09:28:15	134.259	4763.04	-0.0066744	7.53843
2019-10-14.09:28:16	133.615	4772.76	-0.0090253	7.62629
2019-10-14.09:28:17	132.977	4782.49	-0.0113921	7.62989
2019-10-14.09:28:18	132.39	4792.05	-0.0136131	7.54972
2019-10-14.09:28:19	131.896	4801.25	-0.0155246	7.39216
2019-10-14.09:28:20	131.529	4809.96	-0.0169759	7.16905
2019-10-14.09:28:21	131.315	4818.06	-0.0178471	6.89693
2019-10-14.09:28:22	131.267	4825.48	-0.0180656	6.59577
2019-10-14.09:28:23	131.386	4832.21	-0.0176183	6.28747
2019-10-14.09:28:24	131.663	4838.26	-0.016556	5.99411
2019-10-14.09:28:25	132.076	4843.72	-0.0149863	5.73622
2019-10-14.09:28:26	132.594	4848.69	-0.0130583	5.53121
2019-10-14.09:28:27	133.18	4853.31	-0.0109426	5.39213
2019-10-14.09:28:28	133.792	4857.76	-0.008811	5.32685
2019-10-14.09:28:29	134.388	4862.2	-0.0068205	5.33775
2019-10-14.09:28:30	134.93	4866.81	-0.0051028	5.42177
2019-10-14.09:28:31	135.38	4871.75	-0.0037579	5.57094
2019-10-14.09:28:32	135.713	4877.14	-0.002853	5.77314
2019-10-14.09:28:33	135.909	4883.09	-0.0024246	6.01311
2019-10-14.09:28:34	135.958	4889.64	-0.0024811	6.27351
2019-10-14.09:28:35	135.863	4896.82	-0.0030062	6.53614
2019-10-14.09:28:36	135.632	4904.58	-0.0039612	6.78309
2019-10-14.09:28:37	135.287	4912.85	-0.0052863	6.9978
2019-10-14.09:28:38	134.854	4921.53	-0.0069027	7.16612
2019-10-14.09:28:39	134.366	4930.48	-0.0087135	7.27714
2019-10-14.09:28:40	133.858	4939.55	-0.0106064	7.32392
2019-10-14.09:28:41	133.366	4948.58	-0.0124576	7.30393
2019-10-14.09:28:42	132.927	4957.42	-0.014139	7.21925
2019-10-14.09:28:43	132.571	4965.95	-0.015528	7.07648
2019-10-14.09:28:44	132.322	4974.06	-0.0165188	6.88628
2019-10-14.09:28:45	132.198	4981.65	-0.0170349	6.66261
2019-10-14.09:28:46	132.205	4988.71	-0.017039	6.42169
2019-10-14.09:28:47	132.343	4995.21	-0.0165388	6.18077
2019-10-14.09:28:48	132.6	5001.19	-0.0155873	5.95678
2019-10-14.09:28:49	132.958	5006.73	-0.0142753	5.76505
2019-10-14.09:28:50	133.389	5011.91	-0.0127204	5.61821
2019-10-14.09:28:51	133.864	5016.86	-0.0110531	5.52532
[State]	Cruise
2019-10-14.09:28:52	134.351	5021.71	-0.0094031	5.49132
2019-10-14.09:28:53	134.815	5026.59	-0.0078885	5.51686
2019-10-14.09:28:54	135.227	5031.65	-0.0066079	5.59845
2019-10-14.09:28:55	135.561	5037	-0.0056366	5.72887
2019-10-14.09:28:56	135.797	5042.73	-0.0050247	5.89782
2019-10-14.09:28:57	135.921	5048.91	-0.0047978	6.09273
2019-10-14.09:28:58	135.93	5055.58	-0.0049591	6.29962
2019-10-14.09:28:59	135.826	5062.74	-0.0054905	6.50408
2019-10-14.09:29:00	135.62	5070.34	-0.006355	6.69217
2019-10-14.09:29:01	135.329	5078.32	-0.0074979	6.85131
2019-10-14.09:29:02	134.975	5086.6	-0.008849	6.97103
2019-10-14.09:29:03	134.586	5095.05	-0.0103242	7.04364
2019-10-14.09:29:04	134.19	5103.57	-0.0118294	7.06473
2019-10-14.09:29:05	133.815	5112.02	-0.0132647	7.03344
2019-10-14.09:29:06	133.489	5120.29	-0.0145312	6.95255
2019-10-14.09:29:07	133.234	5128.29	-0.0155383	6.82824
2019-10-14.09:29:08	133.067	5135.93	-0.016213	6.66972
2019-10-14.09:29:09	133.001	5143.16	-0.0165071	6.48848
2019-10-14.09:29:10	133.039	5149.95	-0.0164038	6.2975
2019-10-14.09:29:11	133.178	5156.31	-0.0159196	6.11023
2019-10-14.09:29:12	133.407	5162.28	-0.0151029	5.93961
2019-10-14.09:29:13	133.709	5167.9	-0.0140283	5.7971
2019-10-14.09:29:14	134.064	5173.27	-0.012788	5.69185
2019-10-14.09:29:15	134.446	5178.49	-0.0114822	5.63015
2019-10-14.09:29:16	134.831	5183.65	-0.0102095	5.61505
2019-10-14.09:29:17	135.192	5188.87	-0.0090594	5.64626
2019-10-14.09:29:18	135.506	5194.25	-0.0081067	5.72031
2019-10-14.09:29:19	135.754	5199.88	-0.007408	5.83092
2019-10-14.09:29:20	135.922	5205.82	-0.0070007	5.96951
2019-10-14.09:29:21	136.001	5212.13	-0.0069026	6.12585
2019-10-14.09:29:22	135.989	5218.83	-0.0071128	6.28879
2019-10-14.09:29:23	135.89	5225.9	-0.0076132	6.447
2019-10-14.09:29:24	135.713	5233.31	-0.0083697	6.58971
2019-10-14.09:29:25	135.473	5241	-0.0093339	6.70737
2019-10-14.09:29:26	135.189	5248.91	-0.0104453	6.79228
2019-10-14.09:29:27	134.883	5256.93	-0.0116332	6.83903
2019-10-14.09:29:28	134.577	5264.98	-0.0128207	6.84489
2019-10-14.09:29:29	134.293	5272.95	-0.0139291	6.80995
2019-10-14.09:29:30	134.051	5280.77	-0.0148827	6.7371
2019-10-14.09:29:31	133.87	5288.35	-0.0156156	6.63185
2019-10-14.09:29:32	133.761	5295.63	-0.0160772	6.50189
2019-10-14.09:29:33	133.731	5302.59	-0.0162378	6.35654
2019-10-14.09:29:34	133.783	5309.2	-0.0160914	6.20606
2019-10-14.09:29:35	133.913	5315.47	-0.0156571	6.0609
2019-10-14.09:29:36	134.11	5321.43	-0.0149768	5.93092
2019-10-14.09:29:37	134.362	5327.14	-0.0141103	5.82468
2019-10-14.09:29:38	134.651	5332.67	-0.0131299	5.74887
2019-10-14.09:29:39	134.957	5338.09	-0.0121125	5.70786
2019-10-14.09:29:40	135.261	5343.49	-0.0111337	5.7035
2019-10-14.09:29:41	135.542	5348.95	-0.0102618	5.73504
2019-10-14.09:29:42	135.782	5354.55	-0.0095536	5.79929
2019-10-14.09:29:43	135.969	5360.36	-0.0090523	5.89094
2019-10-14.09:29:44	136.09	5366.43	-0.0087855	6.00296
2019-10-14.09:29:45	136.141	5372.79	-0.0087651	6.12712
2019-10-14.09:29:46	136.12	5379.45	-0.0089884	6.2546
2019-10-14.09:29:47	136.032	5386.4	-0.0094379	6.37653
2019-10-14.09:29:48	135.885	5393.61	-0.0100835	6.48462
2019-10-14.09:29:49	135.692	5401.03	-0.0108835	6.57163
2019-10-14.09:29:50	135.467	5408.61	-0.0117871	6.63189
2019-10-14.09:29:51	135.229	5416.26	-0.0127363	6.6616
2019-10-14.09:29:52	134.994	5423.91	-0.0136694	6.6591
2019-10-14.09:29:53	134.78	5431.5	-0.0145251	6.62494
2019-10-14.09:29:54	134.602	5438.94	-0.015246	6.56187
2019-10-14.09:29:55	134.473	5446.19	-0.0157841	6.47455
2019-10-14.09:29:56	134.403	5453.2	-0.0161044	6.3693
2019-10-14.09:29:57	134.395	5459.94	-0.0161884	6.25359
2019-10-14.09:29:58	134.452	5466.41	-0.0160359	6.13546
2019-10-14.09:29:59	134.567	5472.62	-0.0156652	6.023
2019-10-14.09:30:00	134.735	5478.59	-0.0151112	5.92374
2019-10-14.09:30:01	134.942	5484.38	-0.0144216	5.84408
2019-10-14.09:30:02	135.176	5490.02	-0.0136525	5.78895
2019-10-14.09:30:03	135.421	5495.59	-0.0128635	5.76141
2019-10-14.09:30:04	135.66	5501.16	-0.0121126	5.76256
2019-10-14.09:30:05	135.88	5506.79	-0.0114522	5.79149
2019-10-14.09:30:06	136.066	5512.54	-0.0109258	5.84543
2019-10-14.09:30:07	136.207	5518.45	-0.0105662	5.91997
2019-10-14.09:30:08	136.297	5524.58	-0.010394	6.00942
2019-10-14.09:30:09	136.331	5530.93	-0.0104173	6.10724
2019-10-14.09:30:10	136.309	5537.52	-0.0106321	6.20648
2019-10-14.09:30:11	136.235	5544.34	-0.0110227	6.30023
2019-10-14.09:30:12	136.117	5551.35	-0.0115633	6.3821
2019-10-14.09:30:13	135.964	5558.52	-0.0122189	6.44663
2019-10-14.09:30:14	135.788	5565.8	-0.0129476	6.48959
2019-10-14.09:30:15	135.604	5573.14	-0.0137026	6.5083
2019-10-14.09:30:16	135.425	5580.46	-0.0144351	6.50178
2019-10-14.09:30:17	135.264	5587.72	-0.0150976	6.47075
2019-10-14.09:30:18	135.134	5594.86	-0.0156468	6.41763
2019-10-14.09:30:19	135.043	5601.84	-0.0160476	6.3463
2019-10-14.09:30:20	134.999	5608.63	-0.0162752	6.26185
2019-10-14.09:30:21	135.004	5615.21	-0.0163184	6.17019
2019-10-14.09:30:22	135.058	5621.57	-0.0161794	6.07762
2019-10-14.09:30:23	135.159	5627.73	-0.0158744	5.99039
2019-10-14.09:30:24	135.299	5633.71	-0.0154318	5.91423
2019-10-14.09:30:25	135.469	5639.54	-0.0148891	5.854
2019-10-14.09:30:26	135.657	5645.27	-0.0142902	5.81331
2019-10-14.09:30:27	135.853	5650.95	-0.0136809	5.79438
2019-10-14.09:30:28	136.042	5656.64	-0.0131061	5.79783
2019-10-14.09:30:29	136.215	5662.37	-0.0126061	5.82278
2019-10-14.09:30:30	136.36	5668.2	-0.0122144	5.86688
2019-10-14.09:30:31	136.469	5674.17	-0.0119561	5.92655
2019-10-14.09:30:32	136.538	5680.31	-0.0118466	5.99726
2019-10-14.09:30:33	136.562	5686.63	-0.0118913	6.07382
2019-10-14.09:30:34	136.543	5693.13	-0.0120861	6.15078
2019-10-14.09:30:35	136.484	5699.8	-0.0124175	6.22278
2019-10-14.09:30:36	136.391	5706.63	-0.0128637	6.2849
2019-10-14.09:30:37	136.272	5713.57	-0.013396	6.33297
2019-10-14.09:30:38	136.136	5720.59	-0.0139805	6.36386
2019-10-14.09:30:39	135.996	5727.65	-0.0145799	6.37564
2019-10-14.09:30:40	135.86	5734.7	-0.0151559	6.3677
2019-10-14.09:30:41	135.74	5741.69	-0.0156717	6.34081
2019-10-14.09:30:42	135.644	5748.58	-0.0160947	6.297
2019-10-14.09:30:43	135.581	5755.34	-0.0163987	6.23941
2019-10-14.09:30:44	135.554	5761.95	-0.0165664	6.17212
2019-10-14.09:30:45	135.565	5768.4	-0.0165903	6.09975
2019-10-14.09:30:46	135.616	5774.67	-0.0164738	6.02723
2019-10-14.09:30:47	135.701	5780.78	-0.0162305	5.95937
2019-10-14.09:30:48	135.817	5786.75	-0.0158829	5.90058
2019-10-14.09:30:49	135.955	5792.61	-0.0154606	5.85452
2019-10-14.09:30:50	136.107	5798.4	-0.0149974	5.82392
2019-10-14.09:30:51	136.263	5804.15	-0.014529	5.81038
2019-10-14.09:30:52	136.415	5809.9	-0.0140899	5.81427
2019-10-14.09:30:53	136.551	5815.7	-0.0137115	5.8348
2019-10-14.09:30:54	136.666	5821.57	-0.0134195	5.87006
2019-10-14.09:30:55	136.752	5827.56	-0.0132333	5.91717
2019-10-14.09:30:56	136.806	5833.67	-0.0131645	5.97254
2019-10-14.09:30:57	136.826	5839.93	-0.0132171	6.03211
2019-10-14.09:30:58	136.812	5846.33	-0.013387	6.09162
2019-10-14.09:30:59	136.766	5852.86	-0.0136631	6.1469
2019-10-14.09:31:00	136.695	5859.51	-0.0140275	6.19415
2019-10-14.09:31:01	136.604	5866.25	-0.014457	6.2302
2019-10-14.09:31:02	136.501	5873.05	-0.0149244	6.25268
2019-10-14.09:31:03	136.394	5879.87	-0.0154004	6.26017
2019-10-14.09:31:04	136.292	5886.68	-0.0158549	6.25231
2019-10-14.09:31:05	136.203	5893.45	-0.0162596	6.22977
2019-10-14.09:31:06	136.134	5900.13	-0.0165896	6.19421
2019-10-14.09:31:07	136.089	5906.71	-0.0168255	6.14816
2019-10-14.09:31:08	136.074	5913.16	-0.0169545	6.09481
2019-10-14.09:31:09	136.088	5919.49	-0.0169718	6.03779
2019-10-14.09:31:10	136.133	5925.68	-0.0168806	5.98091
2019-10-14.09:31:11	136.205	5931.75	-0.016692	5.92791
2019-10-14.09:31:12	136.3	5937.7	-0.0164237	5.88217
2019-10-14.09:31:13	136.412	5943.57	-0.0160986	5.84649
2019-10-14.09:31:14	136.535	5949.39	-0.0157431	5.82295
2019-10-14.09:31:15	136.661	5955.17	-0.0153847	5.81272
2019-10-14.09:31:16	136.782	5960.96	-0.0150502	5.81606
2019-10-14.09:31:17	136.891	5966.78	-0.0147639	5.83229
2019-10-14.09:31:18	136.983	5972.67	-0.0145459	5.85989
2019-10-14.09:31:19	137.053	5978.64	-0.014411	5.8966
2019-10-14.09:31:20	137.097	5984.72	-0.0143685	5.93959
2019-10-14.09:31:21	137.115	5990.9	-0.014421	5.98569
2019-10-14.09:31:22	137.106	5997.2	-0.0145653	6.03157
2019-10-14.09:31:23	137.073	6003.59	-0.0147922	6.07402
2019-10-14.09:31:24	137.02	6010.08	-0.0150875	6.11008
2019-10-14.09:31:25	136.952	6016.64	-0.0154326	6.13732
2019-10-14.09:31:26	136.875	6023.24	-0.015806	6.15392
2019-10-14.09:31:27	136.795	6029.85	-0.0161846	6.15883
2019-10-14.09:31:28	136.719	6036.46	-0.0165451	6.15179
2019-10-14.09:31:29	136.653	6043.03	-0.0168656	6.13336
2019-10-14.09:31:30	136.603	6049.53	-0.0171269	6.10488
2019-10-14.09:31:31	136.572	6055.95	-0.0173144	6.06833
2019-10-14.09:31:32	136.564	6062.27	-0.0174186	6.02619
2019-10-14.09:31:33	136.58	6068.49	-0.017436	5.9813
2019-10-14.09:31:34	136.619	6074.61	-0.0173695	5.93661
2019-10-14.09:31:35	136.679	6080.63	-0.0172276	5.89501
2019-10-14.09:31:36	136.757	6086.56	-0.0170242	5.85911
2019-10-14.09:31:37	136.848	6092.42	-0.0167771	5.83108
[State]	Descent
2019-10-14.09:31:38	136.947	6098.24	-0.0165066	5.8125
2019-10-14.09:31:39	137.048	6104.03	-0.016234	5.80428
2019-10-14.09:31:40	137.146	6109.83	-0.0159801	5.80661
2019-10-14.09:31:41	137.235	6115.65	-0.0157638	5.81895
2019-10-14.09:31:42	137.31	6121.53	-0.0156008	5.84012
2019-10-14.09:31:43	137.368	6127.47	-0.0155028	5.86834
2019-10-14.09:31:44	137.405	6133.49	-0.0154769	5.90142
2019-10-14.09:31:45	137.422	6139.59	-0.0155254	5.93689
2019-10-14.09:31:46	137.419	6145.78	-0.0156456	5.97218
2019-10-14.09:31:47	137.396	6152.05	-0.0158303	6.00477
2019-10-14.09:31:48	137.358	6158.38	-0.0160682	6.03238
2019-10-14.09:31:49	137.309	6164.78	-0.0163448	6.05311
2019-10-14.09:31:50	137.252	6171.2	-0.0166433	6.06557
2019-10-14.09:31:51	137.193	6177.64	-0.0169455	6.06894
2019-10-14.09:31:52	137.137	6184.06	-0.0172332	6.06303
2019-10-14.09:31:53	137.089	6190.46	-0.0174896	6.04827
2019-10-14.09:31:54	137.053	6196.81	-0.0176998	6.0257
2019-10-14.09:31:55	137.033	6203.09	-0.0178525	5.99685
2019-10-14.09:31:56	137.03	6209.29	-0.0179406	5.96366
2019-10-14.09:31:57	137.045	6215.41	-0.0179613	5.92832
2019-10-14.09:31:58	137.079	6221.46	-0.0179169	5.89311
2019-10-14.09:31:59	137.129	6227.42	-0.017814	5.86028
2019-10-14.09:32:00	137.193	6233.31	-0.0176632	5.83185
2019-10-14.09:32:01	137.267	6239.15	-0.0174781	5.8095
2019-10-14.09:32:02	137.347	6244.96	-0.0172744	5.79446
2019-10-14.09:32:03	137.43	6250.74	-0.0170696	5.78743
2019-10-14.09:32:04	137.509	6256.53	-0.0169023	5.78839
2019-10-14.09:32:05	137.581	6262.33	-0.0167795	5.79698
2019-10-14.09:32:06	137.643	6268.17	-0.0166732	5.81231
2019-10-14.09:32:07	137.692	6274.06	-0.0165883	5.83304
2019-10-14.09:32:08	137.725	6280.01	-0.0165634	5.85755
2019-10-14.09:32:09	137.743	6286.03	-0.0166161	5.88396
2019-10-14.09:32:10	137.745	6292.1	-0.0167223	5.91035
2019-10-14.09:32:11	137.732	6298.24	-0.0168552	5.93482
2019-10-14.09:32:12	137.708	6304.43	-0.0170186	5.95567
2019-10-14.09:32:13	137.674	6310.66	-0.0172251	5.97144
2019-10-14.09:32:14	137.635	6316.92	-0.0174615	5.98107
2019-10-14.09:32:15	137.594	6323.18	-0.0176949	5.98392
2019-10-14.09:32:16	137.555	6329.44	-0.0179063	5.9798
2019-10-14.09:32:17	137.522	6335.68	-0.0180982	5.969
2019-10-14.09:32:18	137.497	6341.88	-0.0182711	5.95223
2019-10-14.09:32:19	137.484	6348.04	-0.0184079	5.93061
2019-10-14.09:32:20	137.484	6354.13	-0.0184906	5.90551
2019-10-14.09:32:21	137.497	6360.16	-0.0185195	5.87855
2019-10-14.09:32:22	137.524	6366.13	-0.0185073	5.85141
2019-10-14.09:32:23	137.564	6372.04	-0.0184602	5.82574
2019-10-14.09:32:24	137.614	6377.9	-0.0183756	5.80306
2019-10-14.09:32:25	137.673	6383.71	-0.0182573	5.78467
2019-10-14.09:32:26	137.736	6389.49	-0.0181219	5.77152
2019-10-14.09:32:27	137.802	6395.25	-0.0179876	5.76423
2019-10-14.09:32:28	137.866	6401.01	-0.0178632	5.76298
2019-10-14.09:32:29	137.926	6406.78	-0.0177522	5.76757
2019-10-14.09:32:30	137.979	6412.57	-0.0176636	5.77742
2019-10-14.09:32:31	138.022	6418.39	-0.0176102	5.79159
2019-10-14.09:32:32	138.054	6424.26	-0.0175992	5.80892
2019-10-14.09:32:33	138.074	6430.17	-0.0176284	5.82804
2019-10-14.09:32:34	138.082	6436.13	-0.017694	5.8475
2019-10-14.09:32:35	138.079	6442.14	-0.017795	5.86588
2019-10-14.09:32:36	138.067	6448.18	-0.0179298	5.88185
2019-10-14.09:32:37	138.047	6454.26	-0.0180906	5.89426
2019-10-14.09:32:38	138.022	6460.36	-0.0182654	5.90224
2019-10-14.09:32:39	137.995	6466.47	-0.0184436	5.90522
2019-10-14.09:32:40	137.969	6472.58	-0.0186182	5.90297
2019-10-14.09:32:41	137.946	6478.67	-0.0187816	5.89563
2019-10-14.09:32:42	137.929	6484.74	-0.0189239	5.88365
2019-10-14.09:32:43	137.921	6490.78	-0.0190363	5.86778
2019-10-14.09:32:44	137.922	6496.77	-0.0191148	5.84902
2019-10-14.09:32:45	137.933	6502.71	-0.0191589	5.82853
2019-10-14.09:32:46	137.954	6508.6	-0.019169	5.80756
2019-10-14.09:32:47	137.985	6514.45	-0.0191458	5.78737
2019-10-14.09:32:48	138.025	6520.25	-0.0190931	5.76912
2019-10-14.09:32:49	138.071	6526.02	-0.0190184	5.75384
2019-10-14.09:32:50	138.122	6531.76	-0.0189303	5.74232
2019-10-14.09:32:51	138.175	6537.48	-0.0188369	5.73509
2019-10-14.09:32:52	138.228	6543.2	-0.0187454	5.73237
2019-10-14.09:32:53	138.278	6548.92	-0.018664	5.73411
2019-10-14.09:32:54	138.323	6554.65	-0.018601	5.73993
2019-10-14.09:32:55	138.361	6560.4	-0.0185625	5.74922
2019-10-14.09:32:56	138.391	6566.19	-0.0185519	5.76114
2019-10-14.09:32:57	138.412	6572	-0.0185707	5.77471
2019-10-14.09:32:58	138.425	6577.86	-0.0186196	5.78886
2019-10-14.09:32:59	138.429	6583.74	-0.0186975	5.80249
2019-10-14.09:33:00	138.425	6589.66	-0.0188005	5.8146
2019-10-14.09:33:01	138.416	6595.6	-0.0189231	5.82427
2019-10-14.09:33:02	138.402	6601.57	-0.0190587	5.8308
2019-10-14.09:33:03	138.385	6607.54	-0.0192008	5.83368
2019-10-14.09:33:04	138.369	6613.51	-0.0193425	5.83267
2019-10-14.09:33:05	138.355	6619.47	-0.0194761	5.82779
2019-10-14.09:33:06	138.345	6625.41	-0.0195949	5.81931
2019-10-14.09:33:07	138.34	6631.33	-0.0196937	5.80773
2019-10-14.09:33:08	138.342	6637.22	-0.0197689	5.79374
2019-10-14.09:33:09	138.352	6643.07	-0.0198181	5.77818
2019-10-14.09:33:10	138.369	6648.88	-0.0198406	5.76198
2019-10-14.09:33:11	138.394	6654.66	-0.0198375	5.74607
2019-10-14.09:33:12	138.425	6660.4	-0.019812	5.73135
2019-10-14.09:33:13	138.462	6666.11	-0.0197686	5.71864
2019-10-14.09:33:14	138.504	6671.8	-0.0197127	5.70856
2019-10-14.09:33:15	138.547	6677.47	-0.0196501	5.7016
2019-10-14.09:33:16	138.59	6683.13	-0.0195874	5.69798
2019-10-14.09:33:17	138.632	6688.8	-0.019531	5.69774
2019-10-14.09:33:18	138.671	6694.47	-0.0194866	5.70066
2019-10-14.09:33:19	138.706	6700.15	-0.0194587	5.70635
2019-10-14.09:33:20	138.734	6705.85	-0.0194507	5.71422
2019-10-14.09:33:21	138.756	6711.58	-0.019465	5.72358
2019-10-14.09:33:22	138.771	6717.33	-0.0195022	5.73363
2019-10-14.09:33:23	138.78	6723.1	-0.0195614	5.74357
2019-10-14.09:33:24	138.783	6728.9	-0.0196403	5.75261
2019-10-14.09:33:25	138.781	6734.72	-0.0197353	5.76004
2019-10-14.09:33:26	138.775	6740.56	-0.0198421	5.76527
2019-10-14.09:33:27	138.767	6746.4	-0.0199555	5.76788
2019-10-14.09:33:28	138.758	6752.24	-0.02007	5.76763
2019-10-14.09:33:29	138.75	6758.08	-0.0201802	5.76445
2019-10-14.09:33:30	138.745	6763.91	-0.020281	5.75849
2019-10-14.09:33:31	138.744	6769.72	-0.0203682	5.75007
2019-10-14.09:33:32	138.747	6775.5	-0.0204384	5.73966
2019-10-14.09:33:33	138.756	6781.26	-0.0204895	5.72786
2019-10-14.09:33:34	138.771	6786.99	-0.0205205	5.71533
2019-10-14.09:33:35	138.792	6792.69	-0.0205321	5.70277
2019-10-14.09:33:36	138.817	6798.37	-0.020526	5.69089
2019-10-14.09:33:37	138.847	6804.01	-0.0205052	5.68029
2019-10-14.09:33:38	138.881	6809.64	-0.0204734	5.67152
2019-10-14.09:33:39	138.917	6815.26	-0.020435	5.66496
2019-10-14.09:33:40	138.953	6820.86	-0.020395	5.66086
2019-10-14.09:33:41	138.989	6826.46	-0.0203579	5.6593
2019-10-14.09:33:42	139.023	6832.06	-0.0203282	5.66018
2019-10-14.09:33:43	139.054	6837.67	-0.0203098	5.66324
2019-10-14.09:33:44	139.08	6843.29	-0.0203055	5.66811
2019-10-14.09:33:45	139.102	6848.93	-0.0203175	5.67429
2019-10-14.09:33:46	139.119	6854.58	-0.0203465	5.68121
2019-10-14.09:33:47	139.131	6860.26	-0.0203924	5.68826
2019-10-14.09:33:48	139.139	6865.95	-0.0204537	5.69485
2019-10-14.09:33:49	139.142	6871.65	-0.0205283	5.70042
2019-10-14.09:33:50	139.142	6877.37	-0.0206129	5.7045
2019-10-14.09:33:51	139.14	6883.09	-0.0207039	5.70673
2019-10-14.09:33:52	139.138	6888.82	-0.0207973	5.70687
2019-10-14.09:33:53	139.135	6894.55	-0.0208889	5.70483
2019-10-14.09:33:54	139.134	6900.26	-0.0209748	5.70066
2019-10-14.09:33:55	139.136	6905.96	-0.0210517	5.69454
2019-10-14.09:33:56	139.14	6911.65	-0.0211166	5.68679
2019-10-14.09:33:57	139.149	6917.32	-0.0211677	5.67783
2019-10-14.09:33:58	139.162	6922.96	-0.021204	5.66813
2019-10-14.09:33:59	139.18	6928.58	-0.0212255	5.65821
2019-10-14.09:34:00	139.201	6934.18	-0.0212331	5.64859
2019-10-14.09:34:01	139.226	6939.76	-0.0212288	5.63976
2019-10-14.09:34:02	139.254	6945.32	-0.0212151	5.63215
2019-10-14.09:34:03	139.284	6950.87	-0.0211951	5.6261
2019-10-14.09:34:04	139.315	6956.41	-0.0211725	5.62182
2019-10-14.09:34:05	139.345	6961.94	-0.0211507	5.61942
2019-10-14.09:34:06	139.375	6967.47	-0.0211332	5.61889
2019-10-14.09:34:07	139.403	6973	-0.0211229	5.62008
2019-10-14.09:34:08	139.428	6978.54	-0.0211226	5.62275
2019-10-14.09:34:09	139.449	6984.1	-0.0211338	5.62654
2019-10-14.09:34:10	139.467	6989.66	-0.0211576	5.63106
2019-10-14.09:34:11	139.481	6995.23	-0.0211942	5.63586
2019-10-14.09:34:12	139.492	7000.82	-0.0212429	5.6405
2019-10-14.09:34:13	139.499	7006.42	-0.0213022	5.64454
2019-10-14.09:34:14	139.504	7012.03	-0.0213701	5.64761
2019-10-14.09:34:15	139.507	7017.65	-0.0214438	5.64939
2019-10-14.09:34:16	139.509	7023.26	-0.0215206	5.64968
