DateTime	ASI:airspeed	Altimeter:altitude	RC:roll	HI:heading
[State]	Standing
2019-10-14.12:18:56	0.474726	1654.61	-0.0010306	0.0033878
[State]	Taxiing
2019-10-14.12:18:57	0.204895	1654.64	-0.0041994	0.0965602
2019-10-14.12:18:58	0.0715001	1654.77	-0.0294292	0.294305
2019-10-14.12:18:59	0.240449	1654.79	-0.0468263	-0.198354
2019-10-14.12:19:00	2.53354	1654.79	-0.147671	0.0152544
2019-10-14.12:19:01	6.14408	1654.79	-0.181359	0.193909
2019-10-14.12:19:02	10.04	1654.79	-0.20184	0.2647
2019-10-14.12:19:03	13.94	1654.79	-0.301465	0.313881
2019-10-14.12:19:04	17.7513	1654.79	-0.574894	0.395674
2019-10-14.12:19:05	21.5089	1654.79	-0.946949	0.510722
2019-10-14.12:19:06	25.2011	1654.79	-1.31394	0.592143
2019-10-14.12:19:07	28.818	1654.8	-1.59442	0.626702
2019-10-14.12:19:08	32.3635	1654.8	-1.76279	0.639021
2019-10-14.12:19:09	35.7893	1654.8	-1.92943	0.680723
2019-10-14.12:19:10	39.0831	1654.81	-2.06132	0.719349
2019-10-14.12:19:11	42.2584	1654.81	-2.13987	0.754411
2019-10-14.12:19:12	45.3409	1654.81	-2.16891	0.795504
2019-10-14.12:19:13	48.3614	1654.82	-2.1508	0.845228
2019-10-14.12:19:14	51.3487	1654.82	-2.07266	0.907794
2019-10-14.12:19:15	54.3243	1654.82	-1.95848	0.969958
2019-10-14.12:19:16	57.3029	1654.83	-1.8184	1.0315
2019-10-14.12:19:17	60.2949	1654.83	-1.65821	1.09361
2019-10-14.12:19:18	63.3078	1654.84	-1.48135	1.15697
2019-10-14.12:19:19	66.347	1654.84	-1.29005	1.22172
2019-10-14.12:19:20	69.4166	1654.85	-1.086	1.28776
2019-10-14.12:19:21	72.5195	1654.86	-0.870653	1.35491
2019-10-14.12:19:22	75.6575	1654.86	-0.645336	1.42293
2019-10-14.12:19:23	78.831	1654.87	-0.411386	1.49155
2019-10-14.12:19:24	82.0421	1654.88	-0.193906	1.55761
2019-10-14.12:19:25	85.329	1654.89	-0.130812	1.62151
[State]	TakeOff
2019-10-14.12:19:26	88.6701	1654.92	-0.0142092	3.26451
2019-10-14.12:19:27	91.2578	1655.95	0.0317856	12.3515
2019-10-14.12:19:28	91.0478	1663.22	0.0374017	11.8309
2019-10-14.12:19:29	90.5977	1671.19	0.0588258	11.5238
2019-10-14.12:19:30	90.2936	1678.19	0.0759301	11.1362
2019-10-14.12:19:31	90.0887	1684.57	0.0763176	11.4945
2019-10-14.12:19:32	89.8117	1691.04	0.0647541	11.5236
2019-10-14.12:19:33	89.5787	1697.43	0.0531468	11.4281
2019-10-14.12:19:34	89.359	1703.63	0.0489868	11.4944
2019-10-14.12:19:35	89.1098	1709.77	0.0528215	11.5277
2019-10-14.12:19:36	88.8767	1715.85	0.0591012	11.5645
2019-10-14.12:19:37	88.6705	1721.87	0.0623107	11.5875
2019-10-14.12:19:38	88.4939	1727.84	0.0608024	11.6011
2019-10-14.12:19:39	88.3314	1733.74	0.0567554	11.6135
2019-10-14.12:19:40	88.1705	1739.58	0.0534647	11.6294
2019-10-14.12:19:41	88.007	1745.37	0.052701	11.6492
2019-10-14.12:19:42	87.8454	1751.1	0.0539513	11.6696
2019-10-14.12:19:43	87.6934	1756.78	0.0554687	11.6872
[State]	Climb
2019-10-14.12:19:44	87.5557	1762.42	0.0558615	11.7002
2019-10-14.12:19:45	87.4354	1768	0.0549459	11.7092
2019-10-14.12:19:46	87.3291	1773.53	0.0534852	11.7196
2019-10-14.12:19:47	87.2326	1779	0.0524101	11.7294
2019-10-14.12:19:48	87.1445	1784.42	0.0521154	11.7392
2019-10-14.12:19:49	87.0655	1789.8	0.0523578	11.7479
2019-10-14.12:19:50	86.9967	1795.14	0.0526116	11.7547
2019-10-14.12:19:51	86.9383	1800.44	0.0525117	11.7594
2019-10-14.12:19:52	86.8888	1805.71	0.0520522	11.7626
2019-10-14.12:19:53	86.8463	1810.95	0.0514812	11.765
2019-10-14.12:19:54	86.8094	1816.16	0.0510556	11.767
2019-10-14.12:19:55	86.7774	1821.35	0.0508641	11.7686
2019-10-14.12:19:56	86.7502	1826.51	0.0508168	11.7696
2019-10-14.12:19:57	86.728	1831.66	0.0507591	11.7697
2019-10-14.12:19:58	86.7104	1836.79	0.0505949	11.769
2019-10-14.12:19:59	86.6969	1841.9	0.0503335	11.7678
2019-10-14.12:20:00	86.6868	1846.99	0.0500513	11.7661
2019-10-14.12:20:01	86.6794	1852.08	0.0498198	11.7642
2019-10-14.12:20:02	86.6744	1857.15	0.0496586	11.762
2019-10-14.12:20:03	86.6719	1862.21	0.0495372	11.7595
2019-10-14.12:20:04	86.6716	1867.27	0.0494104	11.7566
2019-10-14.12:20:05	86.6734	1872.31	0.0492526	11.7535
2019-10-14.12:20:06	86.677	1877.35	0.0490693	11.75
2019-10-14.12:20:07	86.6822	1882.38	0.0488836	11.7464
2019-10-14.12:20:08	86.6887	1887.41	0.0487154	11.7426
2019-10-14.12:20:09	86.6964	1892.43	0.0485686	11.7387
2019-10-14.12:20:10	86.7052	1897.44	0.0484328	11.7348
2019-10-14.12:20:11	86.7148	1902.45	0.0482938	11.7315
2019-10-14.12:20:12	86.7249	1907.46	0.048144	11.7289
2019-10-14.12:20:13	86.7349	1912.46	0.047986	11.7273
2019-10-14.12:20:14	86.7442	1917.47	0.0478272	11.7265
2019-10-14.12:20:15	86.7526	1922.47	0.0476734	11.7264
2019-10-14.12:20:16	86.7599	1927.48	0.0475253	11.7266
2019-10-14.12:20:17	86.7661	1932.49	0.0473795	11.7267
2019-10-14.12:20:18	86.7715	1937.5	0.0472323	11.7263
2019-10-14.12:20:19	86.7765	1942.5	0.0470822	11.7252
2019-10-14.12:20:20	86.7816	1947.51	0.0469303	11.7232
2019-10-14.12:20:21	86.7871	1952.51	0.0467792	11.7204
2019-10-14.12:20:22	86.7936	1957.51	0.0466308	11.7169
2019-10-14.12:20:23	86.801	1962.51	0.0464851	11.7131
2019-10-14.12:20:24	86.8095	1967.5	0.046341	11.7094
2019-10-14.12:20:25	86.8188	1972.48	0.0461972	11.7061
2019-10-14.12:20:26	86.8285	1977.46	0.0460531	11.7034
2019-10-14.12:20:27	86.8383	1982.44	0.0459087	11.7016
2019-10-14.12:20:28	86.8475	1987.42	0.0457645	11.7006
2019-10-14.12:20:29	86.856	1992.4	0.0456208	11.7002
2019-10-14.12:20:30	86.8634	1997.38	0.0454775	11.7002
2019-10-14.12:20:31	86.8699	2002.37	0.0453343	11.7002
2019-10-14.12:20:32	86.8756	2007.35	0.0451909	11.6998
2019-10-14.12:20:33	86.8809	2012.33	0.0450476	11.6987
2019-10-14.12:20:34	86.8861	2017.31	0.0449047	11.6969
2019-10-14.12:20:35	86.8917	2022.29	0.0447625	11.6943
2019-10-14.12:20:36	86.898	2027.26	0.0446215	11.6911
2019-10-14.12:20:37	86.9053	2032.23	0.0444816	11.6876
2019-10-14.12:20:38	86.9135	2037.2	0.0443426	11.684
2019-10-14.12:20:39	86.9224	2042.16	0.0442044	11.6808
2019-10-14.12:20:40	86.9318	2047.12	0.0440668	11.6781
2019-10-14.12:20:41	86.9413	2052.07	0.0439296	11.6761
2019-10-14.12:20:42	86.9505	2057.03	0.0437925	11.6749
2019-10-14.12:20:43	86.9589	2061.98	0.0436555	11.6743
2019-10-14.12:20:44	86.9666	2066.94	0.0435186	11.6741
2019-10-14.12:20:45	86.9733	2071.89	0.0433816	11.6739
2019-10-14.12:20:46	86.9793	2076.85	0.0432446	11.6734
2019-10-14.12:20:47	86.9848	2081.81	0.043108	11.6724
2019-10-14.12:20:48	86.9902	2086.76	0.0429717	11.6708
2019-10-14.12:20:49	86.9958	2091.71	0.0428362	11.6684
2019-10-14.12:20:50	87.0021	2096.66	0.0427015	11.6655
2019-10-14.12:20:51	87.0091	2101.61	0.0425677	11.6622
2019-10-14.12:20:52	87.0171	2106.55	0.0424348	11.6588
2019-10-14.12:20:53	87.0257	2111.48	0.0423027	11.6556
2019-10-14.12:20:54	87.0348	2116.42	0.0421712	11.6529
2019-10-14.12:20:55	87.0441	2121.35	0.0420402	11.6508
2019-10-14.12:20:56	87.0531	2126.28	0.0419094	11.6494
2019-10-14.12:20:57	87.0616	2131.21	0.0417787	11.6486
2019-10-14.12:20:58	87.0693	2136.14	0.041648	11.6481
2019-10-14.12:20:59	87.0762	2141.07	0.0415173	11.6478
2019-10-14.12:21:00	87.0824	2146	0.0413867	11.6473
2019-10-14.12:21:01	87.0882	2150.93	0.0412563	11.6463
2019-10-14.12:21:02	87.0937	2155.86	0.0411263	11.6448
2019-10-14.12:21:03	87.0995	2160.78	0.0409969	11.6426
2019-10-14.12:21:04	87.1057	2165.71	0.0408682	11.6399
2019-10-14.12:21:05	87.1126	2170.63	0.0407404	11.6368
2019-10-14.12:21:06	87.1202	2175.54	0.0406134	11.6336
2019-10-14.12:21:07	87.1286	2180.46	0.0404871	11.6305
2019-10-14.12:21:08	87.1374	2185.37	0.0403615	11.6278
2019-10-14.12:21:09	87.1464	2190.27	0.0402364	11.6257
2019-10-14.12:21:10	87.1553	2195.18	0.0401115	11.6241
2019-10-14.12:21:11	87.1638	2200.08	0.0399867	11.6231
2019-10-14.12:21:12	87.1716	2204.99	0.039862	11.6224
2019-10-14.12:21:13	87.1787	2209.89	0.0397374	11.6219
2019-10-14.12:21:14	87.1852	2214.8	0.0396127	11.6213
2019-10-14.12:21:15	87.1911	2219.7	0.0394883	11.6204
2019-10-14.12:21:16	87.1968	2224.6	0.0393643	11.619
2019-10-14.12:21:17	87.2027	2229.5	0.0392407	11.617
2019-10-14.12:21:18	87.2088	2234.4	0.0391178	11.6145
2019-10-14.12:21:19	87.2156	2239.3	0.0389957	11.6116
2019-10-14.12:21:20	87.2231	2244.19	0.0388743	11.6086
2019-10-14.12:21:21	87.2311	2249.08	0.0387537	11.6056
2019-10-14.12:21:22	87.2397	2253.96	0.0386337	11.6029
2019-10-14.12:21:23	87.2485	2258.85	0.0385141	11.6006
2019-10-14.12:21:24	87.2572	2263.73	0.0383949	11.5989
2019-10-14.12:21:25	87.2657	2268.61	0.0382758	11.5977
2019-10-14.12:21:26	87.2736	2273.49	0.0381568	11.5969
2019-10-14.12:21:27	87.2808	2278.36	0.0380379	11.5963
2019-10-14.12:21:28	87.2874	2283.24	0.037919	11.5956
2019-10-14.12:21:29	87.2936	2288.12	0.0378003	11.5947
2019-10-14.12:21:30	87.2995	2293	0.0376819	11.5933
2019-10-14.12:21:31	87.3054	2297.88	0.0375639	11.5915
2019-10-14.12:21:32	87.3116	2302.75	0.0374466	11.5892
2019-10-14.12:21:33	87.3182	2307.62	0.0373299	11.5865
2019-10-14.12:21:34	87.3255	2312.49	0.0372139	11.5836
2019-10-14.12:21:35	87.3333	2317.35	0.0370986	11.5807
2019-10-14.12:21:36	87.3416	2322.21	0.036984	11.578
2019-10-14.12:21:37	87.3502	2327.07	0.0368697	11.5758
2019-10-14.12:21:38	87.3588	2331.93	0.0367559	11.5739
2019-10-14.12:21:39	87.3672	2336.78	0.0366422	11.5726
2019-10-14.12:21:40	87.3751	2341.64	0.0365287	11.5716
2019-10-14.12:21:41	87.3825	2346.49	0.0364152	11.5708
2019-10-14.12:21:42	87.3893	2351.34	0.0363018	11.5701
2019-10-14.12:21:43	87.3956	2356.2	0.0361885	11.5691
2019-10-14.12:21:44	87.4017	2361.05	0.0360755	11.5679
2019-10-14.12:21:45	87.4077	2365.9	0.0359629	11.5661
2019-10-14.12:21:46	87.4138	2370.75	0.0358508	11.564
2019-10-14.12:21:47	87.4204	2375.59	0.0357394	11.5615
2019-10-14.12:21:48	87.4275	2380.44	0.0356285	11.5588
2019-10-14.12:21:49	87.4351	2385.28	0.0355184	11.556
2019-10-14.12:21:50	87.4432	2390.11	0.0354088	11.5533
2019-10-14.12:21:51	87.4516	2394.95	0.0352997	11.551
2019-10-14.12:21:52	87.46	2399.78	0.0351909	11.5491
2019-10-14.12:21:53	87.4683	2404.61	0.0350824	11.5476
2019-10-14.12:21:54	87.4762	2409.44	0.034974	11.5465
2019-10-14.12:21:55	87.4837	2414.27	0.0348657	11.5456
2019-10-14.12:21:56	87.4907	2419.1	0.0347575	11.5447
2019-10-14.12:21:57	87.4972	2423.92	0.0346495	11.5438
2019-10-14.12:21:58	87.5034	2428.75	0.0345417	11.5425
2019-10-14.12:21:59	87.5095	2433.58	0.0344342	11.5409
2019-10-14.12:22:00	87.5157	2438.4	0.0343271	11.5389
2019-10-14.12:22:01	87.5222	2443.22	0.0342207	11.5366
2019-10-14.12:22:02	87.5291	2448.04	0.0341148	11.534
2019-10-14.12:22:03	87.5366	2452.85	0.0340095	11.5313
2019-10-14.12:22:04	87.5444	2457.67	0.0339048	11.5288
2019-10-14.12:22:05	87.5526	2462.48	0.0338005	11.5264
2019-10-14.12:22:06	87.5609	2467.28	0.0336967	11.5244
2019-10-14.12:22:07	87.5691	2472.09	0.033593	11.5228
2019-10-14.12:22:08	87.577	2476.89	0.0334896	11.5216
2019-10-14.12:22:09	87.5845	2481.7	0.0333863	11.5205
2019-10-14.12:22:10	87.5916	2486.5	0.033283	11.5196
2019-10-14.12:22:11	87.5983	2491.3	0.0331799	11.5186
2019-10-14.12:22:12	87.6046	2496.11	0.033077	11.5174
2019-10-14.12:22:13	87.6108	2500.91	0.0329744	11.5159
2019-10-14.12:22:14	87.6171	2505.71	0.0328722	11.514
2019-10-14.12:22:15	87.6235	2510.5	0.0327705	11.5118
2019-10-14.12:22:16	87.6304	2515.3	0.0326693	11.5094
2019-10-14.12:22:17	87.6376	2520.09	0.0325687	11.5068
2019-10-14.12:22:18	87.6453	2524.88	0.0324687	11.5043
2019-10-14.12:22:19	87.6532	2529.66	0.0323691	11.502
2019-10-14.12:22:20	87.6614	2534.44	0.0322698	11.4999
2019-10-14.12:22:21	87.6695	2539.22	0.0321709	11.4982
2019-10-14.12:22:22	87.6774	2544	0.0320721	11.4968
2019-10-14.12:22:23	87.685	2548.78	0.0319735	11.4957
2019-10-14.12:22:24	87.6922	2553.56	0.031875	11.4946
2019-10-14.12:22:25	87.6989	2558.34	0.0317766	11.4936
2019-10-14.12:22:26	87.7054	2563.12	0.0316784	11.4924
2019-10-14.12:22:27	87.7117	2567.89	0.0315805	11.491
2019-10-14.12:22:28	87.718	2572.67	0.0314829	11.4892
2019-10-14.12:22:29	87.7288	2577.44	0.0315324	11.4144
2019-10-14.12:22:30	87.8384	2582.06	0.0324204	10.9828
2019-10-14.12:22:31	88.1087	2586.27	0.0329593	10.7017
2019-10-14.12:22:32	88.5034	2590.16	0.0333063	10.3833
2019-10-14.12:22:33	89.014	2593.75	0.0335653	10.0857
2019-10-14.12:22:34	89.6212	2597.11	0.0340017	9.7951
2019-10-14.12:22:35	90.3116	2600.27	0.0347422	9.51318
2019-10-14.12:22:36	91.0737	2603.27	0.0357223	9.23677
2019-10-14.12:22:37	91.8998	2606.16	0.0367674	8.96445
2019-10-14.12:22:38	92.784	2608.95	0.0377365	8.69496
2019-10-14.12:22:39	93.7183	2611.66	0.0385957	8.42964
2019-10-14.12:22:40	94.6948	2614.32	0.0394235	8.16374
2019-10-14.12:22:41	95.7124	2616.94	0.0403013	7.89733
2019-10-14.12:22:42	96.7701	2619.52	0.0412373	7.63214
2019-10-14.12:22:43	97.8671	2622.07	0.0421868	7.36764
2019-10-14.12:22:44	98.9978	2624.58	0.0431074	7.10656
2019-10-14.12:22:45	100.164	2627	0.0438739	6.87782
2019-10-14.12:22:46	101.354	2629.29	0.0445339	6.65885
2019-10-14.12:22:47	102.566	2631.47	0.0451649	6.46178
2019-10-14.12:22:48	103.786	2633.55	0.0458426	6.27374
2019-10-14.12:22:49	105.014	2635.59	0.0465545	6.08645
2019-10-14.12:22:50	106.246	2637.63	0.0473028	5.88835
2019-10-14.12:22:51	107.483	2639.67	0.0479793	5.69679
2019-10-14.12:22:52	108.725	2641.7	0.0485678	5.50529
2019-10-14.12:22:53	109.974	2643.71	0.0491013	5.3168
2019-10-14.12:22:54	111.222	2645.71	0.0496205	5.13446
2019-10-14.12:22:55	112.467	2647.68	0.0501412	4.9539
2019-10-14.12:22:56	113.705	2649.63	0.0506342	4.77966
2019-10-14.12:22:57	114.935	2651.54	0.051082	4.60813
2019-10-14.12:22:58	116.158	2653.42	0.0514848	4.4413
2019-10-14.12:22:59	117.374	2655.25	0.0518612	4.27862
2019-10-14.12:23:00	118.585	2657.05	0.0522224	4.12037
2019-10-14.12:23:01	119.789	2658.79	0.0525653	3.96662
2019-10-14.12:23:02	120.987	2660.49	0.0528824	3.81735
2019-10-14.12:23:03	122.176	2662.15	0.0531718	3.67354
2019-10-14.12:23:04	123.353	2663.75	0.0534394	3.53451
2019-10-14.12:23:05	124.517	2665.31	0.0536898	3.40037
2019-10-14.12:23:06	125.668	2666.82	0.0539223	3.27061
2019-10-14.12:23:07	126.805	2668.28	0.0541342	3.14546
2019-10-14.12:23:08	127.93	2669.69	0.0543266	3.02478
2019-10-14.12:23:09	129.04	2671.06	0.0545026	2.90887
2019-10-14.12:23:10	129.569	2673.5	0.0496212	6.88117
2019-10-14.12:23:11	128.133	2683.53	0.0517266	6.931
2019-10-14.12:23:12	127.212	2693.5	0.0555694	6.73564
2019-10-14.12:23:13	126.112	2703.49	0.0538299	7.72826
2019-10-14.12:23:14	124.682	2714.9	0.0502667	8.34299
2019-10-14.12:23:15	123.049	2727.16	0.0495008	8.62712
2019-10-14.12:23:16	121.481	2739.38	0.0510712	8.48145
2019-10-14.12:23:17	120.143	2750.85	0.0516271	8.14043
2019-10-14.12:23:18	119.134	2761.18	0.0504949	7.61489
2019-10-14.12:23:19	118.304	2770.58	0.0475032	8.08406
2019-10-14.12:23:20	117.309	2780.36	0.0463486	8.33451
2019-10-14.12:23:21	116.271	2790.36	0.0470653	8.44676
2019-10-14.12:23:22	115.287	2800.23	0.0477667	8.38913
2019-10-14.12:23:23	114.448	2809.66	0.0472966	8.17487
2019-10-14.12:23:24	113.715	2818.62	0.0452988	8.42147
2019-10-14.12:23:25	112.931	2827.65	0.0440963	8.49888
2019-10-14.12:23:26	112.185	2836.58	0.0441976	8.45887
2019-10-14.12:23:27	111.491	2845.3	0.0442296	8.60107
2019-10-14.12:23:28	110.803	2853.97	0.0438512	8.62346
2019-10-14.12:23:29	110.139	2862.52	0.042888	8.72459
2019-10-14.12:23:30	109.485	2871.01	0.0420606	8.7827
2019-10-14.12:23:31	108.837	2879.41	0.0415601	8.85763
2019-10-14.12:23:32	108.202	2887.72	0.0412626	8.9294
2019-10-14.12:23:33	107.577	2895.95	0.0408731	8.99629
2019-10-14.12:23:34	106.965	2904.1	0.0402778	9.06651
2019-10-14.12:23:35	106.366	2912.16	0.0396096	9.13266
2019-10-14.12:23:36	105.778	2920.14	0.0390146	9.19977
2019-10-14.12:23:37	105.202	2928.03	0.0385303	9.26499
2019-10-14.12:23:38	104.638	2935.84	0.0380766	9.32984
2019-10-14.12:23:39	104.084	2943.57	0.0375752	9.39383
2019-10-14.12:23:40	103.54	2951.22	0.0370301	9.4498
2019-10-14.12:23:41	103.01	2958.83	0.0365102	9.49871
2019-10-14.12:23:42	102.492	2966.38	0.0360196	9.5475
2019-10-14.12:23:43	101.988	2973.87	0.0355454	9.59617
2019-10-14.12:23:44	101.496	2981.32	0.0350725	9.64249
2019-10-14.12:23:45	101.017	2988.71	0.0345881	9.68872
2019-10-14.12:23:46	100.551	2996.06	0.0341024	9.73326
2019-10-14.12:23:47	100.098	3003.35	0.033625	9.77708
2019-10-14.12:23:48	99.6577	3010.59	0.0331606	9.82022
2019-10-14.12:23:49	99.2296	3017.78	0.0327075	9.862
2019-10-14.12:23:50	98.8144	3024.92	0.0322604	9.90472
2019-10-14.12:23:51	98.4119	3031.97	0.0317651	9.95862
2019-10-14.12:23:52	98.0206	3038.94	0.0312668	10.0077
2019-10-14.12:23:53	97.641	3045.83	0.0307852	10.0573
2019-10-14.12:23:54	97.271	3052.63	0.0303362	10.1022
2019-10-14.12:23:55	96.9297	3059.33	0.0300876	10.0509
2019-10-14.12:23:56	96.6678	3065.8	0.0300046	9.90734
2019-10-14.12:23:57	96.5216	3071.93	0.0299628	9.69644
2019-10-14.12:23:58	96.511	3077.66	0.0298935	9.44706
2019-10-14.12:23:59	96.6367	3082.97	0.0298138	9.19386
2019-10-14.12:24:00	96.8804	3087.91	0.029781	8.9717
2019-10-14.12:24:01	97.2081	3092.56	0.0298262	8.81041
2019-10-14.12:24:02	97.5752	3097.07	0.0299261	8.73052
2019-10-14.12:24:03	97.9359	3101.58	0.0300993	8.69137
2019-10-14.12:24:04	98.3776	3106.03	0.0311304	8.2384
2019-10-14.12:24:05	98.9659	3110.07	0.0317283	7.99935
2019-10-14.12:24:06	99.6439	3113.83	0.0321225	7.69052
2019-10-14.12:24:07	100.42	3117.26	0.0322744	7.44873
2019-10-14.12:24:08	101.269	3120.44	0.0326299	7.18322
2019-10-14.12:24:09	102.182	3123.36	0.0331985	6.95476
2019-10-14.12:24:10	103.149	3126.08	0.0339152	6.73142
2019-10-14.12:24:11	104.155	3128.63	0.0345719	6.53081
2019-10-14.12:24:12	105.194	3131.04	0.0351102	6.33387
2019-10-14.12:24:13	106.257	3133.37	0.0356413	6.12983
2019-10-14.12:24:14	107.341	3135.65	0.036204	5.93528
2019-10-14.12:24:15	108.442	3137.88	0.0368017	5.74191
2019-10-14.12:24:16	109.56	3140.06	0.0373814	5.55328
2019-10-14.12:24:17	110.694	3142.19	0.0379116	5.36751
2019-10-14.12:24:18	111.839	3144.27	0.0383941	5.18826
2019-10-14.12:24:19	112.986	3146.31	0.0388603	5.01231
2019-10-14.12:24:20	114.134	3148.31	0.0393204	4.84255
2019-10-14.12:24:21	115.279	3150.26	0.039767	4.67619
2019-10-14.12:24:22	116.42	3152.16	0.0401826	4.51463
2019-10-14.12:24:23	117.559	3154.02	0.0405649	4.35711
2019-10-14.12:24:24	118.694	3155.82	0.0409232	4.20405
2019-10-14.12:24:25	119.825	3157.58	0.041267	4.05533
2019-10-14.12:24:26	120.952	3159.29	0.0415963	3.91092
2019-10-14.12:24:27	122.075	3160.95	0.0419059	3.77083
2019-10-14.12:24:28	123.19	3162.56	0.0421924	3.63614
2019-10-14.12:24:29	124.293	3164.12	0.0424602	3.50553
2019-10-14.12:24:30	125.386	3165.63	0.042712	3.37959
2019-10-14.12:24:31	126.467	3167.1	0.0429481	3.25773
2019-10-14.12:24:32	127.535	3168.52	0.0431668	3.14006
2019-10-14.12:24:33	128.592	3169.89	0.0433688	3.02651
2019-10-14.12:24:34	129.636	3171.21	0.0435561	2.91693
[State]	Cruise
2019-10-14.12:24:35	130.668	3172.49	0.0437302	2.81124
2019-10-14.12:24:36	131.686	3173.73	0.0438912	2.70935
2019-10-14.12:24:37	132.691	3174.92	0.0440389	2.61112
2019-10-14.12:24:38	133.682	3176.07	0.0441742	2.51648
2019-10-14.12:24:39	134.658	3177.18	0.0442977	2.42559
2019-10-14.12:24:40	135.617	3178.25	0.0444096	2.33846
2019-10-14.12:24:41	136.557	3179.28	0.0445105	2.25476
2019-10-14.12:24:42	137.478	3180.28	0.0446002	2.17417
2019-10-14.12:24:43	138.381	3181.24	0.0446789	2.09673
2019-10-14.12:24:44	139.263	3182.16	0.0447523	2.02181
2019-10-14.12:24:45	140.124	3183.04	0.0448133	1.95049
2019-10-14.12:24:46	140.964	3183.9	0.0448636	1.88195
2019-10-14.12:24:47	141.783	3184.71	0.0449041	1.81618
2019-10-14.12:24:48	142.582	3185.5	0.0449362	1.75324
2019-10-14.12:24:49	143.354	3186.25	-0.443358	1.66668
2019-10-14.12:24:50	144.373	3185.24	-9.15286	-2.02045
2019-10-14.12:24:51	145.763	3178.73	-17.5241	-0.606107
2019-10-14.12:24:52	146.428	3173.58	-25.8943	-1.07353
2019-10-14.12:24:53	147.783	3166.06	-30.0767	-2.14781
2019-10-14.12:24:54	148.935	3157.78	-30.0962	-1.41804
2019-10-14.12:24:55	149.702	3151.54	-30.0947	-1.48615
2019-10-14.12:24:56	150.593	3144.87	-30.0882	-1.59344
2019-10-14.12:24:57	151.524	3137.44	-30.0866	-1.83959
2019-10-14.12:24:58	152.523	3129.49	-30.0876	-2.16427
2019-10-14.12:24:59	153.54	3121.21	-30.0868	-2.24166
2019-10-14.12:25:00	154.469	3112.87	-30.0851	-2.11025
2019-10-14.12:25:01	155.259	3104.81	-30.0853	-1.9672
2019-10-14.12:25:02	155.902	3097.25	-30.0865	-1.80347
2019-10-14.12:25:03	156.376	3090.34	-30.0873	-1.53148
2019-10-14.12:25:04	156.65	3084.23	-30.0879	-1.21886
2019-10-14.12:25:05	156.891	3078.51	-30.0859	-1.4648
2019-10-14.12:25:06	157.229	3072.3	-30.0849	-1.64454
2019-10-14.12:25:07	157.63	3065.66	-30.0839	-1.79286
2019-10-14.12:25:08	158.067	3058.69	-30.0829	-1.88903
2019-10-14.12:25:09	158.514	3051.51	-30.0822	-1.94094
2019-10-14.12:25:10	158.948	3044.25	-30.0818	-1.95478
2019-10-14.12:25:11	159.349	3037.02	-30.0815	-1.92628
2019-10-14.12:25:12	159.698	3029.93	-30.0813	-1.85667
2019-10-14.12:25:13	159.968	3023.12	-26.8107	-1.71846
2019-10-14.12:25:14	160.053	3017.64	-20.8222	-1.84627
2019-10-14.12:25:15	160.344	3012.3	-16.9526	-2.34188
2019-10-14.12:25:16	160.709	3006.3	-14.2184	-2.2471
2019-10-14.12:25:17	160.964	3000.51	-11.4399	-2.10713
2019-10-14.12:25:18	161.122	2995.42	-8.86995	-1.88439
2019-10-14.12:25:19	161.221	2990.9	-7.32926	-2.13083
2019-10-14.12:25:20	161.423	2985.82	-6.27095	-2.27913
2019-10-14.12:25:21	161.682	2980.29	-5.00043	-2.43728
2019-10-14.12:25:22	162.028	2974.42	-3.85689	-2.56727
2019-10-14.12:25:23	162.398	2968.32	-3.2332	-2.61093
2019-10-14.12:25:24	162.734	2962.15	-2.7673	-2.59933
2019-10-14.12:25:25	163.034	2956.04	-2.15249	-2.57346
2019-10-14.12:25:26	163.314	2950.06	-1.64786	-2.52634
2019-10-14.12:25:27	163.538	2944.27	-1.40895	-2.43912
2019-10-14.12:25:28	163.678	2938.76	-1.19338	-2.32544
2019-10-14.12:25:29	163.75	2933.58	-0.894018	-2.20866
2019-10-14.12:25:30	163.765	2928.76	-0.682499	-2.08857
2019-10-14.12:25:31	163.708	2924.28	-0.596466	-1.98819
2019-10-14.12:25:32	163.659	2919.88	-0.504853	-2.12603
2019-10-14.12:25:33	163.679	2915.15	-0.366414	-2.24093
2019-10-14.12:25:34	163.764	2910.11	-0.272304	-2.35365
2019-10-14.12:25:35	163.899	2904.76	-0.239206	-2.45364
2019-10-14.12:25:36	164.07	2899.14	-0.191674	-2.53958
2019-10-14.12:25:37	164.274	2893.3	-0.123398	-2.6127
2019-10-14.12:25:38	164.5	2887.28	-0.0866534	-2.66878
2019-10-14.12:25:39	164.734	2881.13	-0.0750495	-2.70396
2019-10-14.12:25:40	164.963	2874.91	-0.0486521	-2.71983
2019-10-14.12:25:41	165.181	2868.67	-0.0162234	-2.71856
2019-10-14.12:25:42	165.38	2862.47	-0.0037376	-2.69966
2019-10-14.12:25:43	165.548	2856.34	0.0009249	-2.66398
2019-10-14.12:25:44	165.682	2850.34	0.0158386	-2.61522
2019-10-14.12:25:45	165.778	2844.5	0.0300808	-2.55657
2019-10-14.12:25:46	165.834	2838.84	0.0332359	-2.48991
2019-10-14.12:25:47	165.849	2833.38	0.0357295	-2.41815
2019-10-14.12:25:48	165.824	2828.13	0.0438162	-2.34516
2019-10-14.12:25:49	165.762	2823.1	0.0492915	-2.27384
2019-10-14.12:25:50	165.667	2818.26	0.0494689	-2.20632
2019-10-14.12:25:51	165.545	2813.6	0.0510776	-2.14508
2019-10-14.12:25:52	165.4	2809.11	0.0551372	-2.09248
2019-10-14.12:25:53	165.242	2804.75	0.05667	-2.06835
2019-10-14.12:25:54	165.103	2800.39	0.0523666	-2.11546
2019-10-14.12:25:55	164.997	2795.89	0.0529586	-2.16394
2019-10-14.12:25:56	164.927	2791.24	0.0583222	-2.21871
2019-10-14.12:25:57	164.892	2786.43	0.0589375	-2.27673
2019-10-14.12:25:58	164.891	2781.45	0.0566245	-2.33493
2019-10-14.12:25:59	164.92	2776.3	0.0580528	-2.3912
2019-10-14.12:26:00	164.977	2771	0.0608359	-2.44355
2019-10-14.12:26:01	165.056	2765.56	0.0605412	-2.48973
2019-10-14.12:26:02	165.152	2760	0.0596553	-2.52803
2019-10-14.12:26:03	165.259	2754.35	0.0609943	-2.55755
2019-10-14.12:26:04	165.373	2748.62	0.0622793	-2.57762
2019-10-14.12:26:05	165.486	2742.85	0.0618557	-2.58775
2019-10-14.12:26:06	165.594	2737.07	0.0616657	-2.58805
2019-10-14.12:26:07	165.691	2731.3	0.0625705	-2.57918
2019-10-14.12:26:08	165.776	2725.58	0.0630104	-2.56196
2019-10-14.12:26:09	165.843	2719.91	0.0626427	-2.53743
2019-10-14.12:26:10	165.89	2714.33	0.0626624	-2.50694
2019-10-14.12:26:11	165.916	2708.84	0.0631053	-2.47207
2019-10-14.12:26:12	165.922	2703.46	0.0631074	-2.43436
2019-10-14.12:26:13	165.906	2698.19	0.0628101	-2.39535
2019-10-14.12:26:14	165.871	2693.03	0.0628211	-2.35662
2019-10-14.12:26:15	165.818	2687.98	0.0629367	-2.31963
2019-10-14.12:26:16	165.749	2683.03	0.0627669	-2.28561
2019-10-14.12:26:17	165.669	2678.18	0.0625419	-2.25565
2019-10-14.12:26:18	165.579	2673.4	0.0625129	-2.23062
2019-10-14.12:26:19	165.484	2668.69	0.0624793	-2.21113
2019-10-14.12:26:20	165.386	2664.02	0.0623064	-2.1975
2019-10-14.12:26:21	165.29	2659.38	0.0621732	-2.18984
2019-10-14.12:26:22	165.199	2654.75	0.0621535	-2.188
2019-10-14.12:26:23	165.114	2650.12	0.0621121	-2.19161
2019-10-14.12:26:24	165.038	2645.47	0.0620245	-2.2001
2019-10-14.12:26:25	164.974	2640.79	0.0619968	-2.21272
2019-10-14.12:26:26	164.922	2636.07	0.0620302	-2.22864
2019-10-14.12:26:27	164.882	2631.3	0.062048	-2.24691
2019-10-14.12:26:28	164.856	2626.47	0.0620611	-2.26657
2019-10-14.12:26:29	164.847	2621.58	0.631407	-2.28569
2019-10-14.12:26:30	165.2	2616.31	8.99777	-2.24199
2019-10-14.12:26:31	166.166	2609.49	17.0699	-1.7186
2019-10-14.12:26:32	167.408	2602.19	25.0941	-0.941747
2019-10-14.12:26:33	169.23	2594.01	30.0474	-0.477866
2019-10-14.12:26:34	170.887	2586.75	30.0564	0.0668595
2019-10-14.12:26:35	172.318	2580.94	30.0543	-0.434494
2019-10-14.12:26:36	173.909	2573.97	30.0512	-0.734347
2019-10-14.12:26:37	175.566	2566.01	30.0507	-0.872472
2019-10-14.12:26:38	177.088	2558.18	30.0522	-0.637131
2019-10-14.12:26:39	178.362	2551.28	30.053	-0.259063
2019-10-14.12:26:40	179.354	2545.59	30.0534	-0.149481
2019-10-14.12:26:41	180.402	2539.73	30.0525	-0.518317
2019-10-14.12:26:42	181.542	2533.04	30.0513	-0.739519
2019-10-14.12:26:43	182.712	2525.77	30.0503	-0.864647
2019-10-14.12:26:44	183.87	2518.19	30.0501	-0.930529
2019-10-14.12:26:45	184.977	2510.56	30.05	-0.909539
2019-10-14.12:26:46	185.988	2503.13	30.0501	-0.802089
2019-10-14.12:26:47	186.871	2496.15	30.0505	-0.633931
2019-10-14.12:26:48	187.6	2489.81	30.0512	-0.408772
2019-10-14.12:26:49	188.156	2484.31	30.0518	-0.193359
2019-10-14.12:26:50	188.706	2478.98	30.0508	-0.481326
2019-10-14.12:26:51	189.35	2472.98	30.0499	-0.670213
2019-10-14.12:26:52	190.048	2466.43	30.049	-0.804977
2019-10-14.12:26:53	190.774	2459.5	30.0485	-0.901859
2019-10-14.12:26:54	191.501	2452.34	30.0482	-0.949016
2019-10-14.12:26:55	192.202	2445.11	30.0479	-0.943873
2019-10-14.12:26:56	192.854	2437.96	30.0453	-0.896217
2019-10-14.12:26:57	193.42	2431.32	24.7248	-0.720336
2019-10-14.12:26:58	193.807	2426.39	20.5638	-0.898352
2019-10-14.12:26:59	194.392	2420.49	17.7091	-1.35955
2019-10-14.12:27:00	195.057	2413.56	14.7861	-1.07985
2019-10-14.12:27:01	195.47	2408.15	12.2415	-0.559207
2019-10-14.12:27:02	195.818	2403.4	10.5458	-1.23333
[State]	Descent
2019-10-14.12:27:03	196.448	2396.8	8.92363	-1.34422
2019-10-14.12:27:04	196.881	2390.92	7.44326	-0.708279
2019-10-14.12:27:05	197.118	2386.43	6.35014	-1.19138
2019-10-14.12:27:06	197.689	2380.05	5.36503	-1.42751
2019-10-14.12:27:07	198.053	2374.26	4.53718	-0.632104
2019-10-14.12:27:08	198.268	2369.65	3.83893	-1.38688
2019-10-14.12:27:09	198.803	2363.01	3.19626	-1.07603
2019-10-14.12:27:10	198.949	2358.26	2.79729	-0.958959
2019-10-14.12:27:11	199.376	2352.37	2.27224	-1.55904
2019-10-14.12:27:12	199.608	2346.78	1.95007	-0.591336
2019-10-14.12:27:13	199.9	2341.51	1.6615	-1.74951
2019-10-14.12:27:14	200.16	2335.66	1.36676	-0.537743
2019-10-14.12:27:15	200.45	2330.32	1.15247	-1.70109
2019-10-14.12:27:16	200.592	2324.92	0.999025	-0.872278
2019-10-14.12:27:17	200.982	2318.81	0.776796	-0.970083
2019-10-14.12:27:18	201.032	2314.13	0.693593	-1.95354
2019-10-14.12:27:19	201.22	2308.33	0.585664	-0.805976
2019-10-14.12:27:20	201.52	2302.23	0.447878	0.266764
2019-10-14.12:27:21	201.768	2296.42	0.347316	0.641339
2019-10-14.12:27:22	201.915	2290.6	0.271116	1.80123
2019-10-14.12:27:23	201.522	2284.76	0.23303	4.64215
2019-10-14.12:27:24	199.856	2279.68	0.322174	6.3454
2019-10-14.12:27:25	197.739	2275.92	0.494625	3.92712
2019-10-14.12:27:26	195.646	2272.52	0.566508	1.84268
2019-10-14.12:27:27	193.678	2268.86	0.570057	0.538348
2019-10-14.12:27:28	191.864	2264.87	0.606085	-0.186237
2019-10-14.12:27:29	190.199	2260.59	0.629422	-0.424808
2019-10-14.12:27:30	188.676	2256.04	0.616558	-0.23412
2019-10-14.12:27:31	187.281	2251.24	0.609701	0.353307
2019-10-14.12:27:32	185.994	2246.24	0.604482	1.36208
2019-10-14.12:27:33	184.772	2241.24	0.580272	2.73742
2019-10-14.12:27:34	183.594	2236.39	0.542338	4.43206
2019-10-14.12:27:35	182.463	2231.76	0.498379	6.37759
2019-10-14.12:27:36	181.401	2227.36	0.443211	8.4302
2019-10-14.12:27:37	180.452	2223.25	0.37726	10.2983
2019-10-14.12:27:38	179.642	2219.49	0.308256	11.5563
2019-10-14.12:27:39	178.937	2216.16	0.242223	11.7741
2019-10-14.12:27:40	178.282	2213.33	0.185114	10.5237
2019-10-14.12:27:41	177.608	2211.08	0.148348	7.55661
2019-10-14.12:27:42	176.813	2209.44	0.144393	3.12962
2019-10-14.12:27:43	175.766	2208.33	0.180394	-1.88081
2019-10-14.12:27:44	174.483	2207.58	0.258033	-6.47398
2019-10-14.12:27:45	173.166	2206.89	0.366766	-9.529
2019-10-14.12:27:46	171.965	2205.94	0.480104	-10.2982
2019-10-14.12:27:47	170.938	2204.53	0.562766	-8.57787
2019-10-14.12:27:48	170.112	2202.54	0.587096	-4.62769
2019-10-14.12:27:49	169.444	2199.98	0.545726	0.634717
2019-10-14.12:27:50	168.851	2197.04	0.442447	6.19731
2019-10-14.12:27:51	168.485	2194.23	0.304077	10.5732
2019-10-14.12:27:52	168.431	2192.16	0.169969	11.6591
2019-10-14.12:27:53	168.36	2191.21	0.0835393	8.15665
2019-10-14.12:27:54	167.925	2191.4	0.0837718	1.21509
2019-10-14.12:27:55	166.89	2192.25	0.182855	-5.60339
2019-10-14.12:27:56	165.739	2192.92	0.343368	-9.07791
2019-10-14.12:27:57	164.84	2192.66	0.479052	-7.88609
2019-10-14.12:27:58	164.277	2191.25	0.515326	-2.73171
2019-10-14.12:27:59	163.923	2188.84	0.439724	4.08754
2019-10-14.12:28:00	163.775	2186.21	0.28735	9.84277
2019-10-14.12:28:01	164.018	2184.45	0.126822	11.3307
2019-10-14.12:28:02	164.185	2184.24	0.0344533	6.58662
2019-10-14.12:28:03	163.735	2185.43	0.0692407	-1.50118
2019-10-14.12:28:04	162.723	2186.96	0.221849	-7.30905
2019-10-14.12:28:05	161.896	2187.55	0.385217	-7.3843
2019-10-14.12:28:06	161.503	2186.66	0.441229	-2.33345
2019-10-14.12:28:07	161.383	2184.55	0.364472	4.63737
2019-10-14.12:28:08	161.539	2182.3	0.204042	9.92587
2019-10-14.12:28:09	162.029	2181.22	0.0498059	9.74467
2019-10-14.12:28:10	162.733	2179.63	-0.100068	1.54121
2019-10-14.12:28:11	163.02	2176.44	0.0365411	-6.69463
2019-10-14.12:28:12	163.21	2171.87	0.320355	-10.1967
2019-10-14.12:28:13	163.701	2165.76	0.406628	-8.34347
2019-10-14.12:28:14	164.458	2158.31	0.375985	-3.05837
2019-10-14.12:28:15	165.268	2150.04	0.345086	3.06306
2019-10-14.12:28:16	166.172	2141.7	0.251552	7.96805
2019-10-14.12:28:17	167.293	2134.05	0.10063	9.52414
2019-10-14.12:28:18	168.329	2127.53	-0.0035801	6.4589
2019-10-14.12:28:19	168.971	2122.08	0.0063709	0.0101635
2019-10-14.12:28:20	169.004	2117.24	0.0950631	-6.55095
2019-10-14.12:28:21	168.804	2112.31	0.218236	-10.6748
2019-10-14.12:28:22	168.715	2106.77	0.360622	-11.2797
2019-10-14.12:28:23	168.815	2100.43	0.46754	-8.74568
2019-10-14.12:28:24	169.08	2093.34	0.486475	-4.10058
2019-10-14.12:28:25	169.407	2085.66	0.431943	1.18896
2019-10-14.12:28:26	169.769	2077.79	0.335426	6.18631
2019-10-14.12:28:27	170.327	2070.19	0.222052	9.48722
2019-10-14.12:28:28	171.05	2063.24	0.114349	9.81857
2019-10-14.12:28:29	171.688	2057.1	0.0440634	6.71044
2019-10-14.12:28:30	172.054	2051.73	0.0358935	1.10653
2019-10-14.12:28:31	171.965	2046.84	0.0915901	-4.86897
2019-10-14.12:28:32	171.605	2042.04	0.19845	-9.47688
2019-10-14.12:28:33	171.279	2036.9	0.328168	-11.5802
2019-10-14.12:28:34	171.08	2031.2	0.442358	-11.0344
2019-10-14.12:28:35	171.044	2024.87	0.507354	-8.24877
2019-10-14.12:28:36	171.14	2017.96	0.513963	-3.99745
2019-10-14.12:28:37	171.288	2010.58	0.468718	0.725253
2019-10-14.12:28:38	171.459	2002.99	0.38174	5.35181
2019-10-14.12:28:39	171.778	1995.54	0.274592	8.8989
2019-10-14.12:28:40	172.3	1988.53	0.170402	10.2219
2019-10-14.12:28:41	172.839	1982.17	0.0904236	8.703
2019-10-14.12:28:42	173.235	1976.47	0.0527939	4.49077
2019-10-14.12:28:43	173.325	1971.33	0.0679862	-1.09225
2019-10-14.12:28:44	173.039	1966.48	0.136266	-6.41011
2019-10-14.12:28:45	172.611	1961.59	0.244825	-10.2016
2019-10-14.12:28:46	172.253	1956.35	0.364558	-11.7382
2019-10-14.12:28:47	172.015	1950.59	0.464664	-10.999
2019-10-14.12:28:48	171.927	1944.28	0.521754	-8.33139
2019-10-14.12:28:49	171.957	1937.45	0.528976	-4.37019
2019-10-14.12:28:50	172.045	1930.19	0.489074	0.0540202
2019-10-14.12:28:51	172.149	1922.69	0.410115	4.48974
2019-10-14.12:28:52	172.365	1915.23	0.309851	8.19747
2019-10-14.12:28:53	172.782	1908.12	0.20792	10.1183
2019-10-14.12:28:54	173.277	1901.54	0.12218	9.58194
2019-10-14.12:28:55	173.69	1895.57	0.0695845	6.42605
2019-10-14.12:28:56	173.891	1890.15	0.0625424	1.42306
2019-10-14.12:28:57	173.742	1885.14	0.104784	-3.95042
2019-10-14.12:28:58	173.341	1880.23	0.191555	-8.47118
2019-10-14.12:28:59	172.923	1875.14	0.303191	-11.183
2019-10-14.12:29:00	172.599	1869.64	0.413282	-11.7592
2019-10-14.12:29:01	172.403	1863.65	0.495681	-10.3372
2019-10-14.12:29:02	172.34	1857.15	0.5343	-7.29964
2019-10-14.12:29:03	172.378	1850.18	0.527666	-3.30966
2019-10-14.12:29:04	172.448	1842.85	0.479354	0.980421
2019-10-14.12:29:05	172.543	1835.34	0.397229	5.18919
2019-10-14.12:29:06	172.764	1827.93	0.298701	8.56427
2019-10-14.12:29:07	173.174	1820.86	0.201407	10.1645
2019-10-14.12:29:08	173.639	1814.3	0.120942	9.43328
2019-10-14.12:29:09	174.023	1808.3	0.0722004	6.27628
2019-10-14.12:29:10	174.206	1802.82	0.0660761	1.42453
2019-10-14.12:29:11	174.061	1797.71	0.10592	-3.77543
2019-10-14.12:29:12	173.648	1792.82	0.192675	-8.09477
2019-10-14.12:29:13	173.128	1788.15	0.305876	-10.7276
2019-10-14.12:29:14	172.603	1783.63	0.412326	-11.3646
2019-10-14.12:29:15	172.109	1779.17	0.495163	-10.0422
2019-10-14.12:29:16	171.682	1774.69	0.541293	-7.00048
2019-10-14.12:29:17	171.313	1770.13	0.538458	-2.76812
2019-10-14.12:29:18	170.95	1765.52	0.485543	1.94218
2019-10-14.12:29:19	170.595	1761.04	0.392492	6.63297
2019-10-14.12:29:20	170.392	1756.97	0.279774	10.2078
[State]	Landing
2019-10-14.12:29:21	170.394	1753.65	0.169069	11.3289
2019-10-14.12:29:22	170.385	1751.32	0.0870713	9.11656
2019-10-14.12:29:23	170.163	1750.01	0.0616853	3.83596
2019-10-14.12:29:24	169.484	1749.53	0.108382	-2.48678
2019-10-14.12:29:25	168.447	1749.41	0.222265	-7.57951
2019-10-14.12:29:26	167.442	1749.05	0.365219	-9.63043
2019-10-14.12:29:27	166.634	1748.04	0.479154	-8.15839
2019-10-14.12:29:28	166.077	1746.23	0.516333	-3.69215
2019-10-14.12:29:29	165.687	1743.68	0.466665	2.257
2019-10-14.12:29:30	165.404	1740.82	0.346923	8.00091
2019-10-14.12:29:31	165.429	1738.38	0.201038	11.3045
2019-10-14.12:29:32	165.623	1737.03	0.080143	10.0619
2019-10-14.12:29:33	165.578	1736.99	0.0374916	4.04309
2019-10-14.12:29:34	164.903	1737.95	0.103186	-3.35891
2019-10-14.12:29:35	163.872	1739.01	0.257871	-8.1407
2019-10-14.12:29:36	163.039	1739.25	0.411163	-8.00477
2019-10-14.12:29:37	162.567	1738.27	0.47143	-3.42534
2019-10-14.12:29:38	162.351	1736.19	0.414419	3.21937
2019-10-14.12:29:39	162.326	1733.78	0.272414	9.04125
2019-10-14.12:29:40	162.671	1732.13	0.114297	10.9219
2019-10-14.12:29:41	162.983	1731.96	0.0158509	6.83979
2019-10-14.12:29:42	162.735	1733.18	0.0366643	-0.767949
2019-10-14.12:29:43	161.908	1734.81	0.173227	-6.57358
2019-10-14.12:29:44	161.197	1735.63	0.332312	-7.0651
2019-10-14.12:29:45	160.895	1735.03	0.400055	-2.60159
2019-10-14.12:29:46	160.864	1733.21	0.343187	3.923
2019-10-14.12:29:47	161.066	1731.14	0.199737	9.22389
2019-10-14.12:29:48	161.597	1730.01	0.0498675	9.85037
2019-10-14.12:29:49	161.94	1730.48	-0.0220237	4.47944
2019-10-14.12:29:50	161.585	1732.14	0.0358895	-2.83506
2019-10-14.12:29:51	160.875	1733.76	0.191185	-6.76827
2019-10-14.12:29:52	160.44	1734.19	0.323331	-5.02295
2019-10-14.12:29:53	160.394	1733.14	0.3398	0.625012
2019-10-14.12:29:54	160.55	1731.23	0.241434	6.75651
2019-10-14.12:29:55	161.021	1729.66	0.0905981	9.92353
2019-10-14.12:29:56	161.584	1729.48	-0.0248166	7.25994
2019-10-14.12:29:57	161.638	1730.79	-0.0277604	0.289771
2019-10-14.12:29:58	161.056	1732.65	0.0931548	-5.49675
2019-10-14.12:29:59	160.514	1733.75	0.250095	-6.10333
2019-10-14.12:30:00	160.376	1733.36	0.321852	-1.78131
2019-10-14.12:30:01	160.488	1731.76	0.271051	4.4069
2019-10-14.12:30:02	160.842	1729.98	0.135923	9.12135
2019-10-14.12:30:03	161.458	1729.23	-0.0008398	8.91424
2019-10-14.12:30:04	161.791	1730.04	-0.0533077	3.13458
2019-10-14.12:30:05	161.413	1731.85	0.0222971	-3.63667
2019-10-14.12:30:06	160.8	1733.4	0.180379	-6.48596
2019-10-14.12:30:07	160.505	1733.64	0.297463	-3.89361
2019-10-14.12:30:08	160.542	1732.47	0.296906	1.91324
2019-10-14.12:30:09	160.773	1730.64	0.19011	7.61098
2019-10-14.12:30:10	161.316	1729.35	0.0455792	9.73557
2019-10-14.12:30:11	161.83	1729.52	-0.0502037	6.00611
2019-10-14.12:30:12	161.745	1731.05	-0.028479	-1.01521
2019-10-14.12:30:13	161.134	1732.87	0.107522	-5.98925
2019-10-14.12:30:14	160.656	1733.74	0.257921	-5.62084
2019-10-14.12:30:15	160.568	1733.14	0.311979	-0.794325
2019-10-14.12:30:16	160.695	1731.46	0.247107	5.3305
2019-10-14.12:30:17	161.083	1729.77	0.109031	9.48523
2019-10-14.12:30:18	161.678	1729.24	-0.0191558	8.42884
2019-10-14.12:30:19	161.914	1730.23	-0.0547632	2.1988
2019-10-14.12:30:20	161.447	1732.09	0.0366008	-4.31591
2019-10-14.12:30:21	160.833	1733.51	0.197614	-6.51068
2019-10-14.12:30:22	160.569	1733.58	0.304629	-3.40354
2019-10-14.12:30:23	160.609	1732.29	0.291961	2.55351
2019-10-14.12:30:24	160.848	1730.44	0.17766	8.08115
2019-10-14.12:30:25	161.403	1729.27	0.0338893	9.70877
2019-10-14.12:30:26	161.871	1729.58	-0.0532693	5.45982
2019-10-14.12:30:27	161.706	1731.18	-0.0194334	-1.62005
2019-10-14.12:30:28	161.069	1732.97	0.123937	-6.22426
2019-10-14.12:30:29	160.612	1733.72	0.270046	-5.38705
2019-10-14.12:30:30	160.544	1732.99	0.313606	-0.292025
2019-10-14.12:30:31	160.681	1731.26	0.239324	5.82251
2019-10-14.12:30:32	161.095	1729.63	0.0979331	9.65423
2019-10-14.12:30:33	161.681	1729.22	-0.0258944	8.0719
2019-10-14.12:30:34	161.859	1730.34	-0.0507912	1.57428
2019-10-14.12:30:35	161.349	1732.21	0.0507548	-4.73443
2019-10-14.12:30:36	160.751	1733.54	0.212174	-6.42705
