DateTime	ASI:airspeed	Altimeter:altitude	RC:roll	HI:heading
[State]	Standing
2019-10-14.10:09:37	0.474726	1654.61	-0.0010306	0.0033878
[State]	Taxiing
2019-10-14.10:09:38	0.0697241	1654.77	-0.0293537	0.357484
2019-10-14.10:09:39	0.110837	1654.78	-0.0431497	-0.211024
2019-10-14.10:09:40	2.21836	1654.79	-0.137093	-0.0126075
2019-10-14.10:09:41	5.76195	1654.79	-0.179596	0.182399
2019-10-14.10:09:42	9.64803	1654.79	-0.198347	0.259634
2019-10-14.10:09:43	13.5544	1654.79	-0.280961	0.308572
2019-10-14.10:09:44	17.3729	1654.79	-0.52969	0.376119
2019-10-14.10:09:45	21.1359	1654.79	-0.907562	0.500027
2019-10-14.10:09:46	24.8354	1654.79	-1.27956	0.585927
2019-10-14.10:09:47	28.4594	1654.8	-1.57068	0.624382
2019-10-14.10:09:48	32.0135	1654.8	-1.74564	0.636015
2019-10-14.10:09:49	35.4527	1654.8	-1.91372	0.676615
2019-10-14.10:09:50	38.7594	1654.8	-2.05023	0.715643
2019-10-14.10:09:51	41.9455	1654.81	-2.13466	0.750983
2019-10-14.10:09:52	45.0359	1654.81	-2.16801	0.790854
2019-10-14.10:09:53	48.0613	1654.82	-2.15483	0.840069
2019-10-14.10:09:54	51.0508	1654.82	-2.08225	0.901555
2019-10-14.10:09:55	54.0268	1654.82	-1.97118	0.963795
2019-10-14.10:09:56	57.0046	1654.83	-1.83339	1.02533
2019-10-14.10:09:57	59.9949	1654.83	-1.67502	1.08735
2019-10-14.10:09:58	63.0054	1654.84	-1.49972	1.15057
2019-10-14.10:09:59	66.0417	1654.84	-1.30978	1.21518
2019-10-14.10:10:00	69.1082	1654.85	-1.10694	1.2811
2019-10-14.10:10:01	72.2077	1654.86	-0.892658	1.34815
2019-10-14.10:10:02	75.3421	1654.86	-0.668279	1.4161
2019-10-14.10:10:03	78.5121	1654.87	-0.43513	1.48467
2019-10-14.10:10:04	81.7181	1654.88	-0.203177	1.55252
2019-10-14.10:10:05	84.9958	1654.89	-0.137403	1.61437
2019-10-14.10:10:06	88.3373	1654.92	-0.028272	2.86307
[State]	TakeOff
2019-10-14.10:10:07	91.1396	1655.6	0.0318649	11.6733
2019-10-14.10:10:08	91.1019	1662.36	0.0353613	12.0407
2019-10-14.10:10:09	90.64	1670.44	0.0565987	11.5332
2019-10-14.10:10:10	90.3125	1677.53	0.0748993	11.1422
2019-10-14.10:10:11	90.1144	1683.93	0.0769961	11.4735
2019-10-14.10:10:12	89.8385	1690.39	0.0661111	11.5269
2019-10-14.10:10:13	89.6	1696.8	0.0540222	11.4375
2019-10-14.10:10:14	89.3829	1703.01	0.0489986	11.4836
2019-10-14.10:10:15	89.1344	1709.16	0.0522131	11.5268
2019-10-14.10:10:16	88.899	1715.24	0.0585459	11.5601
2019-10-14.10:10:17	88.6896	1721.27	0.0622102	11.5863
2019-10-14.10:10:18	88.5107	1727.24	0.0611233	11.5997
2019-10-14.10:10:19	88.3474	1733.15	0.0571746	11.6123
2019-10-14.10:10:20	88.1867	1739	0.0536905	11.6276
2019-10-14.10:10:21	88.0233	1744.79	0.0526632	11.6472
2019-10-14.10:10:22	87.8613	1750.53	0.0537835	11.6676
[State]	Climb
2019-10-14.10:10:23	87.708	1756.22	0.0553532	11.6856
2019-10-14.10:10:24	87.5687	1761.86	0.0558877	11.6992
2019-10-14.10:10:25	87.4467	1767.45	0.055079	11.7082
2019-10-14.10:10:26	87.3392	1772.98	0.0536265	11.7186
2019-10-14.10:10:27	87.2419	1778.46	0.0524834	11.7284
2019-10-14.10:10:28	87.1529	1783.88	0.0521129	11.7382
2019-10-14.10:10:29	87.073	1789.27	0.0523244	11.7471
2019-10-14.10:10:30	87.0031	1794.61	0.0525988	11.7541
2019-10-14.10:10:31	86.9437	1799.91	0.0525405	11.759
2019-10-14.10:10:32	86.8934	1805.18	0.0521082	11.7623
2019-10-14.10:10:33	86.8503	1810.43	0.051535	11.7648
2019-10-14.10:10:34	86.8129	1815.64	0.0510875	11.7668
2019-10-14.10:10:35	86.7804	1820.83	0.0508743	11.7684
2019-10-14.10:10:36	86.7527	1826	0.0508196	11.7695
2019-10-14.10:10:37	86.73	1831.14	0.0507689	11.7697
2019-10-14.10:10:38	86.712	1836.27	0.0506166	11.7691
2019-10-14.10:10:39	86.6981	1841.39	0.050362	11.7679
2019-10-14.10:10:40	86.6876	1846.49	0.0500781	11.7663
2019-10-14.10:10:41	86.68	1851.57	0.0498397	11.7644
2019-10-14.10:10:42	86.6748	1856.65	0.0496722	11.7622
2019-10-14.10:10:43	86.672	1861.71	0.0495489	11.7597
2019-10-14.10:10:44	86.6715	1866.76	0.0494243	11.7569
2019-10-14.10:10:45	86.6731	1871.81	0.0492698	11.7538
2019-10-14.10:10:46	86.6766	1876.85	0.0490882	11.7504
2019-10-14.10:10:47	86.6816	1881.88	0.0489016	11.7468
2019-10-14.10:10:48	86.688	1886.9	0.0487312	11.743
2019-10-14.10:10:49	86.6956	1891.92	0.0485825	11.7391
2019-10-14.10:10:50	86.7043	1896.94	0.0484464	11.7352
2019-10-14.10:10:51	86.7138	1901.95	0.0483081	11.7318
2019-10-14.10:10:52	86.7239	1906.96	0.0481595	11.7291
2019-10-14.10:10:53	86.7339	1911.96	0.048002	11.7274
2019-10-14.10:10:54	86.7433	1916.97	0.0478429	11.7265
2019-10-14.10:10:55	86.7519	1921.97	0.0476885	11.7264
2019-10-14.10:10:56	86.7592	1926.98	0.0475399	11.7265
2019-10-14.10:10:57	86.7655	1931.99	0.0473941	11.7267
2019-10-14.10:10:58	86.771	1936.99	0.0472472	11.7264
2019-10-14.10:10:59	86.776	1942	0.0470973	11.7253
2019-10-14.10:11:00	86.781	1947.01	0.0469455	11.7234
2019-10-14.10:11:01	86.7865	1952.01	0.0467942	11.7207
2019-10-14.10:11:02	86.7929	1957.01	0.0466455	11.7173
2019-10-14.10:11:03	86.8002	1962.01	0.0464996	11.7135
2019-10-14.10:11:04	86.8086	1967	0.0463554	11.7097
2019-10-14.10:11:05	86.8179	1971.98	0.0462116	11.7064
2019-10-14.10:11:06	86.8276	1976.97	0.0460675	11.7037
2019-10-14.10:11:07	86.8373	1981.95	0.0459232	11.7018
2019-10-14.10:11:08	86.8466	1986.93	0.0457789	11.7007
2019-10-14.10:11:09	86.8552	1991.91	0.0456352	11.7003
2019-10-14.10:11:10	86.8627	1996.89	0.0454918	11.7002
2019-10-14.10:11:11	86.8693	2001.87	0.0453486	11.7002
2019-10-14.10:11:12	86.8751	2006.85	0.0452053	11.6998
2019-10-14.10:11:13	86.8804	2011.83	0.0450619	11.6989
2019-10-14.10:11:14	86.8856	2016.81	0.0449189	11.6971
2019-10-14.10:11:15	86.8911	2021.79	0.0447767	11.6946
2019-10-14.10:11:16	86.8974	2026.77	0.0446355	11.6915
2019-10-14.10:11:17	86.9045	2031.74	0.0444955	11.688
2019-10-14.10:11:18	86.9126	2036.7	0.0443565	11.6844
2019-10-14.10:11:19	86.9215	2041.66	0.0442182	11.6811
2019-10-14.10:11:20	86.9309	2046.62	0.0440806	11.6783
2019-10-14.10:11:21	86.9404	2051.58	0.0439433	11.6763
2019-10-14.10:11:22	86.9496	2056.53	0.0438062	11.675
2019-10-14.10:11:23	86.9581	2061.49	0.0436692	11.6744
2019-10-14.10:11:24	86.9658	2066.44	0.0435323	11.6741
2019-10-14.10:11:25	86.9727	2071.4	0.0433953	11.6739
2019-10-14.10:11:26	86.9787	2076.35	0.0432583	11.6735
2019-10-14.10:11:27	86.9842	2081.31	0.0431216	11.6726
2019-10-14.10:11:28	86.9896	2086.26	0.0429853	11.671
2019-10-14.10:11:29	86.9952	2091.22	0.0428497	11.6687
2019-10-14.10:11:30	87.0014	2096.17	0.0427149	11.6658
2019-10-14.10:11:31	87.0084	2101.11	0.042581	11.6625
2019-10-14.10:11:32	87.0162	2106.05	0.0424481	11.6591
2019-10-14.10:11:33	87.0248	2110.99	0.0423159	11.6559
2019-10-14.10:11:34	87.0339	2115.92	0.0421844	11.6531
2019-10-14.10:11:35	87.0431	2120.85	0.0420533	11.651
2019-10-14.10:11:36	87.0522	2125.79	0.0419225	11.6495
2019-10-14.10:11:37	87.0607	2130.71	0.0417918	11.6487
2019-10-14.10:11:38	87.0686	2135.64	0.0416611	11.6482
2019-10-14.10:11:39	87.0756	2140.57	0.0415304	11.6478
2019-10-14.10:11:40	87.0818	2145.51	0.0413997	11.6473
2019-10-14.10:11:41	87.0876	2150.44	0.0412693	11.6464
2019-10-14.10:11:42	87.0932	2155.36	0.0411392	11.645
2019-10-14.10:11:43	87.0989	2160.29	0.0410098	11.6429
2019-10-14.10:11:44	87.105	2165.22	0.040881	11.6402
2019-10-14.10:11:45	87.1119	2170.14	0.0407531	11.6372
2019-10-14.10:11:46	87.1194	2175.05	0.040626	11.6339
2019-10-14.10:11:47	87.1277	2179.96	0.0404997	11.6308
2019-10-14.10:11:48	87.1365	2184.87	0.0403741	11.6281
2019-10-14.10:11:49	87.1455	2189.78	0.0402489	11.6258
2019-10-14.10:11:50	87.1545	2194.69	0.040124	11.6242
2019-10-14.10:11:51	87.163	2199.59	0.0399992	11.6231
2019-10-14.10:11:52	87.1709	2204.5	0.0398745	11.6225
2019-10-14.10:11:53	87.178	2209.4	0.0397498	11.622
2019-10-14.10:11:54	87.1845	2214.31	0.0396252	11.6214
2019-10-14.10:11:55	87.1905	2219.21	0.0395008	11.6205
2019-10-14.10:11:56	87.1963	2224.11	0.0393766	11.6192
2019-10-14.10:11:57	87.2021	2229.01	0.039253	11.6172
2019-10-14.10:11:58	87.2082	2233.91	0.0391301	11.6148
2019-10-14.10:11:59	87.2149	2238.81	0.0390079	11.6119
2019-10-14.10:12:00	87.2223	2243.7	0.0388864	11.6089
2019-10-14.10:12:01	87.2303	2248.59	0.0387657	11.6059
2019-10-14.10:12:02	87.2388	2253.48	0.0386456	11.6031
2019-10-14.10:12:03	87.2476	2258.36	0.0385261	11.6008
2019-10-14.10:12:04	87.2564	2263.24	0.0384068	11.5991
2019-10-14.10:12:05	87.2648	2268.12	0.0382877	11.5978
2019-10-14.10:12:06	87.2728	2273	0.0381687	11.597
2019-10-14.10:12:07	87.2801	2277.88	0.0380498	11.5963
2019-10-14.10:12:08	87.2868	2282.76	0.0379309	11.5957
2019-10-14.10:12:09	87.293	2287.63	0.0378121	11.5948
2019-10-14.10:12:10	87.2989	2292.51	0.0376937	11.5935
2019-10-14.10:12:11	87.3048	2297.39	0.0375757	11.5917
2019-10-14.10:12:12	87.3109	2302.26	0.0374583	11.5894
2019-10-14.10:12:13	87.3175	2307.13	0.0373415	11.5868
2019-10-14.10:12:14	87.3247	2312	0.0372255	11.5839
2019-10-14.10:12:15	87.3325	2316.87	0.0371101	11.581
2019-10-14.10:12:16	87.3408	2321.73	0.0369954	11.5783
2019-10-14.10:12:17	87.3493	2326.58	0.0368811	11.576
2019-10-14.10:12:18	87.3579	2331.44	0.0367673	11.5741
2019-10-14.10:12:19	87.3663	2336.3	0.0366536	11.5727
2019-10-14.10:12:20	87.3743	2341.15	0.03654	11.5717
2019-10-14.10:12:21	87.3818	2346	0.0364265	11.5709
2019-10-14.10:12:22	87.3886	2350.86	0.0363131	11.5701
2019-10-14.10:12:23	87.395	2355.71	0.0361998	11.5692
2019-10-14.10:12:24	87.4011	2360.56	0.0360868	11.568
2019-10-14.10:12:25	87.4071	2365.41	0.0359741	11.5663
2019-10-14.10:12:26	87.4132	2370.26	0.035862	11.5642
2019-10-14.10:12:27	87.4197	2375.11	0.0357505	11.5618
2019-10-14.10:12:28	87.4268	2379.95	0.0356396	11.559
2019-10-14.10:12:29	87.4343	2384.79	0.0355294	11.5563
2019-10-14.10:12:30	87.4424	2389.63	0.0354197	11.5536
2019-10-14.10:12:31	87.4507	2394.46	0.0353106	11.5512
2019-10-14.10:12:32	87.4592	2399.3	0.0352018	11.5493
2019-10-14.10:12:33	87.4675	2404.13	0.0350933	11.5477
2019-10-14.10:12:34	87.4755	2408.96	0.0349849	11.5466
2019-10-14.10:12:35	87.483	2413.78	0.0348766	11.5457
2019-10-14.10:12:36	87.49	2418.61	0.0347684	11.5448
2019-10-14.10:12:37	87.4965	2423.44	0.0346603	11.5439
2019-10-14.10:12:38	87.5028	2428.27	0.0345524	11.5427
2019-10-14.10:12:39	87.5089	2433.09	0.0344449	11.5411
2019-10-14.10:12:40	87.515	2437.92	0.0343378	11.5392
2019-10-14.10:12:41	87.5215	2442.74	0.0342313	11.5368
2019-10-14.10:12:42	87.5284	2447.56	0.0341253	11.5343
2019-10-14.10:12:43	87.5358	2452.37	0.03402	11.5316
2019-10-14.10:12:44	87.5436	2457.19	0.0339152	11.529
2019-10-14.10:12:45	87.5518	2462	0.0338109	11.5267
2019-10-14.10:12:46	87.56	2466.8	0.033707	11.5246
2019-10-14.10:12:47	87.5683	2471.61	0.0336034	11.523
2019-10-14.10:12:48	87.5762	2476.41	0.0334999	11.5217
2019-10-14.10:12:49	87.5838	2481.22	0.0333966	11.5206
2019-10-14.10:12:50	87.5909	2486.02	0.0332933	11.5197
2019-10-14.10:12:51	87.5976	2490.82	0.0331902	11.5187
2019-10-14.10:12:52	87.604	2495.63	0.0330873	11.5175
2019-10-14.10:12:53	87.6102	2500.43	0.0329847	11.516
2019-10-14.10:12:54	87.6164	2505.23	0.0328824	11.5142
2019-10-14.10:12:55	87.6229	2510.02	0.0327806	11.512
2019-10-14.10:12:56	87.6297	2514.82	0.0326794	11.5096
2019-10-14.10:12:57	87.6369	2519.61	0.0325788	11.5071
2019-10-14.10:12:58	87.6445	2524.4	0.0324786	11.5046
2019-10-14.10:12:59	87.6524	2529.18	0.032379	11.5022
2019-10-14.10:13:00	87.6606	2533.97	0.0322797	11.5001
2019-10-14.10:13:01	87.6687	2538.75	0.0321808	11.4984
2019-10-14.10:13:02	87.6766	2543.53	0.032082	11.4969
2019-10-14.10:13:03	87.6842	2548.31	0.0319834	11.4958
2019-10-14.10:13:04	87.6915	2553.08	0.0318849	11.4947
2019-10-14.10:13:05	87.6983	2557.86	0.0317865	11.4937
2019-10-14.10:13:06	87.7048	2562.64	0.0316882	11.4925
2019-10-14.10:13:07	87.7111	2567.42	0.0315903	11.4911
2019-10-14.10:13:08	87.7174	2572.19	0.0314926	11.4894
2019-10-14.10:13:09	87.7261	2576.96	0.0314799	11.4436
2019-10-14.10:13:10	87.8194	2581.61	0.0323396	11.019
[State]	Cruise
2019-10-14.10:13:11	88.0759	2585.87	0.0329175	10.7307
2019-10-14.10:13:12	88.4584	2589.78	0.0332781	10.4147
2019-10-14.10:13:13	88.9583	2593.41	0.0335358	10.1148
2019-10-14.10:13:14	89.5566	2596.78	0.0339446	9.82388
2019-10-14.10:13:15	90.2392	2599.96	0.0346551	9.54102
2019-10-14.10:13:16	90.9945	2602.98	0.0356183	9.26424
2019-10-14.10:13:17	91.8145	2605.88	0.0366649	8.99153
2019-10-14.10:13:18	92.6931	2608.68	0.0376447	8.72182
2019-10-14.10:13:19	93.6229	2611.4	0.0385134	8.45594
2019-10-14.10:13:20	94.5953	2614.06	0.0393391	8.19055
2019-10-14.10:13:21	95.6088	2616.68	0.0402106	7.92382
2019-10-14.10:13:22	96.6625	2619.26	0.041142	7.65869
2019-10-14.10:13:23	97.7559	2621.81	0.0420933	7.39387
2019-10-14.10:13:24	98.8832	2624.33	0.0430138	7.13273
2019-10-14.10:13:25	100.046	2626.76	0.0438067	6.89832
2019-10-14.10:13:26	101.234	2629.07	0.0444687	6.68113
2019-10-14.10:13:27	102.444	2631.25	0.0451018	6.47978
2019-10-14.10:13:28	103.664	2633.35	0.0457731	6.29275
2019-10-14.10:13:29	104.891	2635.39	0.0464795	6.10614
2019-10-14.10:13:30	106.123	2637.43	0.0472305	5.90758
2019-10-14.10:13:31	107.359	2639.46	0.0479156	5.71611
2019-10-14.10:13:32	108.601	2641.49	0.0485124	5.52423
2019-10-14.10:13:33	109.849	2643.51	0.049049	5.3355
2019-10-14.10:13:34	111.097	2645.51	0.0495684	5.15259
2019-10-14.10:13:35	112.343	2647.48	0.0500898	4.97169
2019-10-14.10:13:36	113.581	2649.43	0.0505867	4.79699
2019-10-14.10:13:37	114.812	2651.35	0.0510395	4.62504
2019-10-14.10:13:38	116.036	2653.23	0.051446	4.45782
2019-10-14.10:13:39	117.253	2655.07	0.0518244	4.29468
2019-10-14.10:13:40	118.464	2656.87	0.0521869	4.136
2019-10-14.10:13:41	119.669	2658.62	0.052532	3.9818
2019-10-14.10:13:42	120.867	2660.33	0.052852	3.83207
2019-10-14.10:13:43	122.058	2661.98	0.0531441	3.68761
2019-10-14.10:13:44	123.236	2663.59	0.0534134	3.54823
2019-10-14.10:13:45	124.401	2665.16	0.0536655	3.41359
2019-10-14.10:13:46	125.553	2666.67	0.0538999	3.28336
2019-10-14.10:13:47	126.692	2668.14	0.0541139	3.15778
2019-10-14.10:13:48	127.818	2669.55	0.0543081	3.03665
2019-10-14.10:13:49	128.93	2670.92	0.0482097	2.91975
2019-10-14.10:13:50	130.29	2671.02	-8.10771	-1.14934
2019-10-14.10:13:51	132.701	2664.31	-16.395	-0.718112
2019-10-14.10:13:52	134.257	2657.78	-24.6163	-0.183953
2019-10-14.10:13:53	136.108	2650.71	-30.1223	-1.7799
2019-10-14.10:13:54	138.424	2641.14	-30.0857	-2.10476
2019-10-14.10:13:55	140.237	2632.54	-30.0902	-1.31385
2019-10-14.10:13:56	141.611	2625.71	-30.0826	-1.30079
2019-10-14.10:13:57	143.045	2618.42	-30.079	-1.41425
2019-10-14.10:13:58	144.47	2610.74	-30.0805	-1.6987
2019-10-14.10:13:59	145.855	2602.97	-30.0815	-1.77384
2019-10-14.10:14:00	147.077	2595.46	-30.0804	-1.49338
2019-10-14.10:14:01	148.033	2588.66	-30.0807	-1.12357
2019-10-14.10:14:02	148.892	2582.34	-30.0791	-1.41913
2019-10-14.10:14:03	149.797	2575.66	-30.0784	-1.55537
2019-10-14.10:14:04	150.669	2568.81	-30.0776	-1.55685
2019-10-14.10:14:05	151.453	2562.07	-30.0773	-1.46196
2019-10-14.10:14:06	152.113	2555.65	-30.0777	-1.31027
2019-10-14.10:14:07	152.694	2549.58	-30.0768	-1.41711
2019-10-14.10:14:08	153.286	2543.35	-30.0759	-1.45474
2019-10-14.10:14:09	153.846	2537.07	-30.0755	-1.44646
2019-10-14.10:14:10	154.349	2530.9	-30.0755	-1.39005
2019-10-14.10:14:11	154.772	2524.98	-30.0756	-1.27705
2019-10-14.10:14:12	155.082	2519.48	-26.377	-1.07229
2019-10-14.10:14:13	155.107	2515.66	-20.0524	-0.545597
2019-10-14.10:14:14	155.035	2513.42	-16.2215	-1.14212
2019-10-14.10:14:15	155.159	2510.43	-13.6876	-1.10385
2019-10-14.10:14:16	155.24	2507.34	-11	-1.08287
2019-10-14.10:14:17	155.317	2504.55	-8.36585	-1.03094
2019-10-14.10:14:18	155.279	2502.31	-6.71981	-0.751548
2019-10-14.10:14:19	155.087	2500.86	-5.73546	-0.382734
2019-10-14.10:14:20	154.699	2500.31	-4.57346	-0.0553337
2019-10-14.10:14:21	154.319	2500.23	-3.44594	-0.320675
2019-10-14.10:14:22	154.095	2499.61	-2.8141	-0.523904
2019-10-14.10:14:23	153.989	2498.4	-2.45156	-0.719487
2019-10-14.10:14:24	153.986	2496.64	-1.94419	-0.925924
2019-10-14.10:14:25	154.077	2494.43	-1.40225	-0.808551
2019-10-14.10:14:26	154.033	2492.72	-1.10026	-0.524721
2019-10-14.10:14:27	153.84	2491.75	-0.976532	-0.239349
2019-10-14.10:14:28	153.502	2491.51	-0.77514	0.0282196
2019-10-14.10:14:29	153.065	2491.92	-0.523165	0.255216
2019-10-14.10:14:30	152.602	2492.72	-0.409129	0.14109
2019-10-14.10:14:31	152.255	2493.13	-0.399213	-0.0355768
2019-10-14.10:14:32	152.028	2493.01	-0.310484	-0.24232
2019-10-14.10:14:33	151.941	2492.3	-0.173402	-0.473057
2019-10-14.10:14:34	151.992	2490.98	-0.121565	-0.708752
2019-10-14.10:14:35	152.085	2489.26	-0.116735	-0.497082
2019-10-14.10:14:36	152.027	2488.11	-0.0552734	-0.243951
2019-10-14.10:14:37	151.844	2487.63	0.0015381	0.0027678
2019-10-14.10:14:38	151.547	2487.76	0.0036132	0.232695
2019-10-14.10:14:39	151.15	2488.45	-0.0027647	0.437381
2019-10-14.10:14:40	150.713	2489.53	0.0183149	0.361608
2019-10-14.10:14:41	150.398	2490.26	0.028409	0.170111
2019-10-14.10:14:42	150.213	2490.43	0.0321826	-0.0466984
2019-10-14.10:14:43	150.161	2490.01	0.0411852	-0.277183
2019-10-14.10:14:44	150.238	2488.99	0.0527489	-0.510142
2019-10-14.10:14:45	150.401	2487.44	0.0642966	-0.441823
2019-10-14.10:14:46	150.438	2486.25	0.0936248	-0.191215
2019-10-14.10:14:47	150.345	2485.71	0.0943388	0.0526243
2019-10-14.10:14:48	150.128	2485.78	0.0751643	0.287575
2019-10-14.10:14:49	149.804	2486.43	0.0755568	0.501385
2019-10-14.10:14:50	149.405	2487.56	0.0901722	0.553179
2019-10-14.10:14:51	149.095	2488.55	0.0713909	0.341987
2019-10-14.10:14:52	148.911	2489.01	0.0551053	0.132283
2019-10-14.10:14:53	148.856	2488.89	0.071207	-0.0928267
2019-10-14.10:14:54	148.929	2488.18	0.0879055	-0.322283
2019-10-14.10:14:55	149.119	2486.89	0.0795677	-0.501918
2019-10-14.10:14:56	149.271	2485.5	0.0893585	-0.227058
2019-10-14.10:14:57	149.285	2484.7	0.111784	0.0047767
2019-10-14.10:14:58	149.175	2484.51	0.103377	0.237898
2019-10-14.10:14:59	148.947	2484.9	0.0838033	0.460732
2019-10-14.10:15:00	148.62	2485.83	0.0869633	0.660703
2019-10-14.10:15:01	148.27	2487.08	0.0916659	0.52678
2019-10-14.10:15:02	148.046	2487.91	0.0696394	0.330273
2019-10-14.10:15:03	147.947	2488.19	0.0650776	0.113645
2019-10-14.10:15:04	147.974	2487.9	0.0829858	-0.111269
2019-10-14.10:15:05	148.12	2487.03	0.0899471	-0.33234
2019-10-14.10:15:06	148.36	2485.65	0.0806524	-0.364372
2019-10-14.10:15:07	148.502	2484.44	0.100837	-0.11926
2019-10-14.10:15:08	148.517	2483.83	0.114918	0.108331
2019-10-14.10:15:09	148.408	2483.8	0.0985047	0.33617
2019-10-14.10:15:10	148.186	2484.34	0.0841388	0.553456
2019-10-14.10:15:11	147.867	2485.4	0.0935513	0.741371
2019-10-14.10:15:12	147.559	2486.65	0.0901338	0.541274
2019-10-14.10:15:13	147.38	2487.42	0.0661333	0.341226
2019-10-14.10:15:14	147.323	2487.64	0.0682836	0.124131
2019-10-14.10:15:15	147.39	2487.3	0.088561	-0.0978796
2019-10-14.10:15:16	147.572	2486.4	0.0907383	-0.311968
2019-10-14.10:15:17	147.832	2485.02	0.0801129	-0.303525
2019-10-14.10:15:18	147.987	2483.87	0.102978	-0.0751293
2019-10-14.10:15:19	148.018	2483.3	0.116553	0.147458
2019-10-14.10:15:20	147.926	2483.31	0.0983377	0.371847
2019-10-14.10:15:21	147.721	2483.87	0.0840868	0.587201
2019-10-14.10:15:22	147.419	2484.95	0.0948823	0.775467
2019-10-14.10:15:23	147.125	2486.23	0.0918612	0.576968
2019-10-14.10:15:24	146.958	2487.03	0.0664443	0.377504
2019-10-14.10:15:25	146.913	2487.29	0.0680068	0.161998
2019-10-14.10:15:26	146.989	2486.99	0.0894167	-0.0575523
2019-10-14.10:15:27	147.178	2486.14	0.0923664	-0.268417
2019-10-14.10:15:28	147.452	2484.8	0.0794724	-0.310529
2019-10-14.10:15:29	147.636	2483.62	0.108523	-0.0748658
2019-10-14.10:15:30	146.929	2485.74	7.88763	4.54737
2019-10-14.10:15:31	144.594	2496.53	15.9369	8.50847
2019-10-14.10:15:32	141.396	2513.27	24.57	11.0065
2019-10-14.10:15:33	138.329	2531.8	30.4537	11.3272
2019-10-14.10:15:34	135.918	2548.84	30.1147	10.1505
2019-10-14.10:15:35	134.189	2563.42	30.1021	8.9885
2019-10-14.10:15:36	133.155	2575	30.0899	7.9836
2019-10-14.10:15:37	132.835	2583.36	30.0847	6.74297
2019-10-14.10:15:38	133.283	2588.51	30.0813	5.20762
2019-10-14.10:15:39	134.489	2590.51	30.0753	3.72268
2019-10-14.10:15:40	136.339	2589.6	30.068	2.55308
2019-10-14.10:15:41	138.661	2586.23	30.0626	1.67883
2019-10-14.10:15:42	141.278	2581.02	30.0601	1.01993
2019-10-14.10:15:43	144.024	2574.67	30.0592	0.630906
2019-10-14.10:15:44	146.726	2567.91	30.0589	0.601847
2019-10-14.10:15:45	149.204	2561.54	30.0598	0.909643
2019-10-14.10:15:46	151.315	2556.29	30.0625	1.46422
2019-10-14.10:15:47	152.956	2552.86	30.0664	2.21707
[State]	StraightAndLevel
2019-10-14.10:15:48	154.053	2551.75	30.0707	3.1443
2019-10-14.10:15:49	154.561	2553.33	30.0753	4.186
2019-10-14.10:15:50	154.473	2557.78	30.0802	5.26238
2019-10-14.10:15:51	153.822	2565.07	29.6052	6.31934
2019-10-14.10:15:52	152.601	2575.51	22.4489	7.55034
2019-10-14.10:15:53	150.588	2590.52	17.0373	9.48383
2019-10-14.10:15:54	147.541	2610.65	13.6731	11.847
2019-10-14.10:15:55	143.444	2635.51	10.9773	14.0274
2019-10-14.10:15:56	138.53	2664.1	8.20938	15.7656
2019-10-14.10:15:57	133.078	2695.02	6.03064	17.0498
2019-10-14.10:15:58	127.356	2726.6	4.86772	17.7859
2019-10-14.10:15:59	121.708	2757.19	4.16402	17.8224
2019-10-14.10:16:00	116.525	2785.3	3.27089	17.0806
2019-10-14.10:16:01	112.23	2809.71	2.21751	15.5604
2019-10-14.10:16:02	109.163	2829.47	1.4557	13.3618
2019-10-14.10:16:03	107.581	2843.95	1.21915	10.6297
2019-10-14.10:16:04	107.665	2852.8	1.26381	7.57575
2019-10-14.10:16:05	109.386	2855.99	1.15415	4.53514
2019-10-14.10:16:06	112.586	2853.85	0.738472	1.79876
2019-10-14.10:16:07	116.965	2847.06	0.311097	-0.388187
2019-10-14.10:16:08	122.091	2836.6	0.24314	-1.85748
2019-10-14.10:16:09	127.542	2823.74	0.461812	-2.56844
2019-10-14.10:16:10	132.864	2809.98	0.521867	-2.50171
2019-10-14.10:16:11	137.696	2797	0.270679	-1.74865
2019-10-14.10:16:12	141.741	2786.41	0.0706455	-0.435029
2019-10-14.10:16:13	144.739	2779.62	0.161457	1.31538
2019-10-14.10:16:14	146.52	2777.71	0.273721	3.38626
2019-10-14.10:16:15	147.032	2781.4	0.164591	5.63417
2019-10-14.10:16:16	146.308	2790.9	0.026137	7.9113
2019-10-14.10:16:17	144.423	2805.9	0.0647641	10.0912
2019-10-14.10:16:18	141.507	2825.7	0.146669	12.0631
2019-10-14.10:16:19	137.767	2849.23	0.0977391	13.7127
2019-10-14.10:16:20	133.45	2875.2	-0.0076912	14.9235
2019-10-14.10:16:21	128.845	2902.19	-0.0235869	15.6095
2019-10-14.10:16:22	124.256	2928.78	0.0335119	15.7116
2019-10-14.10:16:23	120.004	2953.7	0.0454623	15.1985
2019-10-14.10:16:24	116.412	2975.84	-0.0261738	14.0737
2019-10-14.10:16:25	113.769	2994.34	-0.106403	12.3936
2019-10-14.10:16:26	112.293	3008.59	-0.115764	10.2788
2019-10-14.10:16:27	112.109	3018.25	-0.0613953	7.9078
2019-10-14.10:16:28	113.229	3023.26	-0.0167028	5.50022
2019-10-14.10:16:29	115.548	3023.85	-0.0292651	3.27951
2019-10-14.10:16:30	118.85	3020.53	-0.0646152	1.43908
2019-10-14.10:16:31	122.837	3014.08	-0.0538357	0.119515
2019-10-14.10:16:32	127.165	3005.5	0.0089687	-0.604437
2019-10-14.10:16:33	131.492	2996	0.0542889	-0.719389
2019-10-14.10:16:34	135.506	2986.87	0.0397384	-0.265705
2019-10-14.10:16:35	138.941	2979.42	0.0132054	0.679801
2019-10-14.10:16:36	141.574	2974.8	0.0290212	2.01667
2019-10-14.10:16:37	143.259	2973.93	0.0595371	3.64024
2019-10-14.10:16:38	143.926	2977.42	0.0545601	5.43812
2019-10-14.10:16:39	143.569	2985.53	0.0290656	7.29425
2019-10-14.10:16:40	142.244	2998.12	0.0262023	9.0975
2019-10-14.10:16:41	140.055	3014.71	0.0404031	10.7449
2019-10-14.10:16:42	137.158	3034.51	0.0369432	12.1388
2019-10-14.10:16:43	133.744	3056.55	0.0128132	13.1868
2019-10-14.10:16:44	130.049	3079.71	-0.005405	13.8173
2019-10-14.10:16:45	126.326	3102.85	-0.0073561	13.9785
2019-10-14.10:16:46	122.837	3124.9	-0.0099748	13.6447
2019-10-14.10:16:47	119.837	3144.92	-0.0277354	12.8223
2019-10-14.10:16:48	117.557	3162.13	-0.0526736	11.5565
2019-10-14.10:16:49	116.179	3175.99	-0.0664481	9.93685
2019-10-14.10:16:50	115.813	3186.15	-0.0623154	8.09487
2019-10-14.10:16:51	116.482	3192.52	-0.050043	6.19036
2019-10-14.10:16:52	118.123	3195.23	-0.0415847	4.39194
2019-10-14.10:16:53	120.583	3194.68	-0.0364342	2.85299
2019-10-14.10:16:54	123.647	3191.44	-0.0248431	1.69177
2019-10-14.10:16:55	127.059	3186.31	-0.0041112	0.981629
2019-10-14.10:16:56	130.55	3180.24	0.0151052	0.749484
2019-10-14.10:16:57	133.863	3174.25	0.022961	0.980788
2019-10-14.10:16:58	136.769	3169.37	0.0241555	1.62863
2019-10-14.10:16:59	139.082	3166.54	0.0290255	2.62361
2019-10-14.10:17:00	140.66	3166.56	0.0363361	3.87872
2019-10-14.10:17:01	141.425	3169.96	0.0373947	5.30356
2019-10-14.10:17:02	141.358	3177.01	0.0324055	6.80365
2019-10-14.10:17:03	140.487	3187.69	0.02872	8.28544
2019-10-14.10:17:04	138.89	3201.69	0.0277651	9.65986
2019-10-14.10:17:05	136.68	3218.46	0.0238642	10.8413
2019-10-14.10:17:06	134.012	3237.25	0.0141887	11.7542
2019-10-14.10:17:07	131.072	3257.2	0.0031582	12.3377
2019-10-14.10:17:08	128.066	3277.4	-0.0055109	12.5478
2019-10-14.10:17:09	125.203	3296.97	-0.0195566	12.3621
2019-10-14.10:17:10	122.396	3315.37	-8.13823	11.837
2019-10-14.10:17:11	119.465	3332.32	-16.7487	11.5191
2019-10-14.10:17:12	116.746	3346.82	-25.725	10.2976
2019-10-14.10:17:13	115.036	3356.68	-30.1556	7.24549
2019-10-14.10:17:14	115.079	3360.34	-30.1068	2.85266
2019-10-14.10:17:15	117.084	3357.3	-30.0903	-1.08009
2019-10-14.10:17:16	120.686	3347.75	-30.0692	-3.72344
2019-10-14.10:17:17	125.328	3332.67	-30.0489	-5.44345
2019-10-14.10:17:18	130.528	3313.44	-30.0375	-6.83867
2019-10-14.10:17:19	135.939	3291.5	-30.0362	-7.81889
2019-10-14.10:17:20	141.19	3268.27	-30.0383	-7.90203
2019-10-14.10:17:21	145.845	3245.41	-30.0387	-7.05034
2019-10-14.10:17:22	149.59	3224.63	-30.0419	-5.70584
2019-10-14.10:17:23	152.279	3207.4	-30.0509	-4.14514
2019-10-14.10:17:24	153.852	3194.73	-30.0614	-2.31731
2019-10-14.10:17:25	154.268	3187.26	-30.071	-0.262306
2019-10-14.10:17:26	153.56	3185.2	-30.0812	1.78624
2019-10-14.10:17:27	151.858	3188.34	-30.0917	3.66347
2019-10-14.10:17:28	149.337	3196.03	-30.1005	5.32842
2019-10-14.10:17:29	146.193	3207.34	-30.1072	6.71984
2019-10-14.10:17:30	142.648	3221.19	-28.5297	7.75319
2019-10-14.10:17:31	138.83	3237.07	-21.4829	8.65376
2019-10-14.10:17:32	134.555	3255.57	-14.924	10.0251
2019-10-14.10:17:33	129.687	3276.68	-11.502	11.7151
2019-10-14.10:17:34	124.494	3299.59	-9.53103	13.0193
2019-10-14.10:17:35	119.18	3322.9	-7.4853	13.595
2019-10-14.10:17:36	114.159	3345.2	-5.14458	13.3311
2019-10-14.10:17:37	109.776	3365.1	-3.32683	12.3917
2019-10-14.10:17:38	106.35	3381.58	-2.59733	10.8399
2019-10-14.10:17:39	104.206	3393.88	-2.61513	8.70547
2019-10-14.10:17:40	103.474	3401.54	-2.52895	6.18653
2019-10-14.10:17:41	104.191	3404.41	-1.8143	3.48154
2019-10-14.10:17:42	106.31	3402.63	-0.74708	0.86653
2019-10-14.10:17:43	109.536	3396.6	-0.0884366	-1.28046
2019-10-14.10:17:44	113.502	3387.15	-0.237229	-2.78407
2019-10-14.10:17:45	117.837	3375.42	-0.712153	-3.59228
2019-10-14.10:17:46	122.088	3362.68	-0.688426	-3.68914
2019-10-14.10:17:47	125.953	3350.32	-0.0724838	-3.19937
2019-10-14.10:17:48	129.122	3339.59	0.378704	-2.15277
2019-10-14.10:17:49	131.381	3331.69	0.178109	-0.67262
2019-10-14.10:17:50	132.649	3327.54	-0.205472	1.07014
2019-10-14.10:17:51	132.847	3327.64	-0.133292	2.94686
2019-10-14.10:17:52	132.033	3332.07	0.250985	4.8014
2019-10-14.10:17:53	130.28	3340.49	0.365222	6.55081
2019-10-14.10:17:54	127.78	3352.29	0.105774	8.05592
2019-10-14.10:17:55	124.762	3366.58	-0.100631	9.20616
2019-10-14.10:17:56	121.446	3382.28	0.0210445	9.92624
2019-10-14.10:17:57	118.102	3398.29	0.266518	10.1589
2019-10-14.10:17:58	114.983	3413.56	0.305139	9.90139
2019-10-14.10:17:59	112.36	3427.19	0.101702	9.15482
2019-10-14.10:18:00	110.451	3438.46	-0.0927886	7.97515
2019-10-14.10:18:01	109.393	3446.85	-0.0608584	6.47256
2019-10-14.10:18:02	109.281	3452.06	0.147927	4.77116
2019-10-14.10:18:03	110.091	3454.04	0.294816	3.06187
2019-10-14.10:18:04	111.717	3452.98	0.228023	1.51493
2019-10-14.10:18:05	113.991	3449.32	0.0511703	0.260764
2019-10-14.10:18:06	116.67	3443.68	-0.0023571	-0.59841
2019-10-14.10:18:07	119.509	3436.84	0.141549	-1.02714
2019-10-14.10:18:08	122.253	3429.64	0.300779	-1.01036
2019-10-14.10:18:09	124.677	3422.99	0.282085	-0.577766
2019-10-14.10:18:10	126.615	3417.72	0.140656	0.194467
2019-10-14.10:18:11	127.946	3414.52	0.0873111	1.21816
2019-10-14.10:18:12	128.587	3413.85	0.18189	2.40594
2019-10-14.10:18:13	128.51	3415.97	0.268135	3.66932
2019-10-14.10:18:14	127.76	3420.86	0.222039	4.91076
2019-10-14.10:18:15	126.432	3428.27	0.119364	6.0341
2019-10-14.10:18:16	124.65	3437.73	0.0996816	6.95882
2019-10-14.10:18:17	122.56	3448.62	0.168444	7.62488
2019-10-14.10:18:18	120.331	3460.24	0.213548	7.98936
2019-10-14.10:18:19	118.149	3471.87	0.169333	8.02436
2019-10-14.10:18:20	116.196	3482.86	0.0908779	7.72466
2019-10-14.10:18:21	114.629	3492.6	0.0689424	7.11541
2019-10-14.10:18:22	113.568	3500.64	0.118424	6.25377
2019-10-14.10:18:23	113.088	3506.67	0.171574	5.22272
2019-10-14.10:18:24	113.216	3510.56	0.16571	4.11928
[State]	Climb
2019-10-14.10:18:25	113.925	3512.31	0.115553	3.0439
2019-10-14.10:18:26	115.135	3512.14	0.0905468	2.09155
2019-10-14.10:18:27	116.717	3510.37	0.12837	1.34302
2019-10-14.10:18:28	118.517	3507.45	0.188941	0.856067
2019-10-14.10:18:29	120.371	3503.92	0.206121	0.657603
2019-10-14.10:18:30	122.127	3500.38	0.17216	0.74341
2019-10-14.10:18:31	123.648	3497.39	0.143731	1.08566
2019-10-14.10:18:32	124.822	3495.45	0.161994	1.64144
2019-10-14.10:18:33	125.568	3494.98	0.198793	2.35724
2019-10-14.10:18:34	125.847	3496.22	0.202059	3.17015
2019-10-14.10:18:35	125.661	3499.3	0.169534	4.01183
2019-10-14.10:18:36	125.048	3504.14	0.145708	4.81586
2019-10-14.10:18:37	124.069	3510.55	0.155849	5.52342
2019-10-14.10:18:38	122.814	3518.18	0.175603	6.08517
2019-10-14.10:18:39	121.391	3526.63	0.170804	6.4616
2019-10-14.10:18:40	119.923	3535.42	0.143377	6.62564
2019-10-14.10:18:41	118.531	3544.11	0.123825	6.56681
2019-10-14.10:18:42	117.325	3552.24	0.129577	6.29388
2019-10-14.10:18:43	116.401	3559.45	0.146005	5.83437
2019-10-14.10:18:44	115.827	3565.47	0.148725	5.23147
2019-10-14.10:18:45	115.643	3570.12	0.134374	4.54004
2019-10-14.10:18:46	115.853	3573.33	0.122724	3.82233
2019-10-14.10:18:47	116.426	3575.17	0.130864	3.14235
2019-10-14.10:18:48	117.299	3575.79	0.152377	2.55901
2019-10-14.10:18:49	118.384	3575.44	0.16617	2.11905
2019-10-14.10:18:50	119.584	3574.45	0.162825	1.85241
2019-10-14.10:18:51	120.794	3573.19	0.154913	1.77129
2019-10-14.10:18:52	121.915	3572.04	0.158741	1.87183
2019-10-14.10:18:53	122.858	3571.35	0.172501	2.13635
2019-10-14.10:18:54	123.555	3571.44	0.179986	2.53523
2019-10-14.10:18:55	123.963	3572.55	0.17333	3.02966
2019-10-14.10:18:56	124.062	3574.82	0.162645	3.57567
2019-10-14.10:18:57	123.858	3578.27	0.1607	4.12839
2019-10-14.10:18:58	123.38	3582.85	0.165928	4.64511
2019-10-14.10:18:59	122.675	3588.4	0.166634	5.08723
2019-10-14.10:19:00	121.809	3594.67	0.157908	5.42219
2019-10-14.10:19:01	120.859	3601.4	0.147315	5.62606
2019-10-14.10:19:02	119.904	3608.28	0.1438	5.68579
2019-10-14.10:19:03	119.022	3615	0.146529	5.60029
2019-10-14.10:19:04	118.284	3621.28	0.147568	5.38024
2019-10-14.10:19:05	117.747	3626.9	0.142916	5.04709
2019-10-14.10:19:06	117.449	3631.69	0.137234	4.63159
2019-10-14.10:19:07	117.409	3635.56	0.137379	4.17138
2019-10-14.10:19:08	117.621	3638.48	0.14384	3.70749
2019-10-14.10:19:09	118.058	3640.52	0.150609	3.27996
2019-10-14.10:19:10	118.675	3641.79	0.152857	2.92373
2019-10-14.10:19:11	119.415	3642.5	0.152432	2.66552
2019-10-14.10:19:12	120.212	3642.85	0.15454	2.52219
2019-10-14.10:19:13	120.997	3643.09	0.160433	2.50008
2019-10-14.10:19:14	121.707	3643.48	0.165773	2.59509
2019-10-14.10:19:15	122.289	3644.24	0.166471	2.79362
2019-10-14.10:19:16	122.7	3645.56	0.163824	3.0744
2019-10-14.10:19:17	122.916	3647.57	0.162237	3.41103
2019-10-14.10:19:18	122.929	3650.35	0.163177	3.7744
2019-10-14.10:19:19	122.744	3653.9	0.163704	4.13477
2019-10-14.10:19:20	122.387	3658.16	0.160996	4.46372
2019-10-14.10:19:21	121.891	3663.01	0.156182	4.73614
2019-10-14.10:19:22	121.304	3668.3	0.152586	4.93207
2019-10-14.10:19:23	120.677	3673.83	0.151398	5.03821
2019-10-14.10:19:24	120.061	3679.41	0.150664	5.04868
2019-10-14.10:19:25	119.508	3684.83	0.148387	4.9653
2019-10-14.10:19:26	119.061	3689.92	0.145256	4.79746
2019-10-14.10:19:27	118.754	3694.55	0.143668	4.56144
2019-10-14.10:19:28	118.608	3698.6	0.144696	4.27906
2019-10-14.10:19:29	118.631	3702.03	0.146972	3.97557
2019-10-14.10:19:30	118.814	3704.85	0.148607	3.6772
2019-10-14.10:19:31	119.137	3707.11	0.149468	3.40873
2019-10-14.10:19:32	119.569	3708.89	0.15098	3.19133
2019-10-14.10:19:33	120.069	3710.34	0.153939	3.0409
2019-10-14.10:19:34	120.595	3711.6	0.157287	2.96694
2019-10-14.10:19:35	121.103	3712.83	0.159364	2.97199
2019-10-14.10:19:36	121.552	3714.2	0.159868	3.05187
2019-10-14.10:19:37	121.909	3715.85	0.159954	3.19654
2019-10-14.10:19:38	122.149	3717.89	0.160502	3.39137
2019-10-14.10:19:39	122.259	3720.4	0.160986	3.61849
2019-10-14.10:19:40	122.235	3723.42	0.160335	3.85834
2019-10-14.10:19:41	122.085	3726.93	0.158459	4.09115
2019-10-14.10:19:42	121.826	3730.89	0.156355	4.29846
2019-10-14.10:19:43	121.485	3735.22	0.154827	4.46456
2019-10-14.10:19:44	121.092	3739.8	0.153624	4.57746
2019-10-14.10:19:45	120.681	3744.5	0.152051	4.62978
2019-10-14.10:19:46	120.288	3749.2	0.150069	4.6191
2019-10-14.10:19:47	119.944	3753.77	0.14842	4.54821
2019-10-14.10:19:48	119.676	3758.09	0.147746	4.42478
2019-10-14.10:19:49	119.505	3762.09	0.147901	4.26067
2019-10-14.10:19:50	119.44	3765.7	0.148293	4.07078
2019-10-14.10:19:51	119.486	3768.9	0.148689	3.87172
2019-10-14.10:19:52	119.633	3771.7	0.149429	3.68027
2019-10-14.10:19:53	119.867	3774.15	0.15085	3.51197
2019-10-14.10:19:54	120.165	3776.3	0.152727	3.37977
2019-10-14.10:19:55	120.502	3778.26	0.154448	3.29305
2019-10-14.10:19:56	120.848	3780.12	0.155656	3.25689
2019-10-14.10:19:57	121.175	3781.99	0.156521	3.27197
2019-10-14.10:19:58	121.459	3783.98	0.157335	3.33475
2019-10-14.10:19:59	121.678	3786.17	0.158029	3.438
2019-10-14.10:20:00	121.817	3788.63	0.158245	3.57157
2019-10-14.10:20:01	121.87	3791.4	0.15781	3.72335
2019-10-14.10:20:02	121.835	3794.5	0.156961	3.88029
2019-10-14.10:20:03	121.721	3797.93	0.156044	4.0295
2019-10-14.10:20:04	121.539	3801.63	0.155133	4.15919
2019-10-14.10:20:05	121.307	3805.56	0.154062	4.25956
2019-10-14.10:20:06	121.047	3809.63	0.152769	4.32345
2019-10-14.10:20:07	120.781	3813.77	0.151476	4.34686
2019-10-14.10:20:08	120.532	3817.87	0.150485	4.32919
2019-10-14.10:20:09	120.32	3821.88	0.149884	4.2732
2019-10-14.10:20:10	120.162	3825.71	0.149552	4.1847
2019-10-14.10:20:11	120.069	3829.31	0.149391	4.07203
2019-10-14.10:20:12	120.047	3832.65	0.149483	3.94521
2019-10-14.10:20:13	120.095	3835.73	0.149962	3.81515
2019-10-14.10:20:14	120.209	3838.54	0.150806	3.6926
2019-10-14.10:20:15	120.375	3841.13	0.151812	3.5873
2019-10-14.10:20:16	120.58	3843.55	0.152779	3.50714
2019-10-14.10:20:17	120.806	3845.84	0.153661	3.45758
2019-10-14.10:20:18	121.034	3848.1	0.154499	3.44133
2019-10-14.10:20:19	121.245	3850.37	0.155265	3.45823
2019-10-14.10:20:20	121.424	3852.73	0.155819	3.50545
2019-10-14.10:20:21	121.558	3855.24	0.156044	3.5778
2019-10-14.10:20:22	121.639	3857.93	0.155958	3.6683
2019-10-14.10:20:23	121.663	3860.83	0.155668	3.76882
2019-10-14.10:20:24	121.63	3863.95	0.155242	3.87076
2019-10-14.10:20:25	121.546	3867.27	0.154659	3.96575
2019-10-14.10:20:26	121.421	3870.77	0.153903	4.0463
2019-10-14.10:20:27	121.266	3874.4	0.153047	4.10635
2019-10-14.10:20:28	121.096	3878.11	0.152224	4.14169
2019-10-14.10:20:29	120.926	3881.85	0.151524	4.15025
2019-10-14.10:20:30	120.77	3885.56	0.150961	4.1322
2019-10-14.10:20:31	120.641	3889.19	0.150526	4.08987
2019-10-14.10:20:32	120.549	3892.69	0.150252	4.02749
2019-10-14.10:20:33	120.501	3896.04	0.150205	3.95081
2019-10-14.10:20:34	120.5	3899.22	0.150406	3.86655
2019-10-14.10:20:35	120.544	3902.22	0.150806	3.78181
2019-10-14.10:20:36	120.629	3905.06	0.151321	3.70347
2019-10-14.10:20:37	120.746	3907.75	0.151899	3.63762
2019-10-14.10:20:38	120.887	3910.33	0.152519	3.58906
2019-10-14.10:20:39	121.038	3912.85	0.153148	3.56097
2019-10-14.10:20:40	121.188	3915.35	0.153717	3.55475
2019-10-14.10:20:41	121.324	3917.87	0.15415	3.5699
2019-10-14.10:20:42	121.438	3920.46	0.154412	3.60424
2019-10-14.10:20:43	121.521	3923.15	0.154512	3.65412
2019-10-14.10:20:44	121.569	3925.96	0.154469	3.71479
2019-10-14.10:20:45	121.578	3928.91	0.154281	3.78081
2019-10-14.10:20:46	121.552	3932	0.153945	3.84655
2019-10-14.10:20:47	121.493	3935.22	0.153486	3.90662
2019-10-14.10:20:48	121.408	3938.55	0.15296	3.95629
2019-10-14.10:20:49	121.306	3941.96	0.152425	3.99182
2019-10-14.10:20:50	121.197	3945.41	0.151916	4.01078
2019-10-14.10:20:51	121.089	3948.88	0.151452	4.01214
2019-10-14.10:20:52	120.992	3952.31	0.151065	3.99635
2019-10-14.10:20:53	120.915	3955.69	0.150792	3.96522
2019-10-14.10:20:54	120.863	3958.98	0.150665	3.92178
2019-10-14.10:20:55	120.841	3962.17	0.150685	3.86992
2019-10-14.10:20:56	120.849	3965.24	0.150831	3.81411
2019-10-14.10:20:57	120.886	3968.19	0.151079	3.75896
2019-10-14.10:20:58	120.948	3971.04	0.151412	3.70887
2019-10-14.10:20:59	121.031	3973.8	0.151807	3.66764
2019-10-14.10:21:00	121.127	3976.49	0.152224	3.63818
2019-10-14.10:21:01	121.229	3979.14	0.152618	3.62235
2019-10-14.10:21:02	121.328	3981.79	0.15295	3.62081
2019-10-14.10:21:03	121.417	3984.46	0.1532	3.633
2019-10-14.10:21:04	121.49	3987.17	0.153357	3.65731
[State]	Cruise
2019-10-14.10:21:05	121.542	3989.96	0.153412	3.6912
2019-10-14.10:21:06	121.571	3992.83	0.153356	3.73144
2019-10-14.10:21:07	121.574	3995.78	0.153193	3.77445
2019-10-14.10:21:08	121.555	3998.83	0.152942	3.81654
2019-10-14.10:21:09	121.515	4001.96	0.152631	3.85425
2019-10-14.10:21:10	121.459	4005.16	0.152286	3.88461
2019-10-14.10:21:11	121.393	4008.4	0.151929	3.90535
2019-10-14.10:21:12	121.324	4011.67	0.151583	3.91505
2019-10-14.10:21:13	121.257	4014.94	0.151277	3.91325
2019-10-14.10:21:14	121.198	4018.18	0.151037	3.90044
2019-10-14.10:21:15	121.153	4021.39	0.15088	3.87796
2019-10-14.10:21:16	121.125	4024.53	0.150811	3.84793
2019-10-14.10:21:17	121.117	4027.6	0.150828	3.81298
2019-10-14.10:21:18	121.128	4030.6	0.150927	3.77606
2019-10-14.10:21:19	121.158	4033.51	0.151099	3.74014
2019-10-14.10:21:20	121.204	4036.37	0.151325	3.70804
2019-10-14.10:21:21	121.263	4039.16	0.151581	3.68212
2019-10-14.10:21:22	121.329	4041.92	0.15184	3.66416
2019-10-14.10:21:23	121.397	4044.65	0.152081	3.65522
2019-10-14.10:21:24	121.464	4047.38	0.152285	3.65558
2019-10-14.10:21:25	121.522	4050.13	0.152436	3.66475
2019-10-14.10:21:26	121.57	4052.91	0.152522	3.68155
2019-10-14.10:21:27	121.604	4055.73	0.152535	3.70424
2019-10-14.10:21:28	121.621	4058.62	0.152476	3.73064
2019-10-14.10:21:29	121.623	4061.56	0.152352	3.7584
2019-10-14.10:21:30	121.61	4064.56	0.152177	3.78512
2019-10-14.10:21:31	121.584	4067.6	0.151963	3.8086
2019-10-14.10:21:32	121.549	4070.69	0.151725	3.82696
2019-10-14.10:21:33	121.507	4073.81	0.151482	3.83882
2019-10-14.10:21:34	121.464	4076.94	0.151254	3.84338
2019-10-14.10:21:35	121.423	4080.07	0.151058	3.84046
2019-10-14.10:21:36	121.389	4083.18	0.150906	3.83048
2019-10-14.10:21:37	121.364	4086.26	0.150806	3.81443
2019-10-14.10:21:38	121.35	4089.3	0.150763	3.79375
2019-10-14.10:21:39	121.349	4092.29	0.150779	3.77022
2019-10-14.10:21:40	121.361	4095.23	0.150849	3.74575
2019-10-14.10:21:41	121.385	4098.11	0.150962	3.72228
2019-10-14.10:21:42	121.419	4100.96	0.151107	3.7016
2019-10-14.10:21:43	121.461	4103.77	0.151267	3.68518
2019-10-14.10:21:44	121.507	4106.55	0.151429	3.67411
2019-10-14.10:21:45	121.554	4109.33	0.151578	3.66897
2019-10-14.10:21:46	121.598	4112.1	0.151701	3.66987
2019-10-14.10:21:47	121.638	4114.88	0.151786	3.67642
2019-10-14.10:21:48	121.67	4117.69	0.151827	3.68776
2019-10-14.10:21:49	121.692	4120.53	0.151821	3.7027
2019-10-14.10:21:50	121.704	4123.4	0.15177	3.71982
2019-10-14.10:21:51	121.706	4126.31	0.151677	3.73754
2019-10-14.10:21:52	121.698	4129.26	0.151551	3.75433
2019-10-14.10:21:53	121.682	4132.24	0.1514	3.76877
2019-10-14.10:21:54	121.661	4135.25	0.151237	3.77969
2019-10-14.10:21:55	121.636	4138.27	0.151073	3.78627
2019-10-14.10:21:56	121.61	4141.29	0.150922	3.78803
2019-10-14.10:21:57	121.586	4144.32	0.150792	3.78495
2019-10-14.10:21:58	121.567	4147.32	0.150691	3.77735
2019-10-14.10:21:59	121.554	4150.31	0.150626	3.76594
2019-10-14.10:22:00	121.548	4153.27	0.1506	3.7517
2019-10-14.10:22:01	121.551	4156.19	0.150611	3.7358
2019-10-14.10:22:02	121.563	4159.08	0.150655	3.71952
2019-10-14.10:22:03	121.582	4161.94	0.150726	3.70408
2019-10-14.10:22:04	121.607	4164.77	0.150817	3.69064
2019-10-14.10:22:05	121.637	4167.58	0.150916	3.6801
2019-10-14.10:22:06	121.67	4170.37	0.151015	3.67313
2019-10-14.10:22:07	121.703	4173.16	0.151104	3.67005
2019-10-14.10:22:08	121.734	4175.94	0.151174	3.67089
2019-10-14.10:22:09	121.761	4178.74	0.156622	3.67534
2019-10-14.10:22:10	121.969	4181.39	7.34139	3.76453
2019-10-14.10:22:11	122.61	4183.14	14.826	3.99862
2019-10-14.10:22:12	123.958	4182.82	22.3113	3.5218
2019-10-14.10:22:13	126.519	4178.73	30.0069	1.56348
2019-10-14.10:22:14	130.518	4169.25	30.1233	-1.57537
2019-10-14.10:22:15	135.671	4154.61	30.1202	-4.08702
2019-10-14.10:22:16	141.498	4135.68	30.1111	-5.19273
2019-10-14.10:22:17	147.437	4113.9	30.1017	-5.41556
2019-10-14.10:22:18	153.123	4091.04	30.1023	-5.36821
2019-10-14.10:22:19	158.323	4068.82	30.1094	-4.87356
2019-10-14.10:22:20	162.757	4048.81	30.1146	-3.6289
2019-10-14.10:22:21	166.157	4032.52	30.1201	-1.89747
2019-10-14.10:22:22	168.401	4021.25	30.13	-0.022179
2019-10-14.10:22:23	169.464	4015.85	30.1403	2.00781
2019-10-14.10:22:24	169.329	4016.74	30.1493	4.19095
2019-10-14.10:22:25	168.038	4023.88	30.159	6.33012
2019-10-14.10:22:26	165.717	4036.83	30.1682	8.28732
2019-10-14.10:22:27	162.53	4054.77	30.1751	10.0294
2019-10-14.10:22:28	158.664	4076.6	30.1802	11.4845
2019-10-14.10:22:29	154.341	4101.05	30.1838	12.5497
2019-10-14.10:22:30	149.81	4126.76	30.1851	13.1667
2019-10-14.10:22:31	145.327	4152.42	30.1837	13.3129
2019-10-14.10:22:32	141.117	4176.95	24.7938	13.0493
2019-10-14.10:22:33	137.219	4200.6	18.7699	12.8594
2019-10-14.10:22:34	133.457	4223.61	14.7587	13.0184
2019-10-14.10:22:35	129.899	4245.69	12.3151	13.0422
2019-10-14.10:22:36	126.635	4266.24	10.0203	12.6272
2019-10-14.10:22:37	123.896	4284.71	7.4639	11.7413
2019-10-14.10:22:38	121.852	4300.6	5.38807	10.5689
2019-10-14.10:22:39	120.574	4313.49	4.37136	9.20265
2019-10-14.10:22:40	120.191	4323.09	3.99031	7.63861
2019-10-14.10:22:41	120.675	4329.27	3.38598	6.0215
2019-10-14.10:22:42	122.007	4332.19	2.34314	4.46113
2019-10-14.10:22:43	124.076	4332.19	1.45527	3.11586
2019-10-14.10:22:44	126.667	4329.78	1.24394	2.08872
2019-10-14.10:22:45	129.608	4325.61	1.40199	1.40901
2019-10-14.10:22:46	132.631	4320.45	1.23841	1.1501
2019-10-14.10:22:47	135.555	4315.23	0.690328	1.27805
2019-10-14.10:22:48	138.187	4310.84	0.348817	1.76366
2019-10-14.10:22:49	140.338	4308.08	0.470035	2.54667
2019-10-14.10:22:50	141.86	4307.64	0.594985	3.58285
2019-10-14.10:22:51	142.689	4310.05	0.37209	4.78929
2019-10-14.10:22:52	142.826	4315.63	0.0989758	6.06809
2019-10-14.10:22:53	142.275	4324.37	0.124398	7.34234
2019-10-14.10:22:54	141.06	4336.09	0.270529	8.55177
2019-10-14.10:22:55	139.279	4350.37	0.21431	9.62488
2019-10-14.10:22:56	137.079	4366.67	0.0234432	10.4822
2019-10-14.10:22:57	134.607	4384.26	-0.0305303	11.0621
2019-10-14.10:22:58	132.018	4402.35	0.0736289	11.3342
2019-10-14.10:22:59	129.484	4420.17	0.12451	11.283
2019-10-14.10:23:00	127.191	4437.01	0.0258584	10.9015
2019-10-14.10:23:01	125.315	4452.24	-0.0904822	10.2047
2019-10-14.10:23:02	123.988	4465.36	-0.0831517	9.24011
2019-10-14.10:23:03	123.296	4476	0.009046	8.08593
2019-10-14.10:23:04	123.285	4483.98	0.0439679	6.83673
2019-10-14.10:23:05	123.954	4489.3	-0.0239638	5.58918
2019-10-14.10:23:06	125.25	4492.11	-0.093161	4.43788
2019-10-14.10:23:07	127.059	4492.74	-0.0648437	3.47109
2019-10-14.10:23:08	129.227	4491.63	0.0200302	2.76192
2019-10-14.10:23:09	131.584	4489.39	0.0465702	2.35465
2019-10-14.10:23:10	133.963	4486.69	-0.004267	2.26013
2019-10-14.10:23:11	136.2	4484.23	-0.0364934	2.46527
2019-10-14.10:23:12	138.141	4482.69	0.0041477	2.94271
2019-10-14.10:23:13	139.654	4482.68	0.0505225	3.64899
2019-10-14.10:23:14	140.654	4484.7	0.0339632	4.52709
2019-10-14.10:23:15	141.102	4489.06	-0.0063745	5.51123
2019-10-14.10:23:16	140.984	4495.93	-0.0024347	6.53602
2019-10-14.10:23:17	140.32	4505.25	0.0298357	7.53981
2019-10-14.10:23:18	139.165	4516.81	0.0307238	8.4618
2019-10-14.10:23:19	137.61	4530.24	-0.0013692	9.24302
2019-10-14.10:23:20	135.761	4545.03	-0.0186848	9.83033
2019-10-14.10:23:21	133.743	4560.6	-0.0060226	10.1873
2019-10-14.10:23:22	131.697	4576.33	0.0034181	10.2905
2019-10-14.10:23:23	129.766	4591.64	-0.0140515	10.1305
2019-10-14.10:23:24	128.088	4605.95	-0.0398637	9.71449
2019-10-14.10:23:25	126.781	4618.82	-0.0456961	9.07041
2019-10-14.10:23:26	125.936	4629.88	-0.0331687	8.24594
2019-10-14.10:23:27	125.613	4638.89	-0.0264094	7.30433
2019-10-14.10:23:28	125.829	4645.78	-0.0358223	6.31821
2019-10-14.10:23:29	126.564	4650.57	-0.045346	5.36356
2019-10-14.10:23:30	127.753	4653.46	-0.0372884	4.51323
2019-10-14.10:23:31	129.299	4654.75	-0.0175337	3.82981
2019-10-14.10:23:32	131.08	4654.86	-0.0061188	3.35886
2019-10-14.10:23:33	132.965	4654.28	-0.0083401	3.12552
2019-10-14.10:23:34	134.819	4653.55	-0.0093155	3.13529
2019-10-14.10:23:35	136.512	4653.23	0.0011267	3.37678
2019-10-14.10:23:36	137.934	4653.84	0.0130473	3.82401
2019-10-14.10:23:37	138.994	4655.82	0.0136836	4.43704
2019-10-14.10:23:38	139.634	4659.5	0.0073357	5.16829
2019-10-14.10:23:39	139.826	4665.1	0.0066738	5.96707
[State]	Descent
2019-10-14.10:23:40	139.57	4672.66	0.0116335	6.78121
2019-10-14.10:23:41	138.894	4682.11	0.0116818	7.55921
2019-10-14.10:23:42	137.855	4693.23	0.0041428	8.2521
2019-10-14.10:23:43	136.525	4705.69	-0.0031648	8.81401
2019-10-14.10:23:44	134.999	4719.07	-0.0056664	9.20936
2019-10-14.10:23:45	133.384	4732.89	-0.007756	9.41257
2019-10-14.10:23:46	131.793	4746.68	-0.0143871	9.40967
2019-10-14.10:23:47	130.337	4759.96	-0.0233329	9.20005
2019-10-14.10:23:48	129.119	4772.32	-0.029043	8.79782
2019-10-14.10:23:49	128.223	4783.41	-0.030382	8.2319
2019-10-14.10:23:50	127.711	4792.99	-0.0309135	7.54431
2019-10-14.10:23:51	127.618	4800.9	-0.0327801	6.78698
2019-10-14.10:23:52	127.944	4807.12	-0.0336008	6.01746
2019-10-14.10:23:53	128.661	4811.73	-0.0302463	5.29387
2019-10-14.10:23:54	129.708	4814.9	-0.0235315	4.66943
2019-10-14.10:23:55	131.003	4816.91	-0.0171813	4.18759
2019-10-14.10:23:56	132.45	4818.13	-0.012912	3.87853
2019-10-14.10:23:57	133.942	4818.96	-0.0088801	3.75775
2019-10-14.10:23:58	135.375	4819.84	-0.0034373	3.82631
2019-10-14.10:23:59	136.652	4821.18	0.0018903	4.07199
2019-10-14.10:24:00	137.69	4823.39	0.004704	4.4712
2019-10-14.10:24:01	138.426	4826.78	0.0052584	4.991
2019-10-14.10:24:02	138.818	4831.58	0.0054486	5.59222
2019-10-14.10:24:03	138.853	4837.91	0.0059007	6.23396
2019-10-14.10:24:04	138.538	4845.79	0.005319	6.87399
2019-10-14.10:24:05	137.904	4855.1	0.0028356	7.47125
2019-10-14.10:24:06	136.997	4865.66	-0.0007674	7.98635
2019-10-14.10:24:07	135.885	4877.16	-0.0044907	8.3864
2019-10-14.10:24:08	134.647	4889.27	-0.0082478	8.64577
2019-10-14.10:24:09	133.371	4901.62	-0.0125942	8.74767
2019-10-14.10:24:10	132.145	4913.81	-0.0174723	8.68551
2019-10-14.10:24:11	131.056	4925.49	-0.0219966	8.46385
2019-10-14.10:24:12	130.18	4936.34	-0.0254024	8.09868
2019-10-14.10:24:13	129.576	4946.12	-0.0276412	7.61675
2019-10-14.10:24:14	129.286	4954.65	-0.0289122	7.05385
2019-10-14.10:24:15	129.327	4961.84	-0.0290248	6.45206
2019-10-14.10:24:16	129.691	4967.69	-0.0275595	5.85626
2019-10-14.10:24:17	130.347	4972.3	-0.0245336	5.31016
2019-10-14.10:24:18	131.244	4975.85	-0.0205801	4.85252
2019-10-14.10:24:19	132.313	4978.56	-0.0163928	4.51393
2019-10-14.10:24:20	133.476	4980.75	-0.0122319	4.31476
2019-10-14.10:24:21	134.649	4982.74	-0.0081233	4.2642
2019-10-14.10:24:22	135.752	4984.88	-0.004332	4.3604
2019-10-14.10:24:23	136.712	4987.49	-0.0013315	4.59145
2019-10-14.10:24:24	137.468	4990.86	0.0006504	4.93693
2019-10-14.10:24:25	137.975	4995.23	0.001766	5.36988
2019-10-14.10:24:26	138.205	5000.75	0.0021284	5.85838
2019-10-14.10:24:27	138.151	5007.48	0.001652	6.36911
2019-10-14.10:24:28	137.826	5015.42	0.0004054	6.86835
2019-10-14.10:24:29	137.256	5024.45	-0.0015842	7.3229
2019-10-14.10:24:30	136.487	5034.4	-0.0043073	7.70345
2019-10-14.10:24:31	135.574	5045.02	-0.007532	7.98555
2019-10-14.10:24:32	134.583	5056.04	-0.0109969	8.15116
2019-10-14.10:24:33	133.584	5067.14	-0.0145539	8.18985
2019-10-14.10:24:34	132.647	5078.05	-0.0180679	8.09966
2019-10-14.10:24:35	131.837	5088.47	-0.021272	7.88753
2019-10-14.10:24:36	131.211	5098.18	-0.0238139	7.56912
2019-10-14.10:24:37	130.811	5106.99	-0.0254276	7.16789
2019-10-14.10:24:38	130.663	5114.78	-0.0260094	6.71347
2019-10-14.10:24:39	130.774	5121.51	-0.025551	6.23938
2019-10-14.10:24:40	131.133	5127.19	-0.0240794	5.78022
2019-10-14.10:24:41	131.711	5131.92	-0.0217012	5.36881
2019-10-14.10:24:42	132.464	5135.85	-0.018664	5.03349
2019-10-14.10:24:43	133.335	5139.19	-0.0153111	4.79603
2019-10-14.10:24:44	134.263	5142.19	-0.0119555	4.67014
2019-10-14.10:24:45	135.182	5145.12	-0.0088157	4.66097
2019-10-14.10:24:46	136.029	5148.23	-0.0060604	4.76525
2019-10-14.10:24:47	136.751	5151.78	-0.0038558	4.97207
2019-10-14.10:24:48	137.301	5155.99	-0.0023338	5.26412
2019-10-14.10:24:49	137.648	5161.02	-0.0015384	5.61918
2019-10-14.10:24:50	137.774	5166.98	-0.0014442	6.01177
2019-10-14.10:24:51	137.677	5173.89	-0.0020198	6.4148
2019-10-14.10:24:52	137.369	5181.74	-0.0032427	6.80125
2019-10-14.10:24:53	136.877	5190.41	-0.0050563	7.1457
2019-10-14.10:24:54	136.239	5199.76	-0.0073475	7.4258
2019-10-14.10:24:55	135.5	5209.59	-0.009975	7.62356
2019-10-14.10:24:56	134.715	5219.67	-0.0127968	7.72649
2019-10-14.10:24:57	133.94	5229.76	-0.0156562	7.72841
2019-10-14.10:24:58	133.227	5239.64	-0.0183597	7.63
2019-10-14.10:24:59	132.627	5249.08	-0.0206904	7.43889
2019-10-14.10:25:00	132.182	5257.92	-0.0224523	7.16927
2019-10-14.10:25:01	131.92	5266.02	-0.0235014	6.84099
2019-10-14.10:25:02	131.859	5273.3	-0.0237532	6.47807
2019-10-14.10:25:03	132	5279.73	-0.0231851	6.10685
2019-10-14.10:25:04	132.331	5285.35	-0.0218508	5.7539
2019-10-14.10:25:05	132.826	5290.25	-0.0198875	5.4439
2019-10-14.10:25:06	133.447	5294.56	-0.0174944	5.19768
2019-10-14.10:25:07	134.151	5298.44	-0.0148904	5.0308
2019-10-14.10:25:08	134.887	5302.11	-0.0122823	4.95254
2019-10-14.10:25:09	135.604	5305.76	-0.0098537	4.96558
2019-10-14.10:25:10	136.255	5309.61	-0.007763	5.06617
2019-10-14.10:25:11	136.799	5313.85	-0.0061317	5.24472
2019-10-14.10:25:12	137.201	5318.64	-0.0050346	5.48679
2019-10-14.10:25:13	137.439	5324.1	-0.0045044	5.77426
2019-10-14.10:25:14	137.502	5330.3	-0.0045457	6.08664
2019-10-14.10:25:15	137.39	5337.25	-0.0051425	6.40241
2019-10-14.10:25:16	137.117	5344.92	-0.0062534	6.70035
2019-10-14.10:25:17	136.704	5353.21	-0.0078088	6.96081
2019-10-14.10:25:18	136.183	5362.01	-0.0097165	7.16687
2019-10-14.10:25:19	135.594	5371.14	-0.0118676	7.30535
2019-10-14.10:25:20	134.977	5380.43	-0.0141358	7.36764
2019-10-14.10:25:21	134.378	5389.69	-0.016376	7.35029
2019-10-14.10:25:22	133.838	5398.75	-0.0184313	7.25527
2019-10-14.10:25:23	133.395	5407.43	-0.0201488	7.08995
2019-10-14.10:25:24	133.078	5415.61	-0.0213957	6.8666
2019-10-14.10:25:25	132.909	5423.19	-0.0220727	6.60154
2019-10-14.10:25:26	132.898	5430.11	-0.0221257	6.31395
2019-10-14.10:25:27	133.044	5436.37	-0.0215558	6.02442
2019-10-14.10:25:28	133.336	5442	-0.0204236	5.7533
2019-10-14.10:25:29	133.75	5447.08	-0.0188406	5.51916
2019-10-14.10:25:30	134.257	5451.71	-0.0169523	5.33743
2019-10-14.10:25:31	134.821	5456.04	-0.0149182	5.21932
2019-10-14.10:25:32	135.403	5460.24	-0.0128965	5.17118
2019-10-14.10:25:33	135.962	5464.45	-0.0110313	5.19423
2019-10-14.10:25:34	136.464	5468.85	-0.0094431	5.28478
2019-10-14.10:25:35	136.875	5473.59	-0.0082216	5.43466
2019-10-14.10:25:36	137.172	5478.77	-0.0074253	5.63203
2019-10-14.10:25:37	137.337	5484.5	-0.0070847	5.86225
2019-10-14.10:25:38	137.365	5490.8	-0.007205	6.10899
2019-10-14.10:25:39	137.256	5497.7	-0.0077681	6.35525
2019-10-14.10:25:40	137.022	5505.15	-0.0087333	6.58446
2019-10-14.10:25:41	136.684	5513.07	-0.01004	6.78146
2019-10-14.10:25:42	136.266	5521.37	-0.0116102	6.93347
2019-10-14.10:25:43	135.8	5529.9	-0.0133498	7.0308
2019-10-14.10:25:44	135.319	5538.54	-0.0151504	7.06754
2019-10-14.10:25:45	134.858	5547.13	-0.0168938	7.04188
2019-10-14.10:25:46	134.45	5555.53	-0.01846	6.95628
2019-10-14.10:25:47	134.121	5563.62	-0.0197361	6.81733
2019-10-14.10:25:48	133.895	5571.29	-0.0206273	6.6353
2019-10-14.10:25:49	133.787	5578.49	-0.0210666	6.42338
2019-10-14.10:25:50	133.803	5585.16	-0.0210236	6.19674
2019-10-14.10:25:51	133.941	5591.31	-0.0205101	5.97136
2019-10-14.10:25:52	134.19	5596.97	-0.0195786	5.76284
2019-10-14.10:25:53	134.532	5602.21	-0.0183158	5.58523
2019-10-14.10:25:54	134.942	5607.12	-0.0168315	5.45001
2019-10-14.10:25:55	135.392	5611.81	-0.015247	5.36537
2019-10-14.10:25:56	135.85	5616.41	-0.0136828	5.33569
2019-10-14.10:25:57	136.288	5621.05	-0.012249	5.36143
2019-10-14.10:25:58	136.675	5625.86	-0.0110377	5.43922
2019-10-14.10:25:59	136.989	5630.94	-0.0101189	5.56228
2019-10-14.10:26:00	137.211	5636.38	-0.0095399	5.72102
2019-10-14.10:26:01	137.329	5642.25	-0.0093251	5.90375
2019-10-14.10:26:02	137.338	5648.58	-0.0094774	6.09752
2019-10-14.10:26:03	137.241	5655.37	-0.0099799	6.28898
2019-10-14.10:26:04	137.049	5662.59	-0.010797	6.46522
2019-10-14.10:26:05	136.776	5670.17	-0.0118768	6.61458
2019-10-14.10:26:06	136.445	5678.02	-0.0131528	6.72736
2019-10-14.10:26:07	136.08	5686.05	-0.0145456	6.79642
2019-10-14.10:26:08	135.707	5694.15	-0.0159667	6.81765
2019-10-14.10:26:09	135.354	5702.19	-0.0173225	6.79019
2019-10-14.10:26:10	135.044	5710.06	-0.0185209	6.7165
2019-10-14.10:26:11	134.8	5717.69	-0.0194777	6.60222
2019-10-14.10:26:12	134.639	5724.97	-0.020125	6.45572
2019-10-14.10:26:13	134.57	5731.88	-0.0204178	6.28754
2019-10-14.10:26:14	134.599	5738.37	-0.0203393	6.10957
2019-10-14.10:26:15	134.721	5744.45	-0.0199035	5.9342
2019-10-14.10:26:16	134.93	5750.16	-0.0191534	5.77339
