DateTime	ASI:airspeed	Altimeter:altitude	RC:roll	HI:heading
[State]	Standing
2019-10-14.15:34:50	0.474726	1654.61	-0.0010306	0.0033878
[State]	Taxiing
2019-10-14.15:34:51	0.204895	1654.64	-0.0041994	0.0965602
2019-10-14.15:34:52	0.0715001	1654.77	-0.0294292	0.294305
2019-10-14.15:34:53	0.240449	1654.79	-0.0468263	-0.198354
2019-10-14.15:34:54	2.53354	1654.79	-0.147671	0.0152544
2019-10-14.15:34:55	6.14408	1654.79	-0.181359	0.193909
2019-10-14.15:34:56	10.04	1654.79	-0.20184	0.2647
2019-10-14.15:34:57	13.94	1654.79	-0.301465	0.313881
2019-10-14.15:34:58	17.7513	1654.79	-0.574894	0.395674
2019-10-14.15:34:59	21.5089	1654.79	-0.946949	0.510722
2019-10-14.15:35:00	25.2011	1654.79	-1.31394	0.592143
2019-10-14.15:35:01	28.818	1654.8	-1.59442	0.626702
2019-10-14.15:35:02	32.3635	1654.8	-1.76279	0.639021
2019-10-14.15:35:03	35.7893	1654.8	-1.92943	0.680723
2019-10-14.15:35:04	39.0831	1654.81	-2.06132	0.719349
2019-10-14.15:35:05	42.2584	1654.81	-2.13987	0.754411
2019-10-14.15:35:06	45.3409	1654.81	-2.16891	0.795504
2019-10-14.15:35:07	48.3614	1654.82	-2.1508	0.845228
2019-10-14.15:35:08	51.3487	1654.82	-2.07266	0.907794
2019-10-14.15:35:09	54.3243	1654.82	-1.95848	0.969958
2019-10-14.15:35:10	57.3029	1654.83	-1.8184	1.0315
2019-10-14.15:35:11	60.2949	1654.83	-1.65821	1.09361
2019-10-14.15:35:12	63.3078	1654.84	-1.48135	1.15697
2019-10-14.15:35:13	66.347	1654.84	-1.29005	1.22172
2019-10-14.15:35:14	69.4166	1654.85	-1.086	1.28776
2019-10-14.15:35:15	72.5195	1654.86	-0.870653	1.35491
2019-10-14.15:35:16	75.6575	1654.86	-0.645336	1.42293
2019-10-14.15:35:17	78.831	1654.87	-0.411386	1.49155
2019-10-14.15:35:18	82.0421	1654.88	-0.193906	1.55761
2019-10-14.15:35:19	85.329	1654.89	-0.130812	1.62151
2019-10-14.15:35:20	88.6701	1654.92	-0.0142092	3.26451
[State]	TakeOff
2019-10-14.15:35:21	91.2548	1655.95	0.306865	12.3493
2019-10-14.15:35:22	90.8156	1663.36	6.06995	11.7071
2019-10-14.15:35:23	89.9281	1671.26	12.2997	11.6002
2019-10-14.15:35:24	89.1245	1677.45	19.2568	12.2413
2019-10-14.15:35:25	88.2903	1682.52	27.1709	12.8726
2019-10-14.15:35:26	87.6627	1686.26	30.4622	12.9873
2019-10-14.15:35:27	87.1814	1689.22	30.3809	12.1495
2019-10-14.15:35:28	86.9003	1691.8	30.3747	11.5331
2019-10-14.15:35:29	86.707	1694.16	30.3617	11.4915
2019-10-14.15:35:30	86.5275	1696.41	30.3495	11.8919
2019-10-14.15:35:31	86.321	1698.6	30.3449	12.3323
2019-10-14.15:35:32	86.101	1700.72	30.348	12.5158
2019-10-14.15:35:33	85.9016	1702.75	30.3531	12.4151
2019-10-14.15:35:34	85.7448	1704.71	30.3552	12.1985
2019-10-14.15:35:35	85.6292	1706.56	30.3531	12.0566
2019-10-14.15:35:36	85.5352	1708.33	30.3487	12.0665
2019-10-14.15:35:37	85.3722	1710.23	24.9568	12.2572
2019-10-14.15:35:38	84.7652	1713.58	18.4736	13.0285
2019-10-14.15:35:39	83.681	1719.04	11.8907	12.7529
2019-10-14.15:35:40	82.5243	1725.12	4.91819	13.0212
2019-10-14.15:35:41	81.3404	1731.18	-2.58431	13.4762
2019-10-14.15:35:42	80.3587	1736.81	-0.0319403	13.006
2019-10-14.15:35:43	79.9394	1741.42	3.44698	11.992
2019-10-14.15:35:44	79.8852	1744.52	5.31669	12.3342
2019-10-14.15:35:45	79.7638	1747.15	3.94804	12.562
2019-10-14.15:35:46	79.6854	1749.97	0.146903	12.3194
2019-10-14.15:35:47	79.6569	1752.99	-3.30757	12.6099
[State]	Climb
2019-10-14.15:35:48	79.4124	1756.21	-3.65299	13.0064
2019-10-14.15:35:49	79.163	1759.58	-0.562316	12.6677
2019-10-14.15:35:50	79.1205	1762.76	3.64244	12.3628
2019-10-14.15:35:51	79.1094	1765.35	5.63162	12.5431
2019-10-14.15:35:52	79.1069	1767.52	3.72751	12.591
2019-10-14.15:35:53	79.1642	1769.9	-0.757445	12.3578
2019-10-14.15:35:54	79.1949	1772.6	-4.40955	12.9101
2019-10-14.15:35:55	78.9139	1775.64	-4.2273	13.4142
2019-10-14.15:35:56	78.6134	1778.99	-0.249047	12.9974
2019-10-14.15:35:57	78.5017	1782.2	4.44207	12.8156
2019-10-14.15:35:58	78.4068	1784.76	6.49697	13.0635
2019-10-14.15:35:59	78.4343	1786.75	3.88731	12.607
2019-10-14.15:36:00	78.652	1788.71	-1.51284	12.2518
2019-10-14.15:36:01	78.8206	1790.93	-5.53315	12.975
2019-10-14.15:36:02	78.6347	1793.49	-4.8562	13.4731
2019-10-14.15:36:03	78.4387	1796.45	-0.101089	12.8874
2019-10-14.15:36:04	78.4078	1799.35	4.27725	12.8161
2019-10-14.15:36:05	78.3318	1801.7	8.02868	13.3031
2019-10-14.15:36:06	78.3336	1803.5	4.7415	12.8454
2019-10-14.15:36:07	78.5501	1805.37	-1.62496	12.2609
2019-10-14.15:36:08	78.7144	1807.5	-6.41897	13.1992
2019-10-14.15:36:09	78.4724	1809.99	-5.72441	13.7922
2019-10-14.15:36:10	78.2328	1812.89	-0.641745	12.9578
2019-10-14.15:36:11	78.2344	1815.71	3.48615	12.7412
2019-10-14.15:36:12	78.1849	1817.94	7.18949	13.1856
2019-10-14.15:36:13	78.243	1819.47	6.59698	13.34
2019-10-14.15:36:14	78.3711	1821.19	-0.092246	12.5385
2019-10-14.15:36:15	78.4757	1823.44	-6.42905	13.501
2019-10-14.15:36:16	78.0624	1826.17	-6.80518	14.6301
2019-10-14.15:36:17	77.54	1829.43	-1.8736	13.7706
2019-10-14.15:36:18	77.377	1832.64	2.24256	13.1507
2019-10-14.15:36:19	77.257	1835.13	5.57047	13.3747
2019-10-14.15:36:20	77.3383	1836.68	9.77078	13.4649
2019-10-14.15:36:21	77.6017	1837.68	2.95675	12.8786
2019-10-14.15:36:22	77.9468	1839.28	-3.77426	12.9503
2019-10-14.15:36:23	77.7954	1841.45	-7.67967	14.7284
2019-10-14.15:36:24	77.2343	1844.32	-4.1465	14.5283
2019-10-14.15:36:25	76.9946	1847.5	0.594073	13.1468
2019-10-14.15:36:26	77.0044	1849.99	3.87594	13.0513
2019-10-14.15:36:27	77.1317	1851.5	7.47445	13.1565
2019-10-14.15:36:28	77.4837	1852.16	7.84692	13.5654
2019-10-14.15:36:29	77.779	1853.31	0.309822	12.8297
2019-10-14.15:36:30	77.8035	1855.42	-5.76648	14.2514
2019-10-14.15:36:31	77.209	1858.32	-7.32304	15.3623
2019-10-14.15:36:32	76.68	1861.6	-2.08972	13.6909
2019-10-14.15:36:33	76.7585	1864.31	1.79392	12.6816
2019-10-14.15:36:34	77.0065	1865.91	4.95403	12.6082
2019-10-14.15:36:35	77.4002	1866.52	9.13752	13.3405
2019-10-14.15:36:36	77.7238	1867.08	4.94104	13.3109
2019-10-14.15:36:37	77.9415	1868.73	-1.88094	13.328
2019-10-14.15:36:38	77.5816	1871.43	-7.87374	15.0021
2019-10-14.15:36:39	76.9082	1874.63	-5.53628	14.8537
2019-10-14.15:36:40	76.6256	1877.78	-0.442632	13.1639
2019-10-14.15:36:41	76.8069	1880.06	2.95328	12.6065
2019-10-14.15:36:42	77.1265	1881.21	6.30613	12.7442
2019-10-14.15:36:43	77.5434	1881.61	9.73663	13.6217
2019-10-14.15:36:44	77.817	1882.48	2.1934	12.9936
2019-10-14.15:36:45	77.8971	1884.52	-4.08565	13.9826
2019-10-14.15:36:46	77.3507	1887.47	-7.97828	15.2924
2019-10-14.15:36:47	76.736	1890.71	-3.42583	14.1795
2019-10-14.15:36:48	76.7002	1893.6	0.925122	12.7951
2019-10-14.15:36:49	76.9256	1895.45	4.0866	12.5894
2019-10-14.15:36:50	77.3032	1896.23	7.85835	13.0505
2019-10-14.15:36:51	77.6854	1896.61	7.04334	13.549
2019-10-14.15:36:52	77.9431	1897.92	-0.252694	13.0336
2019-10-14.15:36:53	77.7728	1900.34	-6.25536	14.6301
2019-10-14.15:36:54	77.1253	1903.45	-7.00328	15.1629
2019-10-14.15:36:55	76.6762	1906.65	-1.58238	13.512
2019-10-14.15:36:56	76.804	1909.2	2.13318	12.6235
2019-10-14.15:36:57	77.0797	1910.63	5.31946	12.6041
2019-10-14.15:36:58	77.4931	1911.13	9.68308	13.3974
2019-10-14.15:36:59	77.8106	1911.72	4.09852	13.162
2019-10-14.15:37:00	78.0077	1913.46	-2.54308	13.4683
2019-10-14.15:37:01	77.5884	1916.22	-8.48356	15.0773
2019-10-14.15:37:02	76.928	1919.41	-4.91493	14.635
2019-10-14.15:37:03	76.7292	1922.47	-0.0201084	12.9984
2019-10-14.15:37:04	76.9258	1924.61	3.28679	12.57
2019-10-14.15:37:05	77.2632	1925.63	6.74775	12.7889
2019-10-14.15:37:06	77.6769	1925.99	9.02984	13.6138
2019-10-14.15:37:07	77.9434	1926.98	1.40977	12.9262
2019-10-14.15:37:08	77.9589	1929.12	-4.75592	14.1621
2019-10-14.15:37:09	77.3735	1932.12	-7.6132	15.2637
2019-10-14.15:37:10	76.8014	1935.34	-2.82067	13.9216
2019-10-14.15:37:11	76.8282	1938.12	1.32272	12.6865
2019-10-14.15:37:12	77.0681	1939.83	4.4756	12.5542
2019-10-14.15:37:13	77.4593	1940.5	8.42614	13.1311
2019-10-14.15:37:14	77.8209	1940.92	6.04288	13.4002
2019-10-14.15:37:15	78.0708	1942.36	-1.03806	13.0988
2019-10-14.15:37:16	77.8118	1944.89	-7.01744	14.7664
2019-10-14.15:37:17	77.1515	1948.02	-6.36177	14.9842
2019-10-14.15:37:18	76.7804	1951.19	-1.02988	13.2817
2019-10-14.15:37:19	76.9423	1953.59	2.53409	12.561
2019-10-14.15:37:20	77.2379	1954.87	5.79705	12.6107
2019-10-14.15:37:21	77.6563	1955.3	10.1179	13.468
2019-10-14.15:37:22	77.9509	1956.01	3.11946	13.0057
2019-10-14.15:37:23	78.0991	1957.88	-3.32998	13.6622
2019-10-14.15:37:24	77.6131	1960.73	-8.49443	15.1521
2019-10-14.15:37:25	76.9706	1963.92	-4.15119	14.3504
2019-10-14.15:37:26	76.8608	1966.89	0.478662	12.8259
2019-10-14.15:37:27	77.0722	1968.87	3.71191	12.5289
2019-10-14.15:37:28	77.4301	1969.75	7.33392	12.8688
2019-10-14.15:37:29	77.8287	1970.1	7.97603	13.5543
2019-10-14.15:37:30	78.0886	1971.25	0.480244	12.9045
2019-10-14.15:37:31	78.0093	1973.53	-5.58235	14.3735
2019-10-14.15:37:32	77.3856	1976.57	-7.37268	15.1745
2019-10-14.15:37:33	76.8773	1979.78	-2.12543	13.6289
2019-10-14.15:37:34	76.9668	1982.42	1.7872	12.5865
2019-10-14.15:37:35	77.2255	1983.96	4.96011	12.5236
2019-10-14.15:37:36	77.6294	1984.52	9.14644	13.2348
2019-10-14.15:37:37	77.9642	1985.02	4.88549	13.2059
2019-10-14.15:37:38	78.1901	1986.62	-1.93684	13.239
2019-10-14.15:37:39	77.8337	1989.28	-7.93126	14.9035
2019-10-14.15:37:40	77.17	1992.43	-5.5136	14.7326
2019-10-14.15:37:41	76.9012	1995.52	-0.416376	13.0448
2019-10-14.15:37:42	77.0877	1997.76	2.99868	12.5084
2019-10-14.15:37:43	77.4072	1998.87	6.38267	12.6566
2019-10-14.15:37:44	77.8242	1999.24	9.60205	13.5248
2019-10-14.15:37:45	78.0976	2000.1	2.00773	12.8783
2019-10-14.15:37:46	78.169	2002.13	-4.25346	13.9215
2019-10-14.15:37:47	77.6166	2005.06	-7.84396	15.1909
2019-10-14.15:37:48	77.0138	2008.27	-3.28772	14.0143
2019-10-14.15:37:49	76.9959	2011.11	1.03948	12.6707
2019-10-14.15:37:50	77.2238	2012.91	4.22569	12.4953
2019-10-14.15:37:51	77.6017	2013.64	8.06675	12.9937
2019-10-14.15:37:52	77.9728	2014.02	6.63952	13.4141
2019-10-14.15:37:53	78.2275	2015.36	-0.589199	12.9657
2019-10-14.15:37:54	78.0241	2017.8	-6.58366	14.6032
2019-10-14.15:37:55	77.3702	2020.89	-6.73789	15.0051
2019-10-14.15:37:56	76.953	2024.06	-1.34879	13.3277
2019-10-14.15:37:57	77.0964	2026.54	2.32845	12.5149
2019-10-14.15:37:58	77.3784	2027.88	5.56914	12.5335
2019-10-14.15:37:59	77.7902	2028.33	9.99872	13.3662
2019-10-14.15:38:00	78.0912	2028.97	3.55946	13.0047
2019-10-14.15:38:01	78.2639	2030.76	-2.98573	13.4911
2019-10-14.15:38:02	77.8085	2033.54	-8.58611	15.0534
2019-10-14.15:38:03	77.1551	2036.72	-4.49796	14.4053
2019-10-14.15:38:04	77.0061	2039.71	0.266409	12.829
2019-10-14.15:38:05	77.2096	2041.75	3.5512	12.4813
2019-10-14.15:38:06	77.5557	2042.67	7.11811	12.7774
2019-10-14.15:38:07	77.9561	2043	8.3649	13.5274
2019-10-14.15:38:08	78.2146	2044.08	0.795259	12.8437
2019-10-14.15:38:09	78.1713	2046.29	-5.30399	14.2384
2019-10-14.15:38:10	77.559	2049.29	-7.46752	15.1535
2019-10-14.15:38:11	77.0262	2052.49	-2.36445	13.6671
2019-10-14.15:38:12	77.0948	2055.17	1.64347	12.5605
2019-10-14.15:38:13	77.3449	2056.75	4.82272	12.4809
2019-10-14.15:38:14	77.7414	2057.32	8.94169	13.1584
2019-10-14.15:38:15	78.0793	2057.78	5.18526	13.2127
2019-10-14.15:38:16	78.3118	2059.32	-1.71364	13.1427
2019-10-14.15:38:17	77.9811	2061.92	-7.70017	14.8235
2019-10-14.15:38:18	77.3156	2065.05	-5.72604	14.7519
2019-10-14.15:38:19	77.0185	2068.14	-0.57089	13.0553
2019-10-14.15:38:20	77.199	2070.41	2.89515	12.4755
2019-10-14.15:38:21	77.51	2071.54	6.25787	12.6045
2019-10-14.15:38:22	77.9241	2071.9	9.77611	13.4812
2019-10-14.15:38:23	78.1977	2072.71	2.22934	12.8599
2019-10-14.15:38:24	78.2863	2074.69	-4.07113	13.8235
2019-10-14.15:38:25	77.7464	2077.58	-7.96302	15.1518
2019-10-14.15:38:26	77.133	2080.77	-3.46265	14.0404
2019-10-14.15:38:27	77.0976	2083.62	0.936767	12.6582
2019-10-14.15:38:28	77.3214	2085.43	4.14051	12.4651
2019-10-14.15:38:29	77.6939	2086.16	7.9448	12.9377
2019-10-14.15:38:30	78.0675	2086.51	6.85094	13.4088
2019-10-14.15:38:31	78.3226	2087.8	-0.430474	12.9135
2019-10-14.15:38:32	78.1397	2090.19	-6.43268	14.5336
2019-10-14.15:38:33	77.4896	2093.25	-6.8681	15.0001
2019-10-14.15:38:34	77.0576	2096.41	-1.46719	13.3341
2019-10-14.15:38:35	77.1944	2098.88	2.25513	12.4885
2019-10-14.15:38:36	77.4718	2100.23	5.49126	12.4984
2019-10-14.15:38:37	77.8812	2100.68	9.9146	13.3189
2019-10-14.15:38:38	78.185	2101.27	3.72131	12.9959
2019-10-14.15:38:39	78.3659	2103.01	-2.85943	13.4206
2019-10-14.15:38:40	77.9227	2105.76	-8.5921	15.0038
2019-10-14.15:38:41	77.2674	2108.91	-4.63023	14.413
2019-10-14.15:38:42	77.105	2111.89	0.185997	12.8177
2019-10-14.15:38:43	77.3063	2113.92	3.49303	12.4526
2019-10-14.15:38:44	77.6481	2114.85	7.04236	12.7325
2019-10-14.15:38:45	78.0493	2115.16	8.49635	13.5026
2019-10-14.15:38:46	78.308	2116.19	0.903469	12.8104
2019-10-14.15:38:47	78.2776	2118.36	-5.20983	14.1763
2019-10-14.15:38:48	77.6707	2121.33	-7.49904	15.1292
2019-10-14.15:38:49	77.1313	2124.51	-2.44962	13.6636
2019-10-14.15:38:50	77.1937	2127.17	1.59639	12.5357
2019-10-14.15:38:51	77.4413	2128.75	4.78215	12.4531
2019-10-14.15:38:52	77.8353	2129.31	8.88125	13.1171
2019-10-14.15:38:53	78.1745	2129.74	5.27896	13.1981
2019-10-14.15:38:54	78.4093	2131.25	-1.64516	13.0956
2019-10-14.15:38:55	78.0875	2133.81	-7.62941	14.7796
2019-10-14.15:38:56	77.4229	2136.91	-5.79838	14.7383
2019-10-14.15:38:57	77.1187	2139.99	-0.615843	13.0375
2019-10-14.15:38:58	77.298	2142.24	2.87083	12.4471
2019-10-14.15:38:59	77.6063	2143.36	6.2312	12.5721
2019-10-14.15:39:00	78.0194	2143.71	9.81166	13.4494
2019-10-14.15:39:01	78.2932	2144.49	2.27573	12.8338
2019-10-14.15:39:02	78.3863	2146.43	-4.03469	13.7784
2019-10-14.15:39:03	77.8522	2149.29	-7.9443	15.1204
2019-10-14.15:39:04	77.3839	2152.48	-1.41784	13.8337
2019-10-14.15:39:05	77.8905	2155.05	2.93587	12.8027
2019-10-14.15:39:06	78.998	2156.09	-1.04036	12.5505
2019-10-14.15:39:07	80.5512	2156.36	-11.3181	11.6762
2019-10-14.15:39:08	82.5287	2156.14	-19.6575	13.3816
2019-10-14.15:39:09	84.1336	2155.68	-28.0358	15.5066
2019-10-14.15:39:10	85.6444	2154.7	-29.4032	14.6524
2019-10-14.15:39:11	87.3404	2153.92	-29.3991	11.042
2019-10-14.15:39:12	89.1105	2153.4	-29.3953	8.65819
2019-10-14.15:39:13	90.393	2153.59	-29.3692	9.16319
2019-10-14.15:39:14	91.1885	2155.36	-29.3223	11.0751
2019-10-14.15:39:15	91.8225	2158.47	-29.3071	12.5566
2019-10-14.15:39:16	92.188	2162.2	-29.3244	13.2039
2019-10-14.15:39:17	92.5052	2166.23	-29.3507	12.5885
2019-10-14.15:39:18	92.9226	2170.26	-29.3621	11.6032
2019-10-14.15:39:19	93.4308	2174.23	-29.3579	11.0455
2019-10-14.15:39:20	93.8949	2178.31	-29.3471	11.2659
2019-10-14.15:39:21	94.2378	2182.68	-29.339	11.7005
2019-10-14.15:39:22	94.4457	2187.43	-25.194	12.0453
2019-10-14.15:39:23	94.5143	2193.03	-20.4131	11.7452
2019-10-14.15:39:24	94.3943	2199.35	-15.5177	11.7794
2019-10-14.15:39:25	94.0893	2206.33	-10.2268	12.0725
2019-10-14.15:39:26	93.6804	2213.78	-4.37459	12.4835
2019-10-14.15:39:27	93.2253	2221.47	2.00297	12.8403
2019-10-14.15:39:28	92.7694	2229.15	1.75109	12.9524
2019-10-14.15:39:29	92.4482	2236.78	-0.53202	12.7986
2019-10-14.15:39:30	92.2102	2244.17	-1.70592	12.7266
2019-10-14.15:39:31	92.0618	2251.24	-0.722766	12.437
2019-10-14.15:39:32	92.1417	2257.84	1.38121	12.0124
2019-10-14.15:39:33	92.3162	2263.84	2.51196	11.7913
2019-10-14.15:39:34	92.5872	2269.38	1.52243	11.6742
2019-10-14.15:39:35	92.9315	2274.9	-0.661085	11.6923
2019-10-14.15:39:36	93.2129	2280.67	-1.93588	11.92
2019-10-14.15:39:37	93.3174	2286.82	-1.0648	12.1154
2019-10-14.15:39:38	93.3576	2293.36	1.07024	12.2182
2019-10-14.15:39:39	93.212	2300.13	2.35278	12.5159
2019-10-14.15:39:40	92.9427	2307.11	1.52324	12.6848
2019-10-14.15:39:41	92.6979	2314.31	-0.619737	12.7414
2019-10-14.15:39:42	92.4643	2321.61	-1.9957	12.8662
2019-10-14.15:39:43	92.1869	2328.92	-1.26341	12.8242
2019-10-14.15:39:44	92.0444	2336.04	0.864565	12.5462
2019-10-14.15:39:45	91.9551	2342.75	2.33717	12.4139
2019-10-14.15:39:46	91.9496	2349.02	1.73522	12.1969
2019-10-14.15:39:47	92.1276	2354.98	-0.386528	11.9273
2019-10-14.15:39:48	92.4345	2360.74	-1.99592	11.8582
2019-10-14.15:39:49	92.6927	2366.44	-1.51517	11.831
2019-10-14.15:39:50	93.0005	2372.19	0.596353	11.6886
2019-10-14.15:39:51	93.222	2377.95	2.28334	11.8211
2019-10-14.15:39:52	93.3127	2383.83	1.90174	11.9927
2019-10-14.15:39:53	93.3649	2390.01	-0.176269	12.1121
2019-10-14.15:39:54	93.3738	2396.56	-1.91409	12.3793
2019-10-14.15:39:55	93.1945	2403.48	-1.59462	12.6267
2019-10-14.15:39:56	92.9942	2410.68	0.457774	12.6094
2019-10-14.15:39:57	92.7359	2417.86	2.23233	12.6985
2019-10-14.15:39:58	92.4403	2424.91	2.00599	12.7036
2019-10-14.15:39:59	92.2574	2431.8	-0.0121553	12.5278
2019-10-14.15:40:00	92.2355	2438.51	-1.88983	12.4263
2019-10-14.15:40:01	92.2192	2445	-1.80016	12.3371
2019-10-14.15:40:02	92.3355	2451.27	0.179622	12.0109
2019-10-14.15:40:03	92.5283	2457.21	2.14855	11.8598
2019-10-14.15:40:04	92.7115	2462.86	2.20563	11.8108
2019-10-14.15:40:05	92.9533	2468.42	0.286267	11.7045
[State]	Cruise
2019-10-14.15:40:06	93.261	2474.1	-1.75602	11.7825
2019-10-14.15:40:07	93.4148	2480.02	-1.90858	12.0114
2019-10-14.15:40:08	93.5	2486.26	-0.0230217	12.0415
2019-10-14.15:40:09	93.4977	2492.72	2.04528	12.2025
2019-10-14.15:40:10	93.3339	2499.32	2.27007	12.4329
2019-10-14.15:40:11	93.1364	2506.1	0.435698	12.4875
2019-10-14.15:40:12	92.9991	2513.07	-1.67642	12.5788
2019-10-14.15:40:13	92.7735	2520.12	-1.99678	12.7135
2019-10-14.15:40:14	92.5856	2527.17	-0.21524	12.5356
2019-10-14.15:40:15	92.4895	2533.99	1.94317	12.3734
2019-10-14.15:40:16	92.405	2540.42	2.39399	12.2899
2019-10-14.15:40:17	92.4364	2546.55	0.694348	12.0481
2019-10-14.15:40:18	92.6542	2552.48	-1.54036	11.8955
2019-10-14.15:40:19	92.8535	2558.3	-2.13587	11.9323
2019-10-14.15:40:20	93.0594	2564.13	-0.501901	11.7874
2019-10-14.15:40:21	93.3048	2569.94	1.77724	11.7274
2019-10-14.15:40:22	93.4275	2575.71	2.48025	11.8902
2019-10-14.15:40:23	93.4944	2581.62	0.925031	11.949
2019-10-14.15:40:24	93.5896	2587.81	-1.37605	12.0796
2019-10-14.15:40:25	93.5405	2594.31	-2.15573	12.3786
2019-10-14.15:40:26	93.3881	2601.12	-0.650039	12.4328
2019-10-14.15:40:27	93.2453	2608.06	1.65802	12.4291
2019-10-14.15:40:28	93.0069	2614.91	2.51409	12.5506
2019-10-14.15:40:29	92.7899	2621.66	1.089	12.4618
2019-10-14.15:40:30	92.729	2628.32	-1.25512	12.3436
2019-10-14.15:40:31	92.6889	2634.86	-2.24437	12.3688
2019-10-14.15:40:32	92.6764	2641.27	-0.90941	12.1715
2019-10-14.15:40:33	92.8073	2647.45	1.46501	11.9098
2019-10-14.15:40:34	92.9243	2653.3	2.58449	11.8901
2019-10-14.15:40:35	93.0679	2658.95	1.36507	11.7774
2019-10-14.15:40:36	93.3231	2664.61	-1.02874	11.7151
2019-10-14.15:40:37	93.53	2670.39	-2.25917	11.9039
2019-10-14.15:40:38	93.617	2676.41	-1.11094	11.9723
2019-10-14.15:40:39	93.7078	2682.64	1.28568	11.9597
2019-10-14.15:40:40	93.6533	2688.95	2.57938	12.1896
2019-10-14.15:40:41	93.5112	2695.37	1.51238	12.2839
2019-10-14.15:40:42	93.4192	2701.99	-0.880644	12.3191
2019-10-14.15:40:43	93.2956	2708.75	-2.50877	12.486
2019-10-14.15:40:44	94.1062	2713.85	-10.1629	3.90368
2019-10-14.15:40:45	98.7178	2707.64	-17.8637	0.263244
2019-10-14.15:40:46	103.094	2696.76	-25.909	1.78137
2019-10-14.15:40:47	106.936	2686.51	-29.4893	-0.451735
2019-10-14.15:40:48	110.999	2675.05	-29.4656	-2.30561
2019-10-14.15:40:49	114.849	2663.3	-29.4682	-2.24423
2019-10-14.15:40:50	118.045	2652.86	-29.461	-0.780537
2019-10-14.15:40:51	120.922	2643.78	-29.4488	-0.603019
2019-10-14.15:40:52	123.546	2634.98	-29.453	-0.607732
2019-10-14.15:40:53	126.08	2626.5	-29.4589	-1.10136
2019-10-14.15:40:54	128.479	2618.27	-29.4606	-1.25137
2019-10-14.15:40:55	130.692	2610.31	-29.4578	-1.03698
2019-10-14.15:40:56	132.701	2602.64	-29.4563	-0.921505
2019-10-14.15:40:57	134.566	2595.17	-29.4584	-1.03129
2019-10-14.15:40:58	136.335	2587.85	-29.461	-1.16852
2019-10-14.15:40:59	137.999	2580.68	-29.4617	-1.17465
2019-10-14.15:41:00	139.539	2573.66	-29.4617	-1.12751
2019-10-14.15:41:01	140.965	2566.77	-29.4627	-1.14622
2019-10-14.15:41:02	142.307	2559.99	-29.4645	-1.20944
2019-10-14.15:41:03	143.56	2553.35	-25.6159	-1.24219
2019-10-14.15:41:04	144.794	2547.28	-19.5344	-1.76868
2019-10-14.15:41:05	145.897	2541.69	-15.2624	-1.63672
2019-10-14.15:41:06	146.873	2536.71	-12.6624	-1.28318
2019-10-14.15:41:07	147.64	2532.37	-10.2991	-1.15384
2019-10-14.15:41:08	148.302	2528.56	-7.80392	-1.13292
2019-10-14.15:41:09	148.865	2525.19	-6.00782	-0.988712
2019-10-14.15:41:10	149.333	2522.26	-5.09593	-0.872843
2019-10-14.15:41:11	149.675	2519.69	-4.25819	-0.759506
2019-10-14.15:41:12	149.968	2517.38	-3.18844	-0.71779
2019-10-14.15:41:13	150.219	2515.31	-2.37617	-0.626052
2019-10-14.15:41:14	150.396	2513.53	-2.04216	-0.552981
2019-10-14.15:41:15	150.524	2511.93	-1.76812	-0.4981
2019-10-14.15:41:16	150.613	2510.48	-1.29718	-0.444216
2019-10-14.15:41:17	150.682	2509.2	-0.908646	-0.387504
2019-10-14.15:41:18	150.711	2508.1	-0.789388	-0.322343
2019-10-14.15:41:19	150.707	2507.12	-0.717284	-0.29676
2019-10-14.15:41:20	150.686	2506.23	-0.510752	-0.270794
2019-10-14.15:41:21	150.667	2505.4	-0.317011	-0.254561
2019-10-14.15:41:22	150.642	2504.61	-0.274195	-0.234193
2019-10-14.15:41:23	150.599	2503.88	-0.268006	-0.209112
2019-10-14.15:41:24	150.543	2503.2	-0.177765	-0.189931
2019-10-14.15:41:25	150.492	2502.56	-0.0784479	-0.181037
2019-10-14.15:41:26	150.444	2501.94	-0.0627615	-0.174806
2019-10-14.15:41:27	150.389	2501.33	-0.0748083	-0.16785
2019-10-14.15:41:28	150.334	2500.73	-0.0366064	-0.166112
2019-10-14.15:41:29	150.288	2500.12	0.0161269	-0.172506
2019-10-14.15:41:30	150.251	2499.49	0.0229828	-0.182253
2019-10-14.15:41:31	150.22	2498.82	0.009191	-0.191981
2019-10-14.15:41:32	150.194	2498.13	0.0242801	-0.204128
2019-10-14.15:41:33	150.18	2497.4	0.0530611	-0.220256
2019-10-14.15:41:34	150.178	2496.63	0.0571236	-0.237269
2019-10-14.15:41:35	150.183	2495.82	0.0462961	-0.252367
2019-10-14.15:41:36	150.194	2494.96	0.0514211	-0.266382
2019-10-14.15:41:37	150.213	2494.07	0.0673795	-0.280262
2019-10-14.15:41:38	150.239	2493.15	0.0703493	-0.292293
2019-10-14.15:41:39	150.267	2492.21	0.0629819	-0.300687
2019-10-14.15:41:40	150.297	2491.24	0.0640647	-0.305927
2019-10-14.15:41:41	150.327	2490.27	0.0729429	-0.308958
2019-10-14.15:41:42	150.357	2489.3	0.0752058	-0.309254
2019-10-14.15:41:43	150.384	2488.33	0.0705496	-0.306095
2019-10-14.15:41:44	150.405	2487.37	0.0701667	-0.300119
2019-10-14.15:41:45	150.422	2486.43	0.0750655	-0.292413
2019-10-14.15:41:46	150.434	2485.52	0.076732	-0.283219
2019-10-14.15:41:47	150.439	2484.63	0.073909	-0.272516
2019-10-14.15:41:48	150.438	2483.77	0.0731249	-0.261003
2019-10-14.15:41:49	150.43	2482.95	0.0757823	-0.249674
2019-10-14.15:41:50	150.418	2482.15	0.0769617	-0.238971
2019-10-14.15:41:51	150.401	2481.38	0.0753027	-0.229033
2019-10-14.15:41:52	150.38	2480.63	0.0745338	-0.220312
2019-10-14.15:41:53	150.356	2479.9	0.0759671	-0.209176
2019-10-14.15:41:54	150.318	2479.22	0.0787347	-0.161035
2019-10-14.15:41:55	150.26	2478.66	0.0790213	-0.121263
2019-10-14.15:41:56	150.186	2478.18	0.0765556	-0.0863967
2019-10-14.15:41:57	150.1	2477.79	0.0759169	-0.0581111
2019-10-14.15:41:58	150.007	2477.45	0.0775098	-0.0376776
2019-10-14.15:41:59	149.912	2477.16	0.0778487	-0.0255651
2019-10-14.15:42:00	149.819	2476.87	0.0764005	-0.0216841
2019-10-14.15:42:01	149.732	2476.59	0.0758297	-0.0258166
2019-10-14.15:42:02	149.656	2476.28	0.0767463	-0.0373935
2019-10-14.15:42:03	149.583	2475.95	0.0788676	-0.0047955
2019-10-14.15:42:04	149.498	2475.69	0.080733	0.0214894
2019-10-14.15:42:05	149.407	2475.48	0.0786764	0.0407574
2019-10-14.15:42:06	149.314	2475.31	0.0766964	0.0520766
2019-10-14.15:42:07	149.224	2475.15	0.0777947	0.0550243
2019-10-14.15:42:08	149.14	2474.99	0.0791341	0.0498269
2019-10-14.15:42:09	149.067	2474.8	0.0781805	0.0408322
2019-10-14.15:42:10	148.995	2474.6	0.0789222	0.0688924
2019-10-14.15:42:11	148.916	2474.45	0.0809835	0.0852697
2019-10-14.15:42:12	148.836	2474.33	0.080069	0.0947978
[State]	Descent
2019-10-14.15:42:13	148.758	2474.22	0.0780615	0.0973562
2019-10-14.15:42:14	148.686	2474.1	0.0783202	0.0929934
2019-10-14.15:42:15	148.622	2473.97	0.079845	0.094694
2019-10-14.15:42:16	148.556	2473.84	0.0815725	0.112341
2019-10-14.15:42:17	148.488	2473.74	0.0807747	0.121632
2019-10-14.15:42:18	148.421	2473.66	0.0790205	0.124973
2019-10-14.15:42:19	148.359	2473.57	0.079221	0.122348
2019-10-14.15:42:20	148.302	2473.47	0.0806539	0.127651
2019-10-14.15:42:21	148.244	2473.38	0.0819488	0.138461
2019-10-14.15:42:22	148.186	2473.3	0.0808973	0.143328
2019-10-14.15:42:23	148.131	2473.23	0.07954	0.143106
2019-10-14.15:42:24	148.23	2472.78	0.0479976	-1.48339
2019-10-14.15:42:25	149.471	2467.54	-0.0917888	-2.38177
2019-10-14.15:42:26	150.312	2462.02	0.144829	-1.46994
2019-10-14.15:42:27	151.307	2456.83	0.18706	-2.83749
2019-10-14.15:42:28	152.613	2449.46	-0.0113741	-2.41592
2019-10-14.15:42:29	153.403	2443.56	0.0595665	-1.6693
2019-10-14.15:42:30	154.113	2438.62	0.142609	-2.46049
2019-10-14.15:42:31	155.128	2432.1	0.0314538	-3.01912
2019-10-14.15:42:32	156.13	2424.84	0.0179769	-2.52961
2019-10-14.15:42:33	156.804	2418.82	0.143405	-2.03027
2019-10-14.15:42:34	157.225	2414.05	0.128517	-2.17117
2019-10-14.15:42:35	157.817	2408.63	-0.0249141	-2.58404
2019-10-14.15:42:36	158.556	2402.17	-0.0058092	-2.9375
2019-10-14.15:42:37	159.37	2395.01	0.122845	-2.79937
2019-10-14.15:42:38	159.985	2388.42	0.131059	-2.48992
2019-10-14.15:42:39	160.373	2382.79	0.0366535	-2.12576
2019-10-14.15:42:40	160.561	2378.12	0.031674	-2.16962
2019-10-14.15:42:41	160.887	2373.02	0.0584719	-2.50632
2019-10-14.15:42:42	161.358	2367.06	0.0565694	-2.80172
2019-10-14.15:42:43	161.94	2360.32	0.0402902	-3.04567
2019-10-14.15:42:44	162.499	2353.31	0.0637295	-2.81069
2019-10-14.15:42:45	162.896	2346.91	0.0900163	-2.56793
2019-10-14.15:42:46	163.125	2341.26	0.0680673	-2.29335
2019-10-14.15:42:47	163.182	2336.41	0.0518514	-2.05063
2019-10-14.15:42:48	163.25	2331.78	0.0436048	-2.36626
2019-10-14.15:42:49	163.455	2326.44	0.040009	-2.61154
2019-10-14.15:42:50	163.773	2320.42	0.0499481	-2.8396
2019-10-14.15:42:51	164.184	2313.79	0.0530923	-3.04077
2019-10-14.15:42:52	164.614	2306.8	0.0565056	-2.91837
2019-10-14.15:42:53	164.919	2300.23	0.0711039	-2.73314
2019-10-14.15:42:54	165.098	2294.24	0.0657882	-2.52368
2019-10-14.15:42:55	165.146	2288.88	0.0560624	-2.3014
2019-10-14.15:42:56	165.07	2284.15	0.0610097	-2.11416
2019-10-14.15:42:57	165.015	2279.58	0.0468094	-2.35835
2019-10-14.15:42:58	165.073	2274.44	0.0330902	-2.55595
2019-10-14.15:42:59	165.231	2268.73	0.0481473	-2.74768
2019-10-14.15:43:00	165.48	2262.5	0.0566191	-2.92555
2019-10-14.15:43:01	165.799	2255.79	0.0456937	-3.08073
2019-10-14.15:43:02	166.118	2248.85	0.0520611	-2.95586
2019-10-14.15:43:03	166.339	2242.27	0.0707739	-2.8083
2019-10-14.15:43:04	166.46	2236.16	0.0617799	-2.64323
2019-10-14.15:43:05	166.48	2230.54	0.0500802	-2.46869
2019-10-14.15:43:06	166.404	2225.42	0.0585035	-2.29426
2019-10-14.15:43:07	166.245	2220.81	0.0643954	-2.12702
2019-10-14.15:43:08	166.01	2216.66	0.0562882	-1.97139
2019-10-14.15:43:09	165.712	2212.93	0.0527976	-1.83282
2019-10-14.15:43:10	165.368	2209.56	0.0583035	-1.71681
2019-10-14.15:43:11	164.993	2206.47	0.0586688	-1.62621
2019-10-14.15:43:12	164.604	2203.6	0.0537079	-1.54406
2019-10-14.15:43:13	164.178	2201.01	0.0586644	-1.3939
2019-10-14.15:43:14	163.717	2198.75	0.0627606	-1.28716
2019-10-14.15:43:15	163.24	2196.73	0.0568655	-1.21425
2019-10-14.15:43:16	162.767	2194.86	0.0535541	-1.17361
2019-10-14.15:43:17	162.291	2193.11	0.0614615	-1.05768
2019-10-14.15:43:18	161.8	2191.6	0.0655919	-0.98532
2019-10-14.15:43:19	161.314	2190.22	0.0574629	-0.948914
2019-10-14.15:43:20	160.84	2188.92	0.0565065	-0.869266
2019-10-14.15:43:21	160.359	2187.77	0.0663613	-0.811897
2019-10-14.15:43:22	159.893	2186.72	0.0644691	-0.786013
2019-10-14.15:43:23	159.434	2185.73	0.0597829	-0.710765
2019-10-14.15:43:24	158.981	2184.87	0.0632822	-0.679296
2019-10-14.15:43:25	158.544	2184.04	0.0663251	-0.626439
2019-10-14.15:43:26	158.113	2183.31	0.066205	-0.592701
2019-10-14.15:43:27	157.698	2182.61	0.0636563	-0.550806
2019-10-14.15:43:28	157.291	2181.99	0.0662767	-0.5221
2019-10-14.15:43:29	156.899	2181.4	0.068321	-0.481126
2019-10-14.15:43:30	156.519	2180.87	0.0678781	-0.459639
2019-10-14.15:43:31	156.15	2180.37	0.0673149	-0.423083
2019-10-14.15:43:32	155.795	2179.91	0.0686403	-0.393564
2019-10-14.15:43:33	155.452	2179.48	0.0701785	-0.372297
2019-10-14.15:43:34	155.12	2179.09	0.070105	-0.345868
2019-10-14.15:43:35	154.801	2178.72	0.0699192	-0.318705
2019-10-14.15:43:36	154.494	2178.38	0.0709382	-0.296034
2019-10-14.15:43:37	154.199	2178.06	0.0719437	-0.276411
2019-10-14.15:43:38	153.914	2177.76	0.0720328	-0.256994
2019-10-14.15:43:39	153.641	2177.48	0.0721437	-0.237112
2019-10-14.15:43:40	153.378	2177.22	0.0729144	-0.217702
2019-10-14.15:43:41	153.126	2176.97	0.0736204	-0.199843
2019-10-14.15:43:42	152.885	2176.74	0.0737863	-0.183611
2019-10-14.15:43:43	152.653	2176.53	0.0739733	-0.168293
2019-10-14.15:43:44	152.43	2176.32	0.074555	-0.153314
2019-10-14.15:43:45	152.217	2176.13	0.0751054	-0.138719
2019-10-14.15:43:46	152.013	2175.95	0.0753247	-0.124866
2019-10-14.15:43:47	151.817	2175.78	0.0755295	-0.111905
2019-10-14.15:43:48	151.629	2175.62	0.0759619	-0.0996576
2019-10-14.15:43:49	151.45	2175.46	0.0763921	-0.0878873
2019-10-14.15:43:50	151.278	2175.32	0.0766272	-0.0765416
2019-10-14.15:43:51	151.113	2175.18	0.0768342	-0.0657059
2019-10-14.15:43:52	150.956	2175.05	0.0771669	-0.0554279
2019-10-14.15:43:53	150.805	2174.93	0.0775061	-0.0456521
2019-10-14.15:43:54	150.661	2174.81	0.0777292	-0.036259
2019-10-14.15:43:55	150.522	2174.7	0.0779114	-0.0272523
2019-10-14.15:43:56	150.388	2174.59	0.078163	-0.0186452
2019-10-14.15:43:57	150.26	2174.49	0.0784351	-0.0104286
2019-10-14.15:43:58	150.137	2174.39	0.0786409	-0.002567
2019-10-14.15:43:59	150.019	2174.3	0.0788137	0.0049699
2019-10-14.15:44:00	149.905	2174.21	0.0790223	0.0121942
2019-10-14.15:44:01	149.796	2174.13	0.0792457	0.019111
2019-10-14.15:44:02	149.692	2174.05	0.0794299	0.0257322
2019-10-14.15:44:03	149.595	2173.98	0.0795972	0.0857536
2019-10-14.15:44:04	147.957	2178.27	0.317752	5.72789
2019-10-14.15:44:05	145.71	2189.12	0.201079	4.00546
2019-10-14.15:44:06	142.867	2201.1	-0.011675	6.3404
2019-10-14.15:44:07	140.413	2214.03	-0.0717621	4.82449
2019-10-14.15:44:08	137.961	2225.8	0.157993	6.62102
[State]	Climb
2019-10-14.15:44:09	135.125	2239.75	0.329916	6.54698
2019-10-14.15:44:10	132.728	2252.64	0.0752134	5.94022
2019-10-14.15:44:11	130.735	2263.8	-0.128964	6.26505
2019-10-14.15:44:12	128.593	2275.26	0.111346	6.70532
2019-10-14.15:44:13	126.451	2287.01	0.368404	6.84971
2019-10-14.15:44:14	124.438	2298.44	0.265243	6.73173
2019-10-14.15:44:15	122.688	2309.05	-0.0134535	6.74114
2019-10-14.15:44:16	120.95	2319.42	-0.017721	7.02224
2019-10-14.15:44:17	119.295	2329.68	0.221833	7.02198
2019-10-14.15:44:18	117.695	2339.63	0.37361	7.2567
2019-10-14.15:44:19	116.14	2349.45	0.265403	7.38718
2019-10-14.15:44:20	114.64	2359.12	0.0695746	7.53801
2019-10-14.15:44:21	113.201	2368.63	0.0434921	7.70614
2019-10-14.15:44:22	111.803	2378	0.213053	7.843
2019-10-14.15:44:23	110.428	2387.2	0.36587	8.00919
2019-10-14.15:44:24	109.085	2396.26	0.331317	8.15989
2019-10-14.15:44:25	107.79	2405.16	0.171929	8.30496
2019-10-14.15:44:26	106.548	2413.9	0.08654	8.44731
2019-10-14.15:44:27	105.339	2422.47	0.175204	8.58978
2019-10-14.15:44:28	104.149	2430.88	0.337257	8.73694
2019-10-14.15:44:29	102.973	2439.13	0.399854	8.88469
2019-10-14.15:44:30	101.825	2447.21	0.308685	9.02692
2019-10-14.15:44:31	100.715	2455.12	0.176003	9.16226
2019-10-14.15:44:32	99.6441	2462.86	0.151025	9.29407
2019-10-14.15:44:33	98.605	2470.42	0.264252	9.42539
2019-10-14.15:44:34	97.5851	2477.8	0.404329	9.55932
2019-10-14.15:44:35	96.5877	2485.08	0.435575	9.66227
2019-10-14.15:44:36	95.6271	2492.24	0.332573	9.76817
2019-10-14.15:44:37	94.7093	2499.29	0.203982	9.86046
2019-10-14.15:44:38	93.8346	2506.23	0.179315	9.9527
2019-10-14.15:44:39	92.997	2513.01	0.286914	10.0524
2019-10-14.15:44:40	92.1859	2519.6	0.434287	10.1742
2019-10-14.15:44:41	91.3964	2525.98	0.493829	10.288
2019-10-14.15:44:42	90.6374	2532.18	0.419116	10.3962
2019-10-14.15:44:43	89.9182	2538.18	0.286511	10.4932
2019-10-14.15:44:44	89.2422	2543.98	0.223865	10.5834
2019-10-14.15:44:45	88.6038	2549.6	0.295894	10.6681
2019-10-14.15:44:46	87.9971	2555.03	0.446354	10.6937
2019-10-14.15:44:47	87.4867	2560.18	0.535703	10.4888
2019-10-14.15:44:48	87.1601	2564.82	0.468898	10.2056
2019-10-14.15:44:49	87.0122	2568.91	0.303948	9.96187
2019-10-14.15:44:50	87.0285	2572.54	0.184458	9.69398
2019-10-14.15:44:51	87.1852	2575.78	0.213575	9.45105
2019-10-14.15:44:52	87.4449	2578.7	0.367999	9.24893
2019-10-14.15:44:53	87.7596	2581.43	0.514905	9.13374
2019-10-14.15:44:54	88.0762	2584.1	0.525775	9.12117
2019-10-14.15:44:55	88.3469	2586.88	0.388956	9.20759
2019-10-14.15:44:56	88.531	2589.89	0.223107	9.37241
2019-10-14.15:44:57	88.6022	2593.23	0.174453	9.57879
2019-10-14.15:44:58	88.6478	2596.81	0.270292	9.27225
2019-10-14.15:44:59	88.8566	2600.1	0.381003	8.9711
2019-10-14.15:45:00	89.169	2603.04	0.420886	8.76826
2019-10-14.15:45:01	89.5391	2605.79	0.360774	8.6171
2019-10-14.15:45:02	89.9756	2608.41	0.2467	8.35848
2019-10-14.15:45:03	90.4879	2610.86	0.169205	8.15215
2019-10-14.15:45:04	91.0552	2613.2	0.195463	7.93001
2019-10-14.15:45:05	91.6681	2615.44	0.29491	7.72208
2019-10-14.15:45:06	92.3154	2617.61	0.370208	7.51607
2019-10-14.15:45:07	92.9972	2619.72	0.343075	7.31187
2019-10-14.15:45:08	93.715	2621.78	0.229744	7.10555
2019-10-14.15:45:09	94.468	2623.8	0.128289	6.89856
2019-10-14.15:45:10	95.2547	2625.74	0.128527	6.71124
2019-10-14.15:45:11	96.0584	2627.58	0.228764	6.54009
2019-10-14.15:45:12	96.872	2629.32	0.328288	6.37624
2019-10-14.15:45:13	97.6924	2630.98	0.32677	6.21822
2019-10-14.15:45:14	98.5255	2632.55	0.22334	6.06332
2019-10-14.15:45:15	99.3733	2634.07	0.119756	5.9059
2019-10-14.15:45:16	100.234	2635.58	0.114652	5.73367
2019-10-14.15:45:17	101.097	2637.06	0.204396	5.57815
2019-10-14.15:45:18	101.95	2638.55	0.289285	5.44231
2019-10-14.15:45:19	102.795	2640.06	0.27561	5.29905
2019-10-14.15:45:20	103.643	2641.57	0.175653	5.15605
2019-10-14.15:45:21	104.499	2643.09	0.0945655	5.01011
2019-10-14.15:45:22	105.363	2644.59	0.114563	4.86641
2019-10-14.15:45:23	106.224	2646.08	0.205253	4.72708
2019-10-14.15:45:24	107.076	2647.56	0.259586	4.59257
2019-10-14.15:45:25	107.925	2649.03	0.215276	4.45822
2019-10-14.15:45:26	108.771	2650.49	0.124014	4.32527
2019-10-14.15:45:27	109.616	2651.93	0.0885279	4.19291
2019-10-14.15:45:28	110.454	2653.34	0.14263	4.06511
2019-10-14.15:45:29	111.279	2654.72	0.214679	3.94226
2019-10-14.15:45:30	112.093	2656.09	0.216375	3.822
2019-10-14.15:45:31	112.904	2657.42	0.148052	3.70213
2019-10-14.15:45:32	113.714	2658.73	0.0935717	3.58416
2019-10-14.15:45:33	114.518	2660	0.114517	3.47054
2019-10-14.15:45:34	115.306	2661.25	0.176497	3.36173
2019-10-14.15:45:35	116.08	2662.46	0.197692	3.25648
2019-10-14.15:45:36	116.845	2663.65	0.153256	3.15265
2019-10-14.15:45:37	117.605	2664.8	0.102182	3.05036
2019-10-14.15:45:38	118.358	2665.92	0.106745	2.95138
2019-10-14.15:45:39	119.1	2667.01	0.153305	2.85675
2019-10-14.15:45:40	119.826	2668.06	0.176041	2.7656
2019-10-14.15:45:41	120.543	2669.09	0.146203	2.67616
2019-10-14.15:45:42	121.254	2670.08	0.106032	2.58839
2019-10-14.15:45:43	121.957	2671.05	0.106935	2.48101
2019-10-14.15:45:44	123.352	2670.3	-0.0040166	-1.54758
2019-10-14.15:45:45	126.268	2663.11	-0.178005	-1.52751
2019-10-14.15:45:46	128.518	2656.43	0.199049	-0.84121
2019-10-14.15:45:47	130.729	2650.43	0.394137	-1.88352
2019-10-14.15:45:48	133.149	2643.08	0.109308	-2.32173
2019-10-14.15:45:49	135.575	2635.07	-0.138284	-2.47837
2019-10-14.15:45:50	137.837	2627.04	0.0278622	-2.36393
2019-10-14.15:45:51	139.834	2619.59	0.290791	-2.01517
2019-10-14.15:45:52	141.424	2613.3	0.233803	-1.4538
2019-10-14.15:45:53	142.812	2607.96	-0.0287731	-1.92941
2019-10-14.15:45:54	144.3	2601.9	-0.0910766	-2.20113
2019-10-14.15:45:55	145.812	2595.32	0.122714	-2.35686
2019-10-14.15:45:56	147.269	2588.56	0.215267	-2.36594
2019-10-14.15:45:57	148.593	2581.97	0.0693821	-2.23231
2019-10-14.15:45:58	149.711	2575.92	-0.0108758	-1.97158
2019-10-14.15:45:59	150.593	2570.69	0.0988719	-1.76853
2019-10-14.15:46:00	151.476	2565.61	0.133726	-2.10125
2019-10-14.15:46:01	152.415	2559.97	0.0400928	-2.26847
2019-10-14.15:46:02	153.343	2554.02	0.0179221	-2.34778
2019-10-14.15:46:03	154.233	2547.98	0.0940751	-2.35246
2019-10-14.15:46:04	155.051	2542.04	0.115581	-2.2837
2019-10-14.15:46:05	155.751	2536.4	0.0615542	-2.14066
2019-10-14.15:46:06	156.301	2531.25	0.0494022	-1.93739
2019-10-14.15:46:07	156.696	2526.72	0.0920324	-1.69392
2019-10-14.15:46:08	156.929	2522.9	0.100231	-1.42156
2019-10-14.15:46:09	156.992	2519.86	0.0683186	-1.1294
2019-10-14.15:46:10	156.889	2517.63	0.0635681	-0.845197
2019-10-14.15:46:11	156.73	2515.88	0.0719104	-0.943785
2019-10-14.15:46:12	156.629	2513.94	0.0611772	-1.02175
2019-10-14.15:46:13	156.577	2511.77	0.0576006	-1.10776
2019-10-14.15:46:14	156.576	2509.36	0.0668491	-1.19715
[State]	Cruise
2019-10-14.15:46:15	156.624	2506.7	0.0701699	-1.28534
2019-10-14.15:46:16	156.715	2503.82	0.0641232	-1.36454
2019-10-14.15:46:17	156.771	2500.95	0.0748201	-1.1121
2019-10-14.15:46:18	156.692	2498.71	0.0926562	-0.873217
2019-10-14.15:46:19	156.493	2497.12	0.0814736	-0.640019
2019-10-14.15:46:20	156.185	2496.13	0.0671067	-0.423838
2019-10-14.15:46:21	155.79	2495.68	0.0744077	-0.235676
2019-10-14.15:46:22	155.333	2495.67	0.0831702	-0.0831529
2019-10-14.15:46:23	154.839	2495.99	0.0756324	0.0304366
2019-10-14.15:46:24	154.347	2496.48	0.0636561	-0.020798
2019-10-14.15:46:25	153.936	2496.74	0.0607902	-0.124738
2019-10-14.15:46:26	153.621	2496.65	0.0696394	-0.26403
2019-10-14.15:46:27	153.41	2496.14	0.071696	-0.428549
2019-10-14.15:46:28	153.305	2495.16	0.0651764	-0.608199
2019-10-14.15:46:29	153.306	2493.69	0.0640611	-0.794079
2019-10-14.15:46:30	153.38	2491.79	0.0752731	-0.711581
2019-10-14.15:46:31	153.343	2490.27	0.102275	-0.469214
2019-10-14.15:46:32	153.185	2489.38	0.094747	-0.238227
2019-10-14.15:46:33	152.916	2489.07	0.0721456	-0.0211688
2019-10-14.15:46:34	152.555	2489.29	0.0755059	0.170419
2019-10-14.15:46:35	152.128	2489.95	0.0906868	0.327107
2019-10-14.15:46:36	151.674	2490.92	0.083365	0.297125
2019-10-14.15:46:37	151.308	2491.65	0.0557316	0.149844
2019-10-14.15:46:38	151.051	2491.94	0.0587547	-0.0247456
2019-10-14.15:46:39	150.915	2491.73	0.0803831	-0.221835
2019-10-14.15:46:40	150.898	2490.98	0.0797056	-0.428915
2019-10-14.15:46:41	150.991	2489.69	0.0639217	-0.633362
2019-10-14.15:46:42	151.12	2488.06	0.0766084	-0.449252
2019-10-14.15:46:43	151.116	2486.94	0.112174	-0.22305
2019-10-14.15:46:44	150.993	2486.42	0.101529	0.004518
2019-10-14.15:46:45	150.756	2486.47	0.0718697	0.222009
2019-10-14.15:46:46	150.422	2487.05	0.076575	0.416493
2019-10-14.15:46:47	150.019	2488.08	0.097399	0.538847
2019-10-14.15:46:48	149.668	2489.13	0.0781781	0.344028
2019-10-14.15:46:49	149.434	2489.71	0.0512188	0.158621
2019-10-14.15:46:50	149.32	2489.77	0.0654966	-0.0473794
2019-10-14.15:46:51	149.331	2489.27	0.0883215	-0.263779
2019-10-14.15:46:52	149.457	2488.21	0.080141	-0.476434
2019-10-14.15:46:53	149.65	2486.7	0.0692786	-0.398219
2019-10-14.15:46:54	149.722	2485.55	0.101037	-0.168821
2019-10-14.15:46:55	149.672	2484.99	0.111983	0.0585286
2019-10-14.15:46:56	149.504	2485.01	0.0863878	0.281097
2019-10-14.15:46:57	149.229	2485.59	0.0742047	0.48798
2019-10-14.15:46:58	148.871	2486.64	0.0910518	0.64764
2019-10-14.15:46:59	148.545	2487.81	0.0852222	0.442582
2019-10-14.15:47:00	148.343	2488.49	0.0587707	0.248344
2019-10-14.15:47:01	148.263	2488.63	0.0627601	0.0361984
2019-10-14.15:47:02	148.306	2488.21	0.0847765	-0.183195
2019-10-14.15:47:03	148.464	2487.23	0.0850709	-0.396737
2019-10-14.15:47:04	148.695	2485.79	0.0743197	-0.348169
2019-10-14.15:47:05	148.81	2484.66	0.0992673	-0.120381
2019-10-14.15:47:06	148.802	2484.11	0.111093	0.10533
2019-10-14.15:47:07	148.673	2484.14	0.0909794	0.329407
2019-10-14.15:47:08	148.433	2484.73	0.0782727	0.541065
2019-10-14.15:47:09	148.103	2485.81	0.0908054	0.711638
2019-10-14.15:47:10	147.8	2487.03	0.0849125	0.500613
2019-10-14.15:47:11	147.623	2487.76	0.06054	0.301661
2019-10-14.15:47:12	147.568	2487.94	0.0647503	0.0864508
2019-10-14.15:47:13	147.635	2487.56	0.0854235	-0.133641
2019-10-14.15:47:14	147.816	2486.63	0.0857793	-0.345622
2019-10-14.15:47:15	148.071	2485.23	0.0753319	-0.317458
2019-10-14.15:47:16	148.216	2484.1	0.0997165	-0.0922414
2019-10-14.15:47:17	148.237	2483.54	0.112264	0.130429
2019-10-14.15:47:18	148.137	2483.56	0.0927777	0.354155
2019-10-14.15:47:19	147.924	2484.14	0.0794533	0.568031
2019-10-14.15:47:20	147.616	2485.23	0.0914508	0.751275
2019-10-14.15:47:21	147.322	2486.49	0.0871108	0.547307
2019-10-14.15:47:22	147.156	2487.28	0.0614654	0.347837
2019-10-14.15:47:23	147.11	2487.51	0.0642731	0.132519
2019-10-14.15:47:24	147.44	2486.48	0.0344013	-1.91059
2019-10-14.15:47:25	148.808	2480.55	-0.0534829	-2.19122
2019-10-14.15:47:26	149.687	2475.13	0.18035	-1.54506
2019-10-14.15:47:27	150.722	2469.89	0.168849	-2.72371
2019-10-14.15:47:28	152.073	2462.55	-0.035913	-2.57779
2019-10-14.15:47:29	153.004	2456.19	0.0649023	-1.86433
2019-10-14.15:47:30	153.663	2451.34	0.195259	-2.22825
2019-10-14.15:47:31	154.574	2445.45	0.0441929	-2.73964
2019-10-14.15:47:32	155.64	2438.33	-0.0444913	-2.86975
2019-10-14.15:47:33	156.525	2431.42	0.119582	-2.45345
2019-10-14.15:47:34	157.137	2425.64	0.189932	-2.01337
2019-10-14.15:47:35	157.54	2420.9	0.0469545	-2.18394
2019-10-14.15:47:36	158.087	2415.55	-0.0492847	-2.53586
2019-10-14.15:47:37	158.774	2409.28	0.0650432	-2.85048
2019-10-14.15:47:38	159.576	2402.24	0.133557	-2.94046
2019-10-14.15:47:39	160.246	2395.35	0.0729709	-2.6547
2019-10-14.15:47:40	160.705	2389.28	0.0377028	-2.34208
2019-10-14.15:47:41	160.957	2384.13	0.0858522	-2.00289
2019-10-14.15:47:42	161.145	2379.51	0.082639	-2.30309
2019-10-14.15:47:43	161.476	2374.18	0.0192648	-2.57053
2019-10-14.15:47:44	161.916	2368.13	0.0340785	-2.81323
2019-10-14.15:47:45	162.452	2361.45	0.0811425	-3.02385
2019-10-14.15:47:46	162.998	2354.42	0.0763931	-2.88223
2019-10-14.15:47:47	163.399	2347.86	0.0605991	-2.67948
2019-10-14.15:47:48	163.653	2341.92	0.0663263	-2.44549
2019-10-14.15:47:49	163.761	2336.69	0.0766562	-2.19552
2019-10-14.15:47:50	163.747	2332.12	0.0657878	-2.19808
2019-10-14.15:47:51	163.825	2327.29	0.0317664	-2.43206
2019-10-14.15:47:52	164.011	2321.84	0.0420673	-2.64478
2019-10-14.15:47:53	164.297	2315.81	0.0667343	-2.84254
2019-10-14.15:47:54	164.664	2309.25	0.0568345	-3.01514
2019-10-14.15:47:55	165.067	2302.29	0.0464135	-2.98577
2019-10-14.15:47:56	165.376	2295.57	0.0717859	-2.83508
2019-10-14.15:47:57	165.582	2289.32	0.0760479	-2.66479
2019-10-14.15:47:58	165.676	2283.58	0.0569657	-2.47858
2019-10-14.15:47:59	165.659	2278.4	0.0573875	-2.28622
2019-10-14.15:48:00	165.544	2273.76	0.0700839	-2.14772
2019-10-14.15:48:01	165.461	2269.19	0.049099	-2.35486
2019-10-14.15:48:02	165.475	2264.13	0.0347745	-2.52446
2019-10-14.15:48:03	165.578	2258.59	0.0543924	-2.6917
2019-10-14.15:48:04	165.765	2252.57	0.0619025	-2.84938
2019-10-14.15:48:05	166.016	2246.13	0.0475698	-2.98899
2019-10-14.15:48:06	166.279	2239.42	0.0536956	-2.77595
2019-10-14.15:48:07	166.329	2233.57	0.0914947	-2.37022
2019-10-14.15:48:08	166.163	2228.89	0.080223	-1.96702
2019-10-14.15:48:09	165.792	2225.35	0.0537261	-1.57701
2019-10-14.15:48:10	165.249	2222.88	0.0643009	-1.32074
2019-10-14.15:48:11	164.736	2220.7	0.0557603	-1.48023
2019-10-14.15:48:12	164.333	2218.11	0.0390465	-1.63126
2019-10-14.15:48:13	164.046	2215.04	0.0488796	-1.80929
2019-10-14.15:48:14	163.874	2211.45	0.0614647	-1.81337
2019-10-14.15:48:15	163.576	2208.26	0.0851513	-1.39059
2019-10-14.15:48:16	163.103	2206.11	0.0807449	-1.03736
[State]	Descent
2019-10-14.15:48:17	162.483	2204.9	0.061106	-0.721275
2019-10-14.15:48:18	161.751	2204.48	0.0642555	-0.52303
2019-10-14.15:48:19	161.081	2204.19	0.0560765	-0.723233
2019-10-14.15:48:20	160.558	2203.35	0.044025	-0.930215
2019-10-14.15:48:21	160.193	2201.86	0.0520011	-1.17465
2019-10-14.15:48:22	159.992	2199.64	0.0608712	-1.329
2019-10-14.15:48:23	159.728	2197.49	0.0874841	-0.917656
2019-10-14.15:48:24	159.302	2196.25	0.0925786	-0.600025
2019-10-14.15:48:25	158.745	2195.83	0.0683581	-0.316353
2019-10-14.15:48:26	158.085	2196.1	0.0641246	-0.082104
2019-10-14.15:48:27	157.437	2196.65	0.0665482	-0.257187
2019-10-14.15:48:28	156.94	2196.7	0.0528531	-0.463802
2019-10-14.15:48:29	156.598	2196.1	0.0527258	-0.709389
2019-10-14.15:48:30	156.42	2194.77	0.0631729	-0.980243
2019-10-14.15:48:31	156.342	2192.88	0.0756943	-0.797519
2019-10-14.15:48:32	156.114	2191.57	0.100803	-0.501023
2019-10-14.15:48:33	155.75	2191.05	0.0883871	-0.222957
2019-10-14.15:48:34	155.268	2191.21	0.0676006	0.0241865
2019-10-14.15:48:35	154.699	2191.96	0.0749026	0.190007
2019-10-14.15:48:36	154.182	2192.79	0.0711448	-0.0216821
2019-10-14.15:48:37	153.806	2193.07	0.0541702	-0.232864
2019-10-14.15:48:38	153.578	2192.73	0.0582208	-0.473789
2019-10-14.15:48:39	153.502	2191.71	0.0715555	-0.732366
2019-10-14.15:48:40	153.543	2190.06	0.0753162	-0.677907
2019-10-14.15:48:41	153.464	2188.78	0.0986025	-0.393954
2019-10-14.15:48:42	153.25	2188.21	0.0976699	-0.131474
2019-10-14.15:48:43	152.914	2188.31	0.0775805	0.111481
2019-10-14.15:48:44	152.478	2188.99	0.0758362	0.323501
2019-10-14.15:48:45	152.003	2190.07	0.0824326	0.247139
2019-10-14.15:48:46	151.649	2190.8	0.0625564	0.054404
2019-10-14.15:48:47	151.428	2190.96	0.0564422	-0.166226
2019-10-14.15:48:48	151.346	2190.5	0.0719821	-0.404709
2019-10-14.15:48:49	151.402	2189.4	0.0780542	-0.648346
2019-10-14.15:48:50	151.526	2187.84	0.0785384	-0.490694
2019-10-14.15:48:51	151.512	2186.77	0.10201	-0.242025
2019-10-14.15:48:52	151.368	2186.36	0.100449	0.0050888
2019-10-14.15:48:53	151.103	2186.57	0.0804359	0.239019
2019-10-14.15:48:54	150.736	2187.35	0.0788204	0.448091
2019-10-14.15:48:55	150.326	2188.52	0.0856807	0.369752
2019-10-14.15:48:56	150.036	2189.35	0.0651698	0.172312
2019-10-14.15:48:57	149.877	2189.61	0.0583858	-0.0474156
2019-10-14.15:48:58	149.85	2189.27	0.0745883	-0.280167
2019-10-14.15:48:59	149.953	2188.32	0.0818588	-0.513643
2019-10-14.15:49:00	150.144	2186.85	0.0764516	-0.465167
2019-10-14.15:49:01	150.213	2185.7	0.099437	-0.215852
2019-10-14.15:49:02	150.152	2185.19	0.106413	0.0261824
2019-10-14.15:49:03	149.97	2185.3	0.596822	0.262611
2019-10-14.15:49:04	150.439	2184.33	8.78696	-2.20115
2019-10-14.15:49:05	152.198	2177.74	16.706	-0.252009
2019-10-14.15:49:06	153.738	2172.47	24.575	-0.516176
2019-10-14.15:49:07	156.377	2163.98	30.2616	-0.328611
2019-10-14.15:49:08	158.634	2156.4	30.2588	0.280873
2019-10-14.15:49:09	160.875	2149.65	30.2545	-0.629765
2019-10-14.15:49:10	163.287	2141.37	30.2501	-0.916809
2019-10-14.15:49:11	165.559	2132.74	30.2508	-0.530848
2019-10-14.15:49:12	167.486	2125.28	30.2531	-0.0894235
2019-10-14.15:49:13	169.099	2119.2	30.2519	-0.244305
2019-10-14.15:49:14	170.788	2112.56	30.2499	-0.523497
2019-10-14.15:49:15	172.497	2105.29	30.2485	-0.669777
2019-10-14.15:49:16	174.155	2097.78	30.2477	-0.684574
2019-10-14.15:49:17	175.692	2090.44	30.2473	-0.569387
2019-10-14.15:49:18	177.051	2083.63	30.2474	-0.335613
2019-10-14.15:49:19	178.184	2077.7	30.2475	-0.153251
2019-10-14.15:49:20	179.3	2071.88	30.2458	-0.448035
2019-10-14.15:49:21	180.464	2065.48	30.2444	-0.591184
2019-10-14.15:49:22	181.617	2058.77	30.2432	-0.639819
2019-10-14.15:49:23	182.716	2052.03	30.2425	-0.618112
2019-10-14.15:49:24	183.725	2045.49	30.2421	-0.517921
2019-10-14.15:49:25	184.606	2039.4	30.2418	-0.342783
2019-10-14.15:49:26	185.349	2033.91	30.2412	-0.34106
2019-10-14.15:49:27	186.129	2028.24	30.2399	-0.510314
2019-10-14.15:49:28	186.938	2022.15	30.2386	-0.60429
2019-10-14.15:49:29	187.741	2015.85	28.4278	-0.631183
2019-10-14.15:49:30	188.464	2010.18	23.0824	-0.511651
2019-10-14.15:49:31	189.237	2004.93	19.4866	-1.05383
2019-10-14.15:49:32	190.087	1998.71	16.6105	-1.1319
2019-10-14.15:49:33	190.914	1992.37	13.7634	-1.1197
2019-10-14.15:49:34	191.663	1986.54	11.4768	-0.907199
2019-10-14.15:49:35	192.2	1981.65	9.77484	-0.735374
2019-10-14.15:49:36	192.774	1976.61	8.20933	-1.13971
2019-10-14.15:49:37	193.515	1970.55	6.90017	-1.42448
2019-10-14.15:49:38	194.339	1963.67	5.91734	-1.52913
2019-10-14.15:49:39	195.065	1956.92	4.95739	-1.26603
2019-10-14.15:49:40	195.621	1951.08	4.12357	-0.982899
2019-10-14.15:49:41	195.984	1946.27	3.5025	-0.808987
2019-10-14.15:49:42	196.387	1941.34	2.94735	-1.204
2019-10-14.15:49:43	196.954	1935.27	2.47727	-1.52217
2019-10-14.15:49:44	197.617	1928.34	2.11901	-1.42418
2019-10-14.15:49:45	198.095	1922.15	1.78304	-1.08368
2019-10-14.15:49:46	198.358	1917.19	1.46616	-0.787867
2019-10-14.15:49:47	198.632	1912.34	1.22316	-1.26094
2019-10-14.15:49:48	199.108	1906.12	1.03658	-1.64698
2019-10-14.15:49:49	199.629	1899.29	0.885926	-1.27296
2019-10-14.15:49:50	199.889	1893.82	0.735657	-0.837573
2019-10-14.15:49:51	200.039	1889.18	0.571938	-1.23838
2019-10-14.15:49:52	200.431	1883.03	0.469124	-1.70952
2019-10-14.15:49:53	200.851	1876.33	0.439542	-1.15781
2019-10-14.15:49:54	200.955	1871.4	0.34315	-0.915828
2019-10-14.15:49:55	201.181	1866.07	0.203909	-1.59339
2019-10-14.15:49:56	201.594	1859.21	0.225011	-1.22226
2019-10-14.15:49:57	201.661	1854.19	0.215552	-0.940751
2019-10-14.15:49:58	201.897	1848.61	0.0378405	-1.78469
2019-10-14.15:49:59	202.195	1842.06	0.117177	-0.914345
2019-10-14.15:50:00	202.222	1837.35	0.0972369	-1.52293
2019-10-14.15:50:01	202.576	1830.58	-0.0446743	-1.08922
2019-10-14.15:50:02	202.57	1825.81	0.0760549	-1.48113
2019-10-14.15:50:03	202.918	1819.09	-0.0297926	-0.983316
2019-10-14.15:50:04	202.923	1814.27	-0.0247843	-1.81852
2019-10-14.15:50:05	203.156	1807.85	-0.010337	-0.52808
2019-10-14.15:50:06	203.394	1801.99	-0.0707847	-1.26489
2019-10-14.15:50:07	203.403	1796.86	-0.0655762	-2.4656
2019-10-14.15:50:08	203.38	1791.58	-0.0248224	-2.58972
2019-10-14.15:50:09	203.277	1786.64	-0.0214765	-3.1016
2019-10-14.15:50:10	202.956	1782.34	-0.0276634	-5.31491
2019-10-14.15:50:11	202.188	1778.02	-0.0726568	-8.16851
2019-10-14.15:50:12	200.626	1774.01	-0.106504	-6.29547
2019-10-14.15:50:13	198.461	1771.25	-0.0819359	-2.7017
2019-10-14.15:50:14	196.151	1769.1	-0.0823494	0.126618
2019-10-14.15:50:15	193.887	1767.22	-0.0487931	2.0025
2019-10-14.15:50:16	191.744	1765.49	-0.0056308	3.01408
2019-10-14.15:50:17	189.749	1763.88	0.0122049	3.258
2019-10-14.15:50:18	187.897	1762.38	0.0308051	2.81788
2019-10-14.15:50:19	186.162	1761	0.0594667	1.7557
2019-10-14.15:50:20	184.508	1759.76	0.0835904	0.130512
2019-10-14.15:50:21	182.897	1758.69	0.110747	-1.9607
2019-10-14.15:50:22	181.303	1757.78	0.155465	-4.36143
[State]	Landing
2019-10-14.15:50:23	179.72	1757.02	0.215172	-6.79787
2019-10-14.15:50:24	178.176	1756.34	0.285895	-8.8909
2019-10-14.15:50:25	176.713	1755.64	0.36884	-10.2339
2019-10-14.15:50:26	175.347	1754.81	0.455409	-10.4744
2019-10-14.15:50:27	174.111	1753.74	0.526405	-9.38127
2019-10-14.15:50:28	173.03	1752.34	0.567413	-6.87112
2019-10-14.15:50:29	172.098	1750.54	0.569963	-3.13249
2019-10-14.15:50:30	171.282	1748.35	0.527494	1.29556
2019-10-14.15:50:31	170.538	1745.89	0.43997	5.98045
2019-10-14.15:50:32	169.976	1743.47	0.324064	9.98289
2019-10-14.15:50:33	169.706	1741.5	0.204604	11.7732
2019-10-14.15:50:34	169.534	1740.32	0.109364	10.1843
2019-10-14.15:50:35	169.218	1740.07	0.0699554	5.08753
2019-10-14.15:50:36	168.478	1740.62	0.107933	-1.52417
2019-10-14.15:50:37	167.342	1741.48	0.221907	-7.01621
2019-10-14.15:50:38	166.246	1741.98	0.369907	-9.23422
2019-10-14.15:50:39	165.389	1741.65	0.484604	-7.57361
2019-10-14.15:50:40	164.824	1740.34	0.512574	-2.68888
2019-10-14.15:50:41	164.44	1738.18	0.445911	3.57716
2019-10-14.15:50:42	164.218	1735.74	0.309836	9.16721
2019-10-14.15:50:43	164.352	1733.91	0.158039	11.489
2019-10-14.15:50:44	164.541	1733.33	0.0504937	8.51278
2019-10-14.15:50:45	164.327	1734.12	0.0436657	1.28383
2019-10-14.15:50:46	163.448	1735.61	0.152128	-5.61444
2019-10-14.15:50:47	162.5	1736.71	0.319357	-8.26515
2019-10-14.15:50:48	161.887	1736.62	0.435367	-5.69937
2019-10-14.15:50:49	161.638	1735.22	0.431608	0.379806
2019-10-14.15:50:50	161.572	1733.03	0.319443	6.85266
2019-10-14.15:50:51	161.836	1731.13	0.158338	10.6156
2019-10-14.15:50:52	162.28	1730.54	0.0278453	8.76925
2019-10-14.15:50:53	162.338	1731.48	0.0019225	1.84721
2019-10-14.15:50:54	161.685	1733.24	0.104003	-4.97661
2019-10-14.15:50:55	160.94	1734.53	0.268523	-7.18443
2019-10-14.15:50:56	160.571	1734.46	0.370927	-3.95432
2019-10-14.15:50:57	160.538	1733.01	0.348578	2.26357
2019-10-14.15:50:58	160.709	1731	0.223456	8.09922
2019-10-14.15:50:59	161.223	1729.64	0.0692918	10.071
2019-10-14.15:51:00	161.692	1729.79	-0.0274695	5.99953
2019-10-14.15:51:01	161.547	1731.32	-0.0010137	-1.27439
2019-10-14.15:51:02	160.888	1733.11	0.139335	-6.23955
2019-10-14.15:51:03	160.397	1733.91	0.287252	-5.68164
2019-10-14.15:51:04	160.312	1733.21	0.332818	-0.658016
2019-10-14.15:51:05	160.448	1731.46	0.258153	5.54845
2019-10-14.15:51:06	160.858	1729.76	0.113441	9.59524
2019-10-14.15:51:07	161.466	1729.27	-0.0156307	8.25785
2019-10-14.15:51:08	161.685	1730.33	-0.0465033	1.83884
2019-10-14.15:51:09	161.206	1732.2	0.0504555	-4.56387
2019-10-14.15:51:10	160.62	1733.56	0.210592	-6.42037
2019-10-14.15:51:11	160.403	1733.54	0.309223	-3.02859
2019-10-14.15:51:12	160.479	1732.18	0.286791	2.98541
2019-10-14.15:51:13	160.761	1730.35	0.16632	8.32591
2019-10-14.15:51:14	161.349	1729.28	0.0230847	9.51829
2019-10-14.15:51:15	161.803	1729.71	-0.0566509	4.88639
2019-10-14.15:51:16	161.598	1731.38	-0.0134118	-2.12269
2019-10-14.15:51:17	160.978	1733.11	0.133531	-6.31379
2019-10-14.15:51:18	160.57	1733.76	0.273664	-5.06636
2019-10-14.15:51:19	160.537	1732.94	0.307892	0.185155
2019-10-14.15:51:20	160.699	1731.19	0.226909	6.20268
2019-10-14.15:51:21	161.144	1729.62	0.0847337	9.70336
2019-10-14.15:51:22	161.725	1729.32	-0.0344404	7.72505
2019-10-14.15:51:23	161.864	1730.51	-0.0516986	1.12517
2019-10-14.15:51:24	161.336	1732.38	0.0554888	-4.97803
2019-10-14.15:51:25	160.756	1733.65	0.216199	-6.36996
2019-10-14.15:51:26	160.551	1733.52	0.308645	-2.69734
2019-10-14.15:51:27	160.618	1732.09	0.28065	3.35412
2019-10-14.15:51:28	160.893	1730.27	0.158189	8.56588
2019-10-14.15:51:29	161.469	1729.25	0.0167799	9.5105
2019-10-14.15:51:30	161.888	1729.74	-0.0585322	4.67569
