DateTime	ASI:airspeed	Altimeter:altitude	RC:roll	HI:heading
[State]	Standing
2019-10-14.11:30:41	0.474726	1654.61	-0.0010306	0.0033878
[State]	Taxiing
2019-10-14.11:30:42	0.138669	1654.73	-0.0187188	0.449202
2019-10-14.11:30:43	0.0624603	1654.78	-0.0349405	0.0343216
2019-10-14.11:30:44	0.894569	1654.79	-0.0687657	-0.124905
2019-10-14.11:30:45	3.90275	1654.79	-0.159822	0.099103
2019-10-14.11:30:46	7.69202	1654.79	-0.183611	0.226899
2019-10-14.11:30:47	11.6073	1654.79	-0.217456	0.281031
2019-10-14.11:30:48	15.4696	1654.79	-0.382102	0.326126
2019-10-14.11:30:49	19.2608	1654.79	-0.723908	0.450636
2019-10-14.11:30:50	22.9946	1654.79	-1.09899	0.5482
2019-10-14.11:30:51	26.6564	1654.8	-1.43921	0.610739
2019-10-14.11:30:52	30.2458	1654.8	-1.67979	0.634866
2019-10-14.11:30:53	33.7496	1654.8	-1.83644	0.658275
2019-10-14.11:30:54	37.1222	1654.8	-1.9882	0.697106
2019-10-14.11:30:55	40.3661	1654.81	-2.09976	0.733705
2019-10-14.11:30:56	43.5008	1654.81	-2.15654	0.769201
2019-10-14.11:30:57	46.5549	1654.81	-2.16759	0.814826
2019-10-14.11:30:58	49.5589	1654.82	-2.12495	0.86943
2019-10-14.11:30:59	52.5394	1654.82	-2.03055	0.932849
2019-10-14.11:31:00	55.5147	1654.82	-1.90516	0.994571
2019-10-14.11:31:01	58.4976	1654.83	-1.7565	1.05623
2019-10-14.11:31:02	61.4972	1654.83	-1.58932	1.11879
2019-10-14.11:31:03	64.52	1654.84	-1.40646	1.18271
2019-10-14.11:31:04	67.571	1654.85	-1.20988	1.24799
2019-10-14.11:31:05	70.6536	1654.85	-1.00114	1.31449
2019-10-14.11:31:06	73.7704	1654.86	-0.781649	1.38203
2019-10-14.11:31:07	76.9226	1654.87	-0.552715	1.45033
2019-10-14.11:31:08	80.1104	1654.87	-0.315703	1.5191
2019-10-14.11:31:09	83.3457	1654.88	-0.16855	1.58055
2019-10-14.11:31:10	86.6637	1654.89	-0.0842775	1.8986
2019-10-14.11:31:11	89.9654	1655	0.0397876	6.39022
[State]	TakeOff
2019-10-14.11:31:12	91.31	1658.28	2.49978	13.206
2019-10-14.11:31:13	90.4682	1666.73	8.50203	11.4264
2019-10-14.11:31:14	89.5942	1673.93	14.9652	11.6536
2019-10-14.11:31:15	88.7872	1679.58	22.3199	12.6502
2019-10-14.11:31:16	88.0149	1684.2	30.528	12.9105
2019-10-14.11:31:17	87.4454	1687.49	30.3722	12.7466
2019-10-14.11:31:18	87.0511	1690.29	30.3786	11.8227
2019-10-14.11:31:19	86.8171	1692.76	30.37	11.4519
2019-10-14.11:31:20	86.6371	1695.07	30.3563	11.6171
2019-10-14.11:31:21	86.4484	1697.29	30.3465	12.0862
2019-10-14.11:31:22	86.2327	1699.45	30.3454	12.4438
2019-10-14.11:31:23	86.017	1701.54	30.3501	12.503
2019-10-14.11:31:24	85.8333	1703.55	30.3544	12.3303
2019-10-14.11:31:25	85.6945	1705.46	30.3548	12.1252
2019-10-14.11:31:26	85.5903	1707.28	30.3514	12.0428
2019-10-14.11:31:27	85.4961	1709.02	28.8886	12.1255
2019-10-14.11:31:28	85.2046	1711.32	22.3366	12.4596
2019-10-14.11:31:29	84.3555	1715.57	15.88	13.1094
2019-10-14.11:31:30	83.2245	1721.46	9.1613	12.7142
2019-10-14.11:31:31	82.0451	1727.57	1.95896	13.2523
2019-10-14.11:31:32	80.9033	1733.51	-1.49959	13.4634
2019-10-14.11:31:33	80.1228	1738.82	1.34198	12.5817
2019-10-14.11:31:34	79.9021	1742.81	4.54815	11.8779
2019-10-14.11:31:35	79.8478	1745.56	5.15765	12.5967
2019-10-14.11:31:36	79.717	1748.25	2.59833	12.4261
2019-10-14.11:31:37	79.6928	1751.15	-1.46376	12.3609
2019-10-14.11:31:38	79.5807	1754.26	-3.90526	12.8356
[State]	Climb
2019-10-14.11:31:39	79.2928	1757.55	-2.74814	12.9427
2019-10-14.11:31:40	79.1378	1760.9	1.17794	12.47
2019-10-14.11:31:41	79.112	1763.87	4.85929	12.4236
2019-10-14.11:31:42	79.1102	1766.23	5.32598	12.6383
2019-10-14.11:31:43	79.1145	1768.43	2.08375	12.4464
2019-10-14.11:31:44	79.2152	1770.94	-2.53484	12.4738
2019-10-14.11:31:45	79.1109	1773.77	-4.87191	13.2234
2019-10-14.11:31:46	78.7716	1776.96	-2.97872	13.3158
2019-10-14.11:31:47	78.5682	1780.33	1.73925	12.8147
2019-10-14.11:31:48	78.458	1783.31	5.8891	12.9593
2019-10-14.11:31:49	78.3965	1785.61	5.98039	12.9317
2019-10-14.11:31:50	78.4962	1787.51	1.85738	12.3903
2019-10-14.11:31:51	78.767	1789.57	-3.5395	12.4024
2019-10-14.11:31:52	78.7772	1791.9	-5.89101	13.3365
2019-10-14.11:31:53	78.5302	1794.64	-3.23585	13.2909
2019-10-14.11:31:54	78.4361	1797.66	1.79015	12.7189
2019-10-14.11:31:55	78.3736	1800.37	5.84019	13.0209
2019-10-14.11:31:56	78.318	1802.45	7.15949	13.2974
2019-10-14.11:31:57	78.3873	1804.22	2.3505	12.4825
2019-10-14.11:31:58	78.6709	1806.19	-4.03245	12.4597
2019-10-14.11:31:59	78.6527	1808.44	-6.87377	13.6525
2019-10-14.11:32:00	78.3439	1811.11	-3.87064	13.524
2019-10-14.11:32:01	78.2394	1814.07	1.17005	12.714
2019-10-14.11:32:02	78.213	1816.69	4.91919	12.9224
2019-10-14.11:32:03	78.1972	1818.62	8.92654	13.307
2019-10-14.11:32:04	78.2717	1820.09	4.14352	12.9705
2019-10-14.11:32:05	78.4709	1822.04	-2.78444	12.6692
2019-10-14.11:32:06	78.3635	1824.47	-7.32463	14.1762
2019-10-14.11:32:07	77.828	1827.42	-5.16858	14.4441
2019-10-14.11:32:08	77.4477	1830.77	-0.0191933	13.3785
2019-10-14.11:32:09	77.3234	1833.74	3.564	13.2182
2019-10-14.11:32:10	77.2495	1835.87	7.08976	13.4349
2019-10-14.11:32:11	77.4472	1837.05	7.87283	13.4848
2019-10-14.11:32:12	77.7423	1838.25	0.0590735	12.5662
2019-10-14.11:32:13	77.9604	1840.08	-6.16395	13.6533
2019-10-14.11:32:14	77.5862	1842.5	-7.03997	14.9825
2019-10-14.11:32:15	77.0615	1845.62	-1.98976	13.8725
2019-10-14.11:32:16	76.9962	1848.61	1.98891	12.9944
2019-10-14.11:32:17	77.0275	1850.71	5.17836	13.109
2019-10-14.11:32:18	77.261	1851.84	9.34738	13.2979
2019-10-14.11:32:19	77.5949	1852.49	4.61189	13.2194
2019-10-14.11:32:20	77.8801	1854.05	-2.20758	13.1368
2019-10-14.11:32:21	77.6143	1856.5	-8.19939	15.025
2019-10-14.11:32:22	76.9355	1859.64	-5.32962	14.8341
2019-10-14.11:32:23	76.6659	1862.8	-0.334163	13.1194
2019-10-14.11:32:24	76.8407	1865.09	3.03987	12.6121
2019-10-14.11:32:25	77.1541	1866.24	6.42623	12.775
2019-10-14.11:32:26	77.5591	1866.67	9.57606	13.646
2019-10-14.11:32:27	77.8213	1867.61	1.99017	12.9894
2019-10-14.11:32:28	77.8803	1869.7	-4.25617	14.0418
2019-10-14.11:32:29	77.3177	1872.68	-7.82518	15.3138
2019-10-14.11:32:30	76.7073	1875.94	-3.24897	14.1302
2019-10-14.11:32:31	76.6848	1878.83	1.04076	12.785
2019-10-14.11:32:32	76.9128	1880.65	4.19616	12.5945
2019-10-14.11:32:33	77.294	1881.41	8.01306	13.0982
2019-10-14.11:32:34	77.6679	1881.81	6.77398	13.5359
2019-10-14.11:32:35	77.9217	1883.17	-0.465822	13.07
2019-10-14.11:32:36	77.7256	1885.63	-6.45884	14.6922
2019-10-14.11:32:37	77.0718	1888.75	-6.84834	15.1449
2019-10-14.11:32:38	76.6403	1891.96	-1.43605	13.4747
2019-10-14.11:32:39	76.7772	1894.48	2.23159	12.6282
2019-10-14.11:32:40	77.0583	1895.88	5.4296	12.6228
2019-10-14.11:32:41	77.4735	1896.37	9.83943	13.4383
2019-10-14.11:32:42	77.7853	1896.99	3.88808	13.1467
2019-10-14.11:32:43	77.9718	1898.76	-2.70532	13.5315
2019-10-14.11:32:44	77.5355	1901.55	-8.57522	15.1171
2019-10-14.11:32:45	76.8772	1904.75	-4.75317	14.6018
2019-10-14.11:32:46	76.6968	1907.8	0.085229	12.9824
2019-10-14.11:32:47	76.896	1909.91	3.36566	12.5824
2019-10-14.11:32:48	77.2379	1910.91	6.85167	12.8229
2019-10-14.11:32:49	77.6497	1911.26	8.84363	13.6278
2019-10-14.11:32:50	77.9146	1912.28	1.23759	12.9387
2019-10-14.11:32:51	77.913	1914.46	-4.90418	14.2243
2019-10-14.11:32:52	77.319	1917.47	-7.56513	15.2744
2019-10-14.11:32:53	76.7569	1920.7	-2.68907	13.8896
2019-10-14.11:32:54	76.7956	1923.46	1.40383	12.6879
2019-10-14.11:32:55	77.0388	1925.15	4.55131	12.5668
2019-10-14.11:32:56	77.433	1925.8	8.53707	13.1678
2019-10-14.11:32:57	77.7908	1926.23	5.86033	13.3895
2019-10-14.11:32:58	78.0379	1927.71	-1.1765	13.1373
2019-10-14.11:32:59	77.7623	1930.26	-7.15431	14.8097
2019-10-14.11:33:00	77.1002	1933.4	-6.23535	14.9699
2019-10-14.11:33:01	76.7435	1936.56	-0.933019	13.2643
2019-10-14.11:33:02	76.91	1938.95	2.59959	12.5718
2019-10-14.11:33:03	77.2094	1940.2	5.87305	12.6328
2019-10-14.11:33:04	77.6286	1940.63	10.1058	13.4967
2019-10-14.11:33:05	77.9202	1941.35	2.97237	13.0038
2019-10-14.11:33:06	78.0592	1943.25	-3.44793	13.7149
2019-10-14.11:33:07	77.5633	1946.12	-8.43014	15.1802
2019-10-14.11:33:08	76.9243	1949.32	-4.03412	14.327
2019-10-14.11:33:09	76.8268	1952.28	0.55108	12.8227
2019-10-14.11:33:10	77.0403	1954.24	3.77024	12.5417
2019-10-14.11:33:11	77.4016	1955.1	7.41335	12.8992
2019-10-14.11:33:12	77.7981	1955.45	7.82912	13.559
2019-10-14.11:33:13	78.0577	1956.63	0.361495	12.9249
2019-10-14.11:33:14	77.9645	1958.93	-5.68965	14.4183
2019-10-14.11:33:15	77.3365	1961.98	-7.32675	15.1776
2019-10-14.11:33:16	76.837	1965.19	-2.03648	13.6123
2019-10-14.11:33:17	76.9332	1967.82	1.84342	12.5944
2019-10-14.11:33:18	77.1946	1969.35	5.01646	12.538
2019-10-14.11:33:19	77.6003	1969.9	9.22936	13.2637
2019-10-14.11:33:20	77.9324	1970.4	4.76441	13.2017
2019-10-14.11:33:21	78.1545	1972.03	-2.02893	13.2757
2019-10-14.11:33:22	77.7879	1974.7	-8.02715	14.934
2019-10-14.11:33:23	77.1242	1977.86	-5.42446	14.7225
2019-10-14.11:33:24	76.8662	1980.95	-0.356205	13.0404
2019-10-14.11:33:25	77.0541	1983.18	3.04023	12.5207
2019-10-14.11:33:26	77.3763	1984.27	6.43379	12.6784
2019-10-14.11:33:27	77.7932	1984.64	9.53824	13.543
2019-10-14.11:33:28	78.0657	1985.52	1.93411	12.8877
2019-10-14.11:33:29	78.1298	1987.57	-4.31225	13.9582
2019-10-14.11:33:30	77.573	1990.51	-7.82299	15.2051
2019-10-14.11:33:31	76.9743	1993.72	-3.22861	14.0061
2019-10-14.11:33:32	76.9634	1996.55	1.07337	12.6736
2019-10-14.11:33:33	77.1938	1998.34	4.2525	12.504
2019-10-14.11:33:34	77.5748	1999.06	8.10533	13.0088
2019-10-14.11:33:35	77.9468	1999.43	6.57113	13.4126
2019-10-14.11:33:36	78.2026	2000.79	-0.639825	12.9809
2019-10-14.11:33:37	77.9934	2003.24	-6.63174	14.6226
2019-10-14.11:33:38	77.3395	2006.33	-6.69896	15.0034
2019-10-14.11:33:39	76.9281	2009.5	-1.31331	13.3225
2019-10-14.11:33:40	77.0741	2011.97	2.34984	12.5209
2019-10-14.11:33:41	77.3575	2013.31	5.59213	12.5427
2019-10-14.11:33:42	77.7704	2013.76	10.0198	13.3771
2019-10-14.11:33:43	78.071	2014.4	3.50732	13.0043
2019-10-14.11:33:44	78.2414	2016.21	-3.0268	13.5106
2019-10-14.11:33:45	77.7825	2019	-8.57639	15.0656
2019-10-14.11:33:46	77.1302	2022.18	-4.45523	14.3985
2019-10-14.11:33:47	76.9859	2025.18	0.292812	12.8289
2019-10-14.11:33:48	77.1902	2027.21	3.57166	12.4874
2019-10-14.11:33:49	77.5377	2028.13	7.14535	12.7889
2019-10-14.11:33:50	77.9376	2028.47	8.31113	13.5313
2019-10-14.11:33:51	78.196	2029.55	0.749386	12.8512
2019-10-14.11:33:52	78.1481	2031.77	-5.34522	14.2567
2019-10-14.11:33:53	77.5339	2034.79	-7.45332	15.1561
2019-10-14.11:33:54	77.0042	2037.99	-2.32973	13.6615
2019-10-14.11:33:55	77.0755	2040.66	1.6655	12.5642
2019-10-14.11:33:56	77.3267	2042.24	4.84453	12.4868
2019-10-14.11:33:57	77.7241	2042.82	8.97337	13.1705
2019-10-14.11:33:58	78.0612	2043.28	5.14538	13.2125
2019-10-14.11:33:59	78.2926	2044.83	-1.74264	13.1564
2019-10-14.11:34:00	77.958	2047.44	-7.73008	14.8354
2019-10-14.11:34:01	77.2923	2050.57	-5.70036	14.7515
2019-10-14.11:34:02	76.9985	2053.67	-0.547901	13.0552
2019-10-14.11:34:03	77.1795	2055.94	2.91026	12.4816
2019-10-14.11:34:04	77.4914	2057.07	6.27537	12.6132
2019-10-14.11:34:05	77.9056	2057.44	9.7522	13.4892
2019-10-14.11:34:06	78.1789	2058.26	2.19696	12.8638
2019-10-14.11:34:07	78.2649	2060.24	-4.09761	13.8389
2019-10-14.11:34:08	77.723	2063.14	-7.94423	15.1594
2019-10-14.11:34:09	77.1108	2066.33	-3.44071	14.0387
2019-10-14.11:34:10	77.0777	2069.18	0.947826	12.6615
2019-10-14.11:34:11	77.3021	2070.99	4.14852	12.4702
2019-10-14.11:34:12	77.6755	2071.73	7.95725	12.9465
2019-10-14.11:34:13	78.0489	2072.08	6.83282	13.4121
2019-10-14.11:34:14	78.3039	2073.38	-0.442293	12.9217
2019-10-14.11:34:15	78.1188	2075.77	-6.44357	14.5432
2019-10-14.11:34:16	77.4682	2078.84	-6.85878	15.0043
2019-10-14.11:34:17	77.0373	2082	-1.45507	13.3369
2019-10-14.11:34:18	77.1745	2084.48	2.26167	12.4944
2019-10-14.11:34:19	77.4523	2085.83	5.49723	12.5046
2019-10-14.11:34:20	77.862	2086.28	9.92074	13.326
2019-10-14.11:34:21	78.1655	2086.88	3.6981	12.9991
2019-10-14.11:34:22	78.3455	2088.63	-2.87903	13.4312
2019-10-14.11:34:23	77.901	2091.38	-8.58608	15.0129
2019-10-14.11:34:24	77.2458	2094.53	-4.61028	14.413
2019-10-14.11:34:25	77.0852	2097.52	0.197991	12.8214
2019-10-14.11:34:26	77.287	2099.56	3.50241	12.4581
2019-10-14.11:34:27	77.6295	2100.48	7.054	12.7406
2019-10-14.11:34:28	78.0307	2100.8	8.48238	13.5082
2019-10-14.11:34:29	78.2892	2101.84	0.89219	12.8168
2019-10-14.11:34:30	78.2572	2104.01	-5.21935	14.1861
2019-10-14.11:34:31	77.6496	2106.99	-7.49708	15.1345
2019-10-14.11:34:32	77.1108	2110.17	-2.44198	13.6671
2019-10-14.11:34:33	77.1737	2112.84	1.5991	12.5412
2019-10-14.11:34:34	77.4216	2114.42	4.7834	12.4583
2019-10-14.11:34:35	77.816	2114.99	8.88379	13.1235
2019-10-14.11:34:36	78.1553	2115.42	5.27733	13.2031
2019-10-14.11:34:37	78.39	2116.93	-1.64507	13.1023
2019-10-14.11:34:38	78.0677	2119.5	-7.62949	14.7858
2019-10-14.11:34:39	77.403	2122.6	-5.79717	14.7444
2019-10-14.11:34:40	77.0986	2125.68	-0.614672	13.0436
2019-10-14.11:34:41	77.2778	2127.94	2.8698	12.4531
2019-10-14.11:34:42	77.5863	2129.07	6.22896	12.5774
2019-10-14.11:34:43	77.9996	2129.42	9.8127	13.4547
2019-10-14.11:34:44	78.2736	2130.2	2.27857	12.8398
2019-10-14.11:34:45	78.3668	2132.15	-4.03206	13.7838
2019-10-14.11:34:46	77.8308	2135.02	-7.99873	15.1257
2019-10-14.11:34:47	77.2159	2138.18	-3.50693	14.0286
2019-10-14.11:34:48	77.1773	2141.02	0.913902	12.6376
2019-10-14.11:34:49	77.4003	2142.82	4.12577	12.443
2019-10-14.11:34:50	77.771	2143.54	7.92512	12.9101
2019-10-14.11:34:51	78.1447	2143.87	6.88979	13.3906
2019-10-14.11:34:52	78.3999	2145.14	-0.402064	12.8857
2019-10-14.11:34:53	78.221	2147.5	-6.4056	14.5025
2019-10-14.11:34:54	77.5722	2150.54	-6.8985	14.9809
2019-10-14.11:34:55	77.1383	2153.68	-1.48793	13.315
2019-10-14.11:34:56	77.2743	2156.14	2.24687	12.4654
2019-10-14.11:34:57	77.5505	2157.48	5.48617	12.4764
2019-10-14.11:34:58	77.9589	2157.91	9.90829	13.2948
2019-10-14.11:34:59	78.2622	2158.48	3.72565	12.9739
2019-10-14.11:35:00	78.4439	2160.21	-2.85841	13.3941
2019-10-14.11:35:01	78.002	2162.93	-8.59699	14.9796
2019-10-14.11:35:02	77.3473	2166.06	-4.63743	14.389
2019-10-14.11:35:03	77.1854	2169.02	0.187178	12.7926
2019-10-14.11:35:04	77.3869	2171.04	3.50086	12.4302
2019-10-14.11:35:05	77.7278	2171.94	7.05484	12.7121
2019-10-14.11:35:06	78.128	2172.24	8.47069	13.4801
2019-10-14.11:35:07	78.3862	2173.26	0.877151	12.7868
2019-10-14.11:35:08	78.3543	2175.41	-5.23451	14.158
2019-10-14.11:35:09	77.7472	2178.36	-7.49979	15.1036
2019-10-14.11:35:10	77.2102	2181.52	-2.43547	13.6314
2019-10-14.11:35:11	77.275	2184.16	1.61188	12.5095
2019-10-14.11:35:12	77.5229	2185.72	4.80395	12.4319
2019-10-14.11:35:13	77.9164	2186.26	8.91404	13.1005
2019-10-14.11:35:14	78.2537	2186.67	5.21921	13.168
2019-10-14.11:35:15	78.4873	2188.17	-1.69516	13.0802
2019-10-14.11:35:16	78.1617	2190.72	-7.68028	14.765
2019-10-14.11:35:17	77.4976	2193.8	-5.75256	14.7009
2019-10-14.11:35:18	77.1996	2196.86	-0.581281	13.0018
2019-10-14.11:35:19	77.3805	2199.08	2.9049	12.4234
2019-10-14.11:35:20	77.6897	2200.18	6.27743	12.5569
2019-10-14.11:35:21	78.1016	2200.51	9.75433	13.4335
2019-10-14.11:35:22	78.3735	2201.28	2.18842	12.8051
2019-10-14.11:35:23	78.4609	2203.22	-4.11005	13.7768
2019-10-14.11:35:24	77.9206	2206.07	-7.94571	15.1001
2019-10-14.11:35:25	77.3104	2209.21	-3.44355	13.9726
2019-10-14.11:35:26	77.2799	2212.01	0.961924	12.5977
2019-10-14.11:35:27	77.5044	2213.78	4.17816	12.4158
2019-10-14.11:35:28	77.8759	2214.47	8.00168	12.8977
2019-10-14.11:35:29	78.246	2214.78	6.75177	13.3494
2019-10-14.11:35:30	78.5003	2216.04	-0.513889	12.8681
2019-10-14.11:35:31	78.3096	2218.4	-6.51266	14.4984
2019-10-14.11:35:32	77.6593	2221.42	-6.81628	14.9328
2019-10-14.11:35:33	77.2367	2224.53	-1.40911	13.2561
2019-10-14.11:35:34	77.3784	2226.95	2.31079	12.4324
2019-10-14.11:35:35	77.6568	2228.25	5.56526	12.4564
2019-10-14.11:35:36	78.065	2228.65	9.99277	13.2852
2019-10-14.11:35:37	78.3637	2229.22	3.54886	12.9246
2019-10-14.11:35:38	78.5377	2230.94	-3.00415	13.4034
2019-10-14.11:35:39	78.085	2233.66	-8.58628	14.9718
[State]	Cruise
2019-10-14.11:35:40	77.434	2236.77	-4.50423	14.3132
2019-10-14.11:35:41	77.2889	2239.7	0.281099	12.738
2019-10-14.11:35:42	77.4933	2241.66	3.58858	12.4022
2019-10-14.11:35:43	77.8372	2242.52	7.17624	12.7084
2019-10-14.11:35:44	78.2332	2242.8	8.2462	13.4468
2019-10-14.11:35:45	78.4899	2243.82	0.67925	12.7624
2019-10-14.11:35:46	78.439	2245.98	-5.41291	14.18
2019-10-14.11:35:47	77.8248	2248.93	-7.45181	15.0604
2019-10-14.11:35:48	77.3026	2252.06	-2.28893	13.5473
2019-10-14.11:35:49	77.3806	2254.65	1.71872	12.4681
2019-10-14.11:35:50	77.6324	2256.15	4.92182	12.4085
2019-10-14.11:35:51	78.0276	2256.65	9.0867	13.1057
2019-10-14.11:35:52	78.3578	2257.06	4.94887	13.1033
2019-10-14.11:35:53	78.5849	2258.58	-1.90827	13.0961
2019-10-14.11:35:54	78.2381	2261.13	-7.89906	14.7756
2019-10-14.11:35:55	77.5747	2264.2	-5.56065	14.6169
2019-10-14.11:35:56	77.3024	2267.21	-0.438316	12.927
2019-10-14.11:35:57	77.4881	2269.38	3.02151	12.3931
2019-10-14.11:35:58	77.8022	2270.42	6.42916	12.5542
2019-10-14.11:35:59	78.212	2270.71	9.54276	13.4238
2019-10-14.11:36:00	78.4792	2271.51	1.91471	12.7612
2019-10-14.11:36:01	78.5457	2273.47	-4.34185	13.8225
2019-10-14.11:36:02	77.9909	2276.31	-7.81204	15.0802
2019-10-14.11:36:03	77.3941	2279.43	-3.23385	13.8674
2019-10-14.11:36:04	77.386	2282.18	1.10512	12.5422
2019-10-14.11:36:05	77.6149	2283.88	4.31901	12.3903
2019-10-14.11:36:06	77.9904	2284.51	8.20466	12.913
2019-10-14.11:36:07	78.3524	2284.82	6.39915	13.2838
2019-10-14.11:36:08	78.6042	2286.11	-0.79042	12.8746
2019-10-14.11:36:09	78.3823	2288.49	-6.77856	14.5327
2019-10-14.11:36:10	77.7277	2291.5	-6.59705	14.856
2019-10-14.11:36:11	77.3329	2294.57	-1.21402	13.159
2019-10-14.11:36:12	77.4866	2296.93	2.45555	12.3966
2019-10-14.11:36:13	77.7712	2298.15	5.73852	12.4469
2019-10-14.11:36:14	78.1803	2298.51	10.1052	13.297
2019-10-14.11:36:15	78.4706	2299.1	3.19745	12.8557
2019-10-14.11:36:16	78.6264	2300.86	-3.2876	13.4603
2019-10-14.11:36:17	78.1508	2303.58	-8.5101	14.9818
2019-10-14.11:36:18	77.508	2306.67	-4.23527	14.1943
2019-10-14.11:36:19	77.3949	2309.55	0.463056	12.6628
2019-10-14.11:36:20	77.6043	2311.44	3.74935	12.3758
2019-10-14.11:36:21	77.9546	2312.23	7.39927	12.7273
2019-10-14.11:36:22	78.3434	2312.48	7.83634	13.4014
2019-10-14.11:36:23	78.599	2313.55	0.33696	12.7489
2019-10-14.11:36:24	78.5113	2315.74	-5.72204	14.2416
2019-10-14.11:36:25	77.8855	2318.68	-7.34198	15.0023
2019-10-14.11:36:26	77.39	2321.78	-2.036	13.4266
2019-10-14.11:36:27	77.4894	2324.31	1.8949	12.4216
2019-10-14.11:36:28	77.7478	2325.72	5.11366	12.3895
2019-10-14.11:36:29	78.1463	2326.17	9.37164	13.1313
2019-10-14.11:36:30	78.4658	2326.6	4.51027	13.0147
2019-10-14.11:36:31	78.6801	2328.15	-2.25206	13.1484
2019-10-14.11:36:32	78.2996	2330.73	-8.2456	14.8085
2019-10-14.11:36:33	77.6385	2333.78	-5.24265	14.4943
2019-10-14.11:36:34	77.5384	2336.72	-0.175303	11.0868
2019-10-14.11:36:35	80.4575	2335.33	0.258454	0.558726
2019-10-14.11:36:36	86.9398	2324.15	-9.89886	-1.80456
2019-10-14.11:36:37	93.8728	2309.54	-18.674	0.573366
2019-10-14.11:36:38	99.9551	2295.4	-26.2462	3.48891
2019-10-14.11:36:39	105.074	2282.81	-29.1502	2.62113
2019-10-14.11:36:40	110.301	2270.96	-29.1877	-0.520276
2019-10-14.11:36:41	115.228	2259.57	-29.1963	-1.61318
2019-10-14.11:36:42	119.826	2249.02	-29.1731	-0.510747
2019-10-14.11:36:43	124.159	2239.11	-29.1541	1.12503
2019-10-14.11:36:44	127.934	2230.34	-29.1637	1.39957
2019-10-14.11:36:45	131.469	2222.67	-29.1791	0.83831
2019-10-14.11:36:46	134.818	2216.04	-29.182	0.823487
2019-10-14.11:36:47	137.804	2210.51	-29.1756	1.49092
2019-10-14.11:36:48	140.377	2205.99	-29.1753	1.94323
2019-10-14.11:36:49	142.699	2202.22	-29.182	1.87719
2019-10-14.11:36:50	144.884	2199.03	-29.1861	1.7855
2019-10-14.11:36:51	146.898	2196.37	-29.1858	1.95555
2019-10-14.11:36:52	148.703	2194.19	-29.1864	2.13328
2019-10-14.11:36:53	150.353	2192.4	-29.1899	2.13144
2019-10-14.11:36:54	151.902	2190.92	-29.1928	2.09266
2019-10-14.11:36:55	153.347	2189.71	-29.1942	2.13668
2019-10-14.11:36:56	154.673	2188.77	-26.1374	2.18998
2019-10-14.11:36:57	155.965	2188.38	-20.4808	1.82574
2019-10-14.11:36:58	157.167	2188.39	-16.5849	1.82763
2019-10-14.11:36:59	158.309	2188.64	-14.0054	1.96413
2019-10-14.11:37:00	159.352	2189.04	-11.4146	1.90112
2019-10-14.11:37:01	160.398	2189.5	-8.983	1.79315
2019-10-14.11:37:02	161.393	2190.01	-7.45412	1.76958
2019-10-14.11:37:03	162.348	2190.56	-6.3923	1.75901
2019-10-14.11:37:04	163.257	2191.1	-5.16115	1.69155
2019-10-14.11:37:05	164.159	2191.63	-4.08802	1.63713
2019-10-14.11:37:06	165.027	2192.16	-3.49529	1.60282
2019-10-14.11:37:07	165.857	2192.67	-2.99498	1.5675
2019-10-14.11:37:08	166.665	2193.16	-2.37788	1.5211
2019-10-14.11:37:09	167.45	2193.63	-1.93237	1.48591
2019-10-14.11:37:10	168.212	2194.08	-1.70141	1.45582
2019-10-14.11:37:11	168.94	2194.52	-1.42935	1.42194
2019-10-14.11:37:12	169.653	2194.93	-1.13059	1.38891
2019-10-14.11:37:13	170.339	2195.32	-0.965825	1.35888
2019-10-14.11:37:14	171.003	2195.7	-0.858694	1.33093
2019-10-14.11:37:15	171.643	2196.06	-0.702427	1.30197
2019-10-14.11:37:16	172.263	2196.4	-0.575019	1.27577
2019-10-14.11:37:17	172.863	2196.73	-0.517751	1.25071
2019-10-14.11:37:18	173.439	2197.04	-0.452386	1.22633
2019-10-14.11:37:19	173.997	2197.34	-0.370612	1.20289
2019-10-14.11:37:20	174.536	2197.62	-0.325854	1.18089
2019-10-14.11:37:21	175.055	2197.89	-0.299814	1.1601
2019-10-14.11:37:22	175.555	2198.15	-0.257812	1.13988
2019-10-14.11:37:23	176.04	2198.4	-0.223243	1.12087
2019-10-14.11:37:24	176.506	2198.63	-0.208884	1.10286
2019-10-14.11:37:25	176.954	2198.86	-0.191032	1.08545
2019-10-14.11:37:26	177.387	2199.07	-0.168689	1.06881
2019-10-14.11:37:27	177.804	2199.27	-0.157497	1.05318
2019-10-14.11:37:28	178.203	2199.47	-0.150391	1.03822
2019-10-14.11:37:29	178.586	2199.65	-0.138478	1.02388
2019-10-14.11:37:30	178.955	2199.83	-0.129745	1.01027
[State]	Descent
2019-10-14.11:37:31	179.308	2200	-0.126201	0.997311
2019-10-14.11:37:32	179.647	2200.16	-0.120835	0.984898
2019-10-14.11:37:33	179.973	2200.32	-0.114959	0.973065
2019-10-14.11:37:34	180.285	2200.46	-0.112454	0.961813
2019-10-14.11:37:35	180.585	2200.6	-0.110299	0.951058
2019-10-14.11:37:36	180.872	2200.74	-0.106953	0.940785
2019-10-14.11:37:37	181.148	2200.87	-0.105011	0.931008
2019-10-14.11:37:38	181.412	2200.99	-0.104116	0.921681
2019-10-14.11:37:39	181.666	2201.1	-0.1025	0.912772
2019-10-14.11:37:40	181.909	2201.22	-0.101135	0.904282
2019-10-14.11:37:41	182.142	2201.32	-0.100659	0.896193
2019-10-14.11:37:42	182.365	2201.42	-0.0999997	0.888472
2019-10-14.11:37:43	182.58	2201.52	-0.0991782	0.88111
2019-10-14.11:37:44	182.785	2201.61	-0.0988565	0.874097
2019-10-14.11:37:45	182.982	2201.7	-0.0986376	0.867407
2019-10-14.11:37:46	183.171	2201.79	-0.0982259	0.861026
2019-10-14.11:37:47	183.352	2201.87	-0.0980074	0.854942
2019-10-14.11:37:48	183.525	2201.94	-0.0979578	0.849124
2019-10-14.11:37:49	183.691	2202.02	-0.0978024	0.843532
2019-10-14.11:37:50	183.851	2202.09	-0.0976806	0.838089
2019-10-14.11:37:51	184.003	2202.15	-0.0976905	0.832631
2019-10-14.11:37:52	184.15	2202.22	-0.0976652	0.827206
2019-10-14.11:37:53	184.29	2202.28	-0.0975993	0.822151
2019-10-14.11:37:54	184.424	2202.33	-0.0975994	0.81825
2019-10-14.11:37:55	184.553	2202.39	-0.0976596	0.815238
2019-10-14.11:37:56	184.676	2202.44	-0.0976899	0.809779
2019-10-14.11:37:57	184.794	2202.49	-0.0976762	0.805223
2019-10-14.11:37:58	184.908	2202.54	-0.0977234	0.803452
2019-10-14.11:37:59	185.016	2202.58	-0.0978076	0.798546
2019-10-14.11:38:00	185.12	2202.63	-0.0977785	0.79458
2019-10-14.11:38:01	185.22	2202.67	-0.0978693	0.793285
2019-10-14.11:38:02	185.315	2202.71	-0.0979172	0.788211
2019-10-14.11:38:03	185.406	2202.75	-0.0978939	0.786712
2019-10-14.11:38:04	185.494	2202.78	-0.0980241	0.782807
2019-10-14.11:38:05	185.577	2202.82	-0.0979694	0.780088
2019-10-14.11:38:06	185.658	2202.85	-0.0981075	0.777868
2019-10-14.11:38:07	185.734	2202.88	-0.0980472	0.774676
2019-10-14.11:38:08	185.808	2202.91	-0.0981838	0.773162
2019-10-14.11:38:09	185.878	2202.94	-0.0981131	0.77
2019-10-14.11:38:10	185.946	2202.97	-0.0982539	0.768577
2019-10-14.11:38:11	186.01	2203	-0.098157	0.765928
2019-10-14.11:38:12	186.072	2203.02	-0.0983214	0.764142
2019-10-14.11:38:13	186.131	2203.04	-0.0981895	0.762731
2019-10-14.11:38:14	186.228	2202.87	-0.114688	-0.266758
2019-10-14.11:38:15	187.154	2198.15	-0.188605	-0.587994
2019-10-14.11:38:16	187.82	2193.97	-0.0349904	-1.46501
2019-10-14.11:38:17	188.879	2187.45	-0.104538	-0.257509
2019-10-14.11:38:18	189.7	2182.31	-0.150677	-1.85665
2019-10-14.11:38:19	190.413	2176.7	-0.0542797	-1.02819
2019-10-14.11:38:20	191.395	2170.12	-0.107785	-0.272668
2019-10-14.11:38:21	192.114	2164.83	-0.146488	-1.8065
2019-10-14.11:38:22	192.629	2159.66	-0.0834437	-2.5269
2019-10-14.11:38:23	193.2	2153.93	-0.0483536	-1.87494
2019-10-14.11:38:24	193.734	2148.04	-0.0458923	-1.06856
2019-10-14.11:38:25	194.048	2142.43	-0.0060046	-0.912154
2019-10-14.11:38:26	193.856	2137.37	0.0601357	-2.61299
2019-10-14.11:38:27	192.801	2132.85	0.152159	-6.84182
2019-10-14.11:38:28	191.257	2128.44	0.277297	-8.98943
2019-10-14.11:38:29	189.694	2123.97	0.323763	-9.5272
2019-10-14.11:38:30	188.226	2119.36	0.339786	-9.46039
2019-10-14.11:38:31	186.867	2114.6	0.397117	-9.04629
2019-10-14.11:38:32	185.617	2109.68	0.443903	-8.33197
2019-10-14.11:38:33	184.472	2104.59	0.462108	-7.31096
2019-10-14.11:38:34	183.431	2099.32	0.485858	-5.98092
2019-10-14.11:38:35	182.486	2093.85	0.507195	-4.35153
2019-10-14.11:38:36	181.632	2088.18	0.505431	-2.42234
2019-10-14.11:38:37	180.856	2082.3	0.488737	-0.212717
2019-10-14.11:38:38	180.145	2076.23	0.462279	2.23808
2019-10-14.11:38:39	179.508	2070.01	0.418037	4.8293
2019-10-14.11:38:40	178.971	2063.7	0.358191	7.35603
2019-10-14.11:38:41	178.583	2057.4	0.292877	9.44878
2019-10-14.11:38:42	178.359	2051.21	0.226599	10.6529
2019-10-14.11:38:43	178.239	2045.22	0.163393	10.625
2019-10-14.11:38:44	178.151	2039.51	0.112481	9.11246
2019-10-14.11:38:45	178.034	2034.1	0.0832296	6.09941
2019-10-14.11:38:46	177.809	2029.01	0.0813329	1.98181
2019-10-14.11:38:47	177.382	2024.16	0.109867	-2.50572
2019-10-14.11:38:48	176.768	2019.44	0.170328	-6.6902
2019-10-14.11:38:49	176.096	2014.66	0.256734	-9.90444
2019-10-14.11:38:50	175.486	2009.67	0.354222	-11.6778
2019-10-14.11:38:51	174.967	2004.33	0.446385	-11.8499
2019-10-14.11:38:52	174.571	1998.6	0.515923	-10.4853
2019-10-14.11:38:53	174.297	1992.45	0.551048	-7.79972
2019-10-14.11:38:54	174.127	1985.88	0.549249	-4.22894
2019-10-14.11:38:55	174.015	1978.94	0.511478	-0.287597
2019-10-14.11:38:56	173.924	1971.78	0.441481	3.75875
2019-10-14.11:38:57	173.92	1964.58	0.34998	7.42406
2019-10-14.11:38:58	174.101	1957.58	0.253192	9.84233
2019-10-14.11:38:59	174.423	1950.98	0.16455	10.3089
2019-10-14.11:39:00	174.741	1944.88	0.0980984	8.46082
2019-10-14.11:39:01	174.947	1939.29	0.0667778	4.49021
2019-10-14.11:39:02	174.911	1934.15	0.0785827	-0.605008
2019-10-14.11:39:03	174.561	1929.27	0.133972	-5.59184
2019-10-14.11:39:04	174.059	1924.4	0.225728	-9.48322
2019-10-14.11:39:05	173.598	1919.29	0.33412	-11.5657
2019-10-14.11:39:06	173.235	1913.76	0.435335	-11.6635
2019-10-14.11:39:07	173.005	1907.75	0.506726	-9.94495
2019-10-14.11:39:08	172.899	1901.27	0.536296	-6.7772
2019-10-14.11:39:09	172.89	1894.34	0.523313	-2.80497
2019-10-14.11:39:10	172.907	1887.07	0.470988	1.42523
2019-10-14.11:39:11	172.959	1879.65	0.387255	5.54376
2019-10-14.11:39:12	173.147	1872.34	0.289102	8.78933
2019-10-14.11:39:13	173.523	1865.37	0.192833	10.2513
2019-10-14.11:39:14	173.949	1858.9	0.113582	9.39607
2019-10-14.11:39:15	174.293	1852.99	0.0659756	6.1519
2019-10-14.11:39:16	174.435	1847.58	0.0606846	1.26884
2019-10-14.11:39:17	174.251	1842.53	0.100924	-3.9194
2019-10-14.11:39:18	173.834	1837.59	0.182568	-8.32896
2019-10-14.11:39:19	173.394	1832.48	0.288871	-11.0812
2019-10-14.11:39:20	173.044	1827	0.395971	-11.8376
2019-10-14.11:39:21	172.811	1821.06	0.480008	-10.6913
2019-10-14.11:39:22	172.708	1814.64	0.524623	-7.9564
2019-10-14.11:39:23	172.707	1807.77	0.526395	-4.18934
2019-10-14.11:39:24	172.755	1800.52	0.487962	-0.0407207
2019-10-14.11:39:25	172.798	1793.09	0.416689	4.25435
2019-10-14.11:39:26	172.864	1786.04	0.329237	8.02609
2019-10-14.11:39:27	173.03	1779.74	0.231196	10.3547
2019-10-14.11:39:28	173.227	1774.41	0.140444	10.535
2019-10-14.11:39:29	173.316	1770.15	0.0799069	8.17102
2019-10-14.11:39:30	173.18	1766.91	0.0620825	3.60754
2019-10-14.11:39:31	172.666	1764.56	0.0925726	-1.83122
2019-10-14.11:39:32	171.791	1762.79	0.175366	-6.71443
2019-10-14.11:39:33	170.824	1761.19	0.295936	-9.72995
2019-10-14.11:39:34	169.944	1759.41	0.417233	-10.1718
2019-10-14.11:39:35	169.22	1757.23	0.500691	-8.01802
[State]	Landing
2019-10-14.11:39:36	168.663	1754.56	0.522879	-3.73111
2019-10-14.11:39:37	168.218	1751.42	0.479047	1.59581
2019-10-14.11:39:38	167.829	1748.09	0.376466	6.95605
2019-10-14.11:39:39	167.669	1745.07	0.245199	10.7561
2019-10-14.11:39:40	167.752	1742.89	0.122567	11.1735
2019-10-14.11:39:41	167.753	1741.84	0.0486017	7.26219
2019-10-14.11:39:42	167.362	1741.87	0.0572262	0.479296
2019-10-14.11:39:43	166.416	1742.51	0.157118	-5.89693
2019-10-14.11:39:44	165.381	1742.96	0.312151	-9.04895
2019-10-14.11:39:45	164.573	1742.59	0.444628	-7.89255
2019-10-14.11:39:46	164.073	1741.17	0.487196	-3.06899
2019-10-14.11:39:47	163.768	1738.83	0.426486	3.4021
2019-10-14.11:39:48	163.627	1736.22	0.290089	9.1386
2019-10-14.11:39:49	163.848	1734.29	0.135913	11.3498
2019-10-14.11:39:50	164.092	1733.74	0.0300821	7.94966
2019-10-14.11:39:51	163.873	1734.58	0.0319181	0.491719
2019-10-14.11:39:52	163.001	1736.05	0.151627	-6.10906
2019-10-14.11:39:53	162.13	1736.99	0.318646	-8.01976
2019-10-14.11:39:54	161.625	1736.65	0.419328	-4.72692
2019-10-14.11:39:55	161.455	1735.01	0.397239	1.62904
2019-10-14.11:39:56	161.47	1732.76	0.272992	7.84395
2019-10-14.11:39:57	161.842	1731.04	0.113375	10.6443
2019-10-14.11:39:58	162.271	1730.76	-0.0002946	7.47304
2019-10-14.11:39:59	162.187	1731.97	0.0019917	0.103379
2019-10-14.11:40:00	161.465	1733.72	0.127525	-5.95522
2019-10-14.11:40:01	160.802	1734.72	0.287858	-6.75953
2019-10-14.11:40:02	160.552	1734.26	0.36216	-2.47217
2019-10-14.11:40:03	160.578	1732.55	0.311283	3.93891
2019-10-14.11:40:04	160.84	1730.58	0.171963	9.10907
2019-10-14.11:40:05	161.414	1729.57	0.0255864	9.52762
2019-10-14.11:40:06	161.771	1730.16	-0.0416315	4.03162
2019-10-14.11:40:07	161.42	1731.89	0.0210696	-3.10384
2019-10-14.11:40:08	160.755	1733.5	0.177138	-6.63475
2019-10-14.11:40:09	160.384	1733.87	0.303623	-4.52938
2019-10-14.11:40:10	160.383	1732.77	0.313104	1.21105
2019-10-14.11:40:11	160.581	1730.89	0.210791	7.16707
2019-10-14.11:40:12	161.098	1729.45	0.0623129	9.84173
2019-10-14.11:40:13	161.647	1729.45	-0.0443732	6.61369
2019-10-14.11:40:14	161.634	1730.89	-0.0352329	-0.420079
2019-10-14.11:40:15	161.041	1732.74	0.0937004	-5.76921
2019-10-14.11:40:16	160.544	1733.71	0.246804	-5.79417
2019-10-14.11:40:17	160.447	1733.19	0.307773	-1.14232
2019-10-14.11:40:18	160.58	1731.54	0.247962	5.01485
2019-10-14.11:40:19	160.968	1729.82	0.110638	9.35092
2019-10-14.11:40:20	161.581	1729.23	-0.0206013	8.52968
2019-10-14.11:40:21	161.852	1730.18	-0.0614527	2.41023
2019-10-14.11:40:22	161.416	1732.03	0.0252815	-4.15153
2019-10-14.11:40:23	160.812	1733.48	0.185	-6.45901
2019-10-14.11:40:24	160.555	1733.58	0.293484	-3.43225
2019-10-14.11:40:25	160.606	1732.31	0.282922	2.49262
2019-10-14.11:40:26	160.854	1730.47	0.170285	8.01836
2019-10-14.11:40:27	161.415	1729.3	0.0270349	9.66411
2019-10-14.11:40:28	161.892	1729.61	-0.060784	5.44316
2019-10-14.11:40:29	161.733	1731.21	-0.028224	-1.60933
2019-10-14.11:40:30	161.104	1732.99	0.114127	-6.19746
2019-10-14.11:40:31	160.653	1733.74	0.260063	-5.35842
2019-10-14.11:40:32	160.588	1733.01	0.304316	-0.272847
2019-10-14.11:40:33	160.726	1731.28	0.231133	5.82808
2019-10-14.11:40:34	161.14	1729.65	0.0906612	9.64692
2019-10-14.11:40:35	161.726	1729.25	-0.0329921	8.05885
2019-10-14.11:40:36	161.902	1730.36	-0.0584442	1.56611
2019-10-14.11:40:37	161.389	1732.23	0.0423963	-4.73748
2019-10-14.11:40:38	160.79	1733.56	0.203727	-6.43017
2019-10-14.11:40:39	160.562	1733.5	0.301603	-2.92597
2019-10-14.11:40:40	160.619	1732.1	0.278531	3.12849
2019-10-14.11:40:41	160.885	1730.27	0.158265	8.45251
2019-10-14.11:40:42	161.459	1729.21	0.0160472	9.55796
2019-10-14.11:40:43	161.888	1729.67	-0.0620817	4.80824
2019-10-14.11:40:44	161.65	1731.36	-0.0163712	-2.25187
2019-10-14.11:40:45	161.008	1733.08	0.132736	-6.38446
2019-10-14.11:40:46	160.591	1733.7	0.272291	-5.01521
2019-10-14.11:40:47	160.553	1732.83	0.303934	0.34029
2019-10-14.11:40:48	160.71	1731.05	0.220096	6.38719
2019-10-14.11:40:49	161.161	1729.5	0.0767875	9.77204
2019-10-14.11:40:50	161.733	1729.26	-0.0404416	7.54501
2019-10-14.11:40:51	161.836	1730.51	-0.0525844	0.801475
2019-10-14.11:40:52	161.282	1732.39	0.0598666	-5.18476
2019-10-14.11:40:53	160.713	1733.6	0.219982	-6.25873
2019-10-14.11:40:54	160.531	1733.37	0.305261	-2.30451
2019-10-14.11:40:55	160.612	1731.88	0.268843	3.82158
2019-10-14.11:40:56	160.916	1730.07	0.141642	8.84061
2019-10-14.11:40:57	161.509	1729.17	0.0023552	9.28462
2019-10-14.11:40:58	161.887	1729.81	-0.0632599	3.98694
2019-10-14.11:40:59	161.57	1731.57	-0.0027208	-2.96808
2019-10-14.11:41:00	160.932	1733.22	0.152056	-6.49518
2019-10-14.11:41:01	160.567	1733.66	0.282246	-4.52458
2019-10-14.11:41:02	160.561	1732.65	0.299209	1.07761
2019-10-14.11:41:03	160.746	1730.83	0.204416	6.99572
2019-10-14.11:41:04	161.238	1729.4	0.0598213	9.8232
2019-10-14.11:41:05	161.785	1729.34	-0.0484815	6.88524
2019-10-14.11:41:06	161.8	1730.73	-0.0452611	-0.0445775
2019-10-14.11:41:07	161.209	1732.6	0.0789118	-5.60875
2019-10-14.11:41:08	160.676	1733.66	0.235808	-6.01507
2019-10-14.11:41:09	160.538	1733.25	0.307271	-1.62672
2019-10-14.11:41:10	160.639	1731.67	0.257636	4.53034
2019-10-14.11:41:11	160.98	1729.9	0.124644	9.18448
2019-10-14.11:41:12	161.579	1729.17	-0.0104378	8.93927
2019-10-14.11:41:13	161.895	1729.98	-0.0626845	3.15728
2019-10-14.11:41:14	161.504	1731.8	0.012314	-3.63146
2019-10-14.11:41:15	160.873	1733.35	0.171057	-6.54137
2019-10-14.11:41:16	160.556	1733.62	0.291039	-4.01225
2019-10-14.11:41:17	160.575	1732.47	0.293926	1.78545
2019-10-14.11:41:18	160.786	1730.63	0.189386	7.54139
2019-10-14.11:41:19	161.312	1729.31	0.0446075	9.80507
2019-10-14.11:41:20	161.826	1729.44	-0.0541779	6.21215
2019-10-14.11:41:21	161.753	1730.94	-0.0363161	-0.827271
2019-10-14.11:41:22	161.136	1732.78	0.0977704	-5.94329
2019-10-14.11:41:23	160.64	1733.69	0.250153	-5.72783
2019-10-14.11:41:24	160.539	1733.12	0.308161	-0.9674
2019-10-14.11:41:25	160.659	1731.46	0.246291	5.18542
2019-10-14.11:41:26	161.037	1729.76	0.108732	9.44893
2019-10-14.11:41:27	161.634	1729.18	-0.0213276	8.53552
2019-10-14.11:41:28	161.885	1730.15	-0.060319	2.36015
2019-10-14.11:41:29	161.429	1732.01	0.028074	-4.21355
2019-10-14.11:41:30	160.812	1733.46	0.188931	-6.51343
2019-10-14.11:41:31	160.543	1733.56	0.298	-3.47508
2019-10-14.11:41:32	160.584	1732.28	0.287432	2.47032
2019-10-14.11:41:33	160.823	1730.44	0.174315	8.02517
2019-10-14.11:41:34	161.379	1729.25	0.0303386	9.70889
2019-10-14.11:41:35	161.854	1729.55	-0.058238	5.50752
2019-10-14.11:41:36	161.697	1731.15	-0.0260455	-1.56945
2019-10-14.11:41:37	161.064	1732.94	0.116404	-6.19859
2019-10-14.11:41:38	160.609	1733.7	0.262822	-5.38608
2019-10-14.11:41:39	160.543	1732.98	0.307365	-0.303478
2019-10-14.11:41:40	160.682	1731.25	0.23399	5.80806
2019-10-14.11:41:41	161.097	1729.62	0.0930185	9.64247
2019-10-14.11:41:42	161.685	1729.22	-0.0309931	8.06445
2019-10-14.11:41:43	161.865	1730.33	-0.0564978	1.57197
2019-10-14.11:41:44	161.356	1732.21	0.0444564	-4.7312
2019-10-14.11:41:45	160.76	1733.54	0.205742	-6.41872
2019-10-14.11:41:46	160.536	1733.48	0.303244	-2.90952
2019-10-14.11:41:47	160.597	1732.09	0.279672	3.14195
2019-10-14.11:41:48	160.867	1730.26	0.159071	8.45386
2019-10-14.11:41:49	161.444	1729.21	0.0168985	9.54024
2019-10-14.11:41:50	161.875	1729.67	-0.0607795	4.77979
2019-10-14.11:41:51	161.637	1731.36	-0.0145716	-2.26925
2019-10-14.11:41:52	160.998	1733.09	0.134697	-6.38145
2019-10-14.11:41:53	160.585	1733.7	0.273928	-5.00022
2019-10-14.11:41:54	160.549	1732.83	0.305184	0.353818
2019-10-14.11:41:55	160.708	1731.05	0.221142	6.39183
2019-10-14.11:41:56	161.16	1729.51	0.0778484	9.76768
2019-10-14.11:41:57	161.732	1729.27	-0.0392283	7.54104
2019-10-14.11:41:58	161.836	1730.52	-0.0512405	0.805445
2019-10-14.11:41:59	161.284	1732.4	0.0612096	-5.17966
2019-10-14.11:42:00	160.714	1733.61	0.221375	-6.26604
2019-10-14.11:42:01	160.532	1733.39	0.306962	-2.32845
2019-10-14.11:42:02	160.611	1731.9	0.270972	3.79127
2019-10-14.11:42:03	160.913	1730.09	0.144004	8.82303
2019-10-14.11:42:04	161.505	1729.18	0.0045191	9.30519
2019-10-14.11:42:05	161.886	1729.81	-0.0618037	4.04474
2019-10-14.11:42:06	161.574	1731.56	-0.0020744	-2.91765
2019-10-14.11:42:07	160.935	1733.22	0.152432	-6.49485
2019-10-14.11:42:08	160.565	1733.68	0.283468	-4.57798
2019-10-14.11:42:09	160.556	1732.67	0.301746	1.00017
2019-10-14.11:42:10	160.737	1730.86	0.207915	6.93217
2019-10-14.11:42:11	161.224	1729.41	0.0633142	9.82556
2019-10-14.11:42:12	161.774	1729.34	-0.0460368	6.97442
2019-10-14.11:42:13	161.8	1730.71	-0.0446623	0.0652407
2019-10-14.11:42:14	161.214	1732.57	0.0781224	-5.55935
2019-10-14.11:42:15	160.675	1733.66	0.235732	-6.06098
2019-10-14.11:42:16	160.53	1733.28	0.309229	-1.73766
2019-10-14.11:42:17	160.627	1731.71	0.261447	4.41586
2019-10-14.11:42:18	160.961	1729.94	0.129184	9.13324
2019-10-14.11:42:19	161.56	1729.17	-0.0067767	9.00879
2019-10-14.11:42:20	161.888	1729.95	-0.0613998	3.31097
2019-10-14.11:42:21	161.509	1731.76	0.0112463	-3.51227
