DateTime	ASI:airspeed	Altimeter:altitude	RC:roll	HI:heading
[State]	Standing
2019-10-14.14:57:47	0.474726	1654.61	-0.0010306	0.0033878
[State]	Taxiing
2019-10-14.14:57:48	0.28776	1654.67	-0.0080111	0.192967
2019-10-14.14:57:49	0.0707265	1654.77	-0.0307623	0.22717
2019-10-14.14:57:50	0.379193	1654.79	-0.0512812	-0.163215
2019-10-14.14:57:51	2.86095	1654.79	-0.153824	0.0397127
2019-10-14.14:57:52	6.52851	1654.79	-0.181944	0.203528
2019-10-14.14:57:53	10.4319	1654.79	-0.20508	0.269116
2019-10-14.14:57:54	14.3237	1654.79	-0.324194	0.318347
2019-10-14.14:57:55	18.1292	1654.79	-0.617158	0.413516
2019-10-14.14:57:56	21.8813	1654.79	-0.985788	0.520953
2019-10-14.14:57:57	25.566	1654.79	-1.34723	0.597769
2019-10-14.14:57:58	29.1759	1654.8	-1.61726	0.628924
2019-10-14.14:57:59	32.712	1654.8	-1.78166	0.643467
2019-10-14.14:58:00	36.1245	1654.8	-1.94494	0.684952
2019-10-14.14:58:01	39.4056	1654.81	-2.07184	0.723019
2019-10-14.14:58:02	42.5703	1654.81	-2.14459	0.757893
2019-10-14.14:58:03	45.6452	1654.81	-2.16932	0.800236
2019-10-14.14:58:04	48.6612	1654.82	-2.14588	0.850622
2019-10-14.14:58:05	51.6465	1654.82	-2.06265	0.914055
2019-10-14.14:58:06	54.6218	1654.82	-1.94551	0.976117
2019-10-14.14:58:07	57.6014	1654.83	-1.80321	1.03767
2019-10-14.14:58:08	60.5952	1654.83	-1.64123	1.09988
2019-10-14.14:58:09	63.6104	1654.84	-1.46284	1.16338
2019-10-14.14:58:10	66.6525	1654.84	-1.27019	1.22827
2019-10-14.14:58:11	69.7253	1654.85	-1.06495	1.29442
2019-10-14.14:58:12	72.8317	1654.86	-0.848548	1.36167
2019-10-14.14:58:13	75.9732	1654.86	-0.622307	1.42977
[State]	TakeOff
2019-10-14.14:58:14	79.1503	1654.87	-0.38757	1.49844
2019-10-14.14:58:15	82.3668	1654.88	-0.186737	1.56285
2019-10-14.14:58:16	85.6628	1654.89	-0.124145	1.63444
2019-10-14.14:58:17	89.0005	1654.94	0.000505	3.80515
2019-10-14.14:58:18	91.3357	1656.4	0.0303577	12.8552
2019-10-14.14:58:19	90.9972	1664.07	0.0393129	11.675
2019-10-14.14:58:20	90.5566	1671.93	0.0610197	11.5021
2019-10-14.14:58:21	90.276	1678.84	0.0767757	11.1485
2019-10-14.14:58:22	90.062	1685.22	0.075515	11.5091
2019-10-14.14:58:23	89.7857	1691.69	0.0634003	11.5191
2019-10-14.14:58:24	89.5577	1698.06	0.0523468	11.4222
2019-10-14.14:58:25	89.3346	1704.24	0.049063	11.5037
2019-10-14.14:58:26	89.0854	1710.38	0.0534531	11.5292
2019-10-14.14:58:27	88.8547	1716.45	0.0596224	11.5685
2019-10-14.14:58:28	88.6517	1722.47	0.0623604	11.5886
2019-10-14.14:58:29	88.4773	1728.43	0.0604553	11.6025
2019-10-14.14:58:30	88.3154	1734.33	0.0563453	11.6148
2019-10-14.14:58:31	88.1542	1740.16	0.0532663	11.6313
2019-10-14.14:58:32	87.9906	1745.94	0.0527601	11.6513
2019-10-14.14:58:33	87.8297	1751.67	0.0541213	11.6715
2019-10-14.14:58:34	87.6789	1757.35	0.0555719	11.6887
[State]	Climb
2019-10-14.14:58:35	87.5429	1762.98	0.0558218	11.7011
2019-10-14.14:58:36	87.4242	1768.56	0.0548072	11.7102
2019-10-14.14:58:37	87.319	1774.08	0.0533483	11.7206
2019-10-14.14:58:38	87.2234	1779.54	0.0523452	11.7304
2019-10-14.14:58:39	87.1362	1784.96	0.0521236	11.7401
2019-10-14.14:58:40	87.0582	1790.34	0.0523911	11.7487
2019-10-14.14:58:41	86.9904	1795.67	0.0526205	11.7552
2019-10-14.14:58:42	86.933	1800.97	0.0524791	11.7598
2019-10-14.14:58:43	86.8843	1806.24	0.0519951	11.7629
2019-10-14.14:58:44	86.8424	1811.47	0.051429	11.7652
2019-10-14.14:58:45	86.806	1816.68	0.0510263	11.7672
2019-10-14.14:58:46	86.7745	1821.86	0.0508554	11.7687
2019-10-14.14:58:47	86.7478	1827.03	0.0508139	11.7696
2019-10-14.14:58:48	86.726	1832.17	0.0507482	11.7697
2019-10-14.14:58:49	86.7089	1837.3	0.0505722	11.7689
2019-10-14.14:58:50	86.6958	1842.41	0.0503048	11.7676
2019-10-14.14:58:51	86.6859	1847.5	0.0500251	11.7659
2019-10-14.14:58:52	86.6788	1852.59	0.0498007	11.764
2019-10-14.14:58:53	86.6741	1857.66	0.0496454	11.7617
2019-10-14.14:58:54	86.6718	1862.72	0.0495254	11.7592
2019-10-14.14:58:55	86.6717	1867.77	0.0493961	11.7563
2019-10-14.14:58:56	86.6737	1872.82	0.0492351	11.7531
2019-10-14.14:58:57	86.6775	1877.85	0.0490504	11.7497
2019-10-14.14:58:58	86.6828	1882.88	0.0488658	11.746
2019-10-14.14:58:59	86.6894	1887.91	0.0486998	11.7422
2019-10-14.14:59:00	86.6972	1892.93	0.0485548	11.7383
2019-10-14.14:59:01	86.7061	1897.94	0.0484193	11.7345
2019-10-14.14:59:02	86.7158	1902.95	0.0482793	11.7312
2019-10-14.14:59:03	86.7259	1907.96	0.0481285	11.7287
2019-10-14.14:59:04	86.7358	1912.96	0.0479701	11.7271
2019-10-14.14:59:05	86.7451	1917.97	0.0478115	11.7264
2019-10-14.14:59:06	86.7534	1922.97	0.0476583	11.7264
2019-10-14.14:59:07	86.7606	1927.98	0.0475106	11.7266
2019-10-14.14:59:08	86.7667	1932.99	0.0473649	11.7267
2019-10-14.14:59:09	86.772	1938	0.0472175	11.7262
2019-10-14.14:59:10	86.777	1943	0.047067	11.725
2019-10-14.14:59:11	86.7821	1948.01	0.0469151	11.723
2019-10-14.14:59:12	86.7877	1953.01	0.0467642	11.72
2019-10-14.14:59:13	86.7943	1958.01	0.0466161	11.7165
2019-10-14.14:59:14	86.8018	1963	0.0464706	11.7127
2019-10-14.14:59:15	86.8104	1967.99	0.0463266	11.709
2019-10-14.14:59:16	86.8198	1972.98	0.0461828	11.7058
2019-10-14.14:59:17	86.8295	1977.96	0.0460387	11.7032
2019-10-14.14:59:18	86.8392	1982.94	0.0458943	11.7015
2019-10-14.14:59:19	86.8484	1987.92	0.0457501	11.7006
2019-10-14.14:59:20	86.8568	1992.9	0.0456065	11.7002
2019-10-14.14:59:21	86.8641	1997.88	0.0454632	11.7002
2019-10-14.14:59:22	86.8705	2002.86	0.0453199	11.7001
2019-10-14.14:59:23	86.8762	2007.85	0.0451766	11.6997
2019-10-14.14:59:24	86.8814	2012.83	0.0450333	11.6986
2019-10-14.14:59:25	86.8866	2017.81	0.0448904	11.6967
2019-10-14.14:59:26	86.8923	2022.79	0.0447484	11.694
2019-10-14.14:59:27	86.8987	2027.76	0.0446074	11.6908
2019-10-14.14:59:28	86.9061	2032.73	0.0444676	11.6872
2019-10-14.14:59:29	86.9143	2037.69	0.0443288	11.6837
2019-10-14.14:59:30	86.9234	2042.65	0.0441906	11.6805
2019-10-14.14:59:31	86.9328	2047.61	0.0440531	11.6779
2019-10-14.14:59:32	86.9423	2052.57	0.0439158	11.676
2019-10-14.14:59:33	86.9514	2057.52	0.0437788	11.6748
2019-10-14.14:59:34	86.9598	2062.48	0.0436418	11.6743
2019-10-14.14:59:35	86.9673	2067.43	0.0435049	11.6741
2019-10-14.14:59:36	86.9739	2072.39	0.0433679	11.6738
2019-10-14.14:59:37	86.9798	2077.35	0.043231	11.6733
2019-10-14.14:59:38	86.9853	2082.3	0.0430943	11.6723
2019-10-14.14:59:39	86.9907	2087.26	0.0429581	11.6706
2019-10-14.14:59:40	86.9964	2092.21	0.0428227	11.6681
2019-10-14.14:59:41	87.0028	2097.16	0.0426881	11.6652
2019-10-14.14:59:42	87.0099	2102.1	0.0425544	11.6618
2019-10-14.14:59:43	87.0179	2107.04	0.0424216	11.6584
2019-10-14.14:59:44	87.0266	2111.98	0.0422895	11.6553
2019-10-14.14:59:45	87.0357	2116.91	0.0421581	11.6527
2019-10-14.14:59:46	87.045	2121.84	0.0420271	11.6507
2019-10-14.14:59:47	87.054	2126.77	0.0418963	11.6493
2019-10-14.14:59:48	87.0624	2131.7	0.0417656	11.6485
2019-10-14.14:59:49	87.07	2136.63	0.0416349	11.6481
2019-10-14.14:59:50	87.0769	2141.56	0.0415042	11.6478
2019-10-14.14:59:51	87.083	2146.49	0.0413736	11.6472
2019-10-14.14:59:52	87.0887	2151.42	0.0412432	11.6462
2019-10-14.14:59:53	87.0943	2156.35	0.0411133	11.6446
2019-10-14.14:59:54	87.1001	2161.28	0.040984	11.6424
2019-10-14.14:59:55	87.1063	2166.2	0.0408554	11.6396
2019-10-14.14:59:56	87.1133	2171.12	0.0407276	11.6365
2019-10-14.14:59:57	87.1211	2176.03	0.0406007	11.6333
2019-10-14.14:59:58	87.1295	2180.95	0.0404745	11.6302
2019-10-14.14:59:59	87.1383	2185.86	0.040349	11.6276
2019-10-14.15:00:00	87.1473	2190.76	0.0402239	11.6255
2019-10-14.15:00:01	87.1562	2195.67	0.040099	11.624
2019-10-14.15:00:02	87.1646	2200.57	0.0399743	11.623
2019-10-14.15:00:03	87.1724	2205.48	0.0398496	11.6224
2019-10-14.15:00:04	87.1794	2210.38	0.0397249	11.6219
2019-10-14.15:00:05	87.1858	2215.29	0.0396003	11.6213
2019-10-14.15:00:06	87.1917	2220.19	0.0394759	11.6203
2019-10-14.15:00:07	87.1974	2225.09	0.0393519	11.6188
2019-10-14.15:00:08	87.2033	2229.99	0.0392284	11.6168
2019-10-14.15:00:09	87.2095	2234.89	0.0391056	11.6142
2019-10-14.15:00:10	87.2163	2239.79	0.0389835	11.6113
2019-10-14.15:00:11	87.2238	2244.68	0.0388622	11.6082
2019-10-14.15:00:12	87.232	2249.57	0.0387417	11.6053
2019-10-14.15:00:13	87.2406	2254.45	0.0386217	11.6026
2019-10-14.15:00:14	87.2494	2259.33	0.0385022	11.6004
2019-10-14.15:00:15	87.2581	2264.21	0.038383	11.5988
2019-10-14.15:00:16	87.2665	2269.09	0.0382639	11.5976
2019-10-14.15:00:17	87.2743	2273.97	0.0381449	11.5968
2019-10-14.15:00:18	87.2815	2278.85	0.038026	11.5962
2019-10-14.15:00:19	87.2881	2283.73	0.0379071	11.5955
2019-10-14.15:00:20	87.2942	2288.61	0.0377884	11.5946
2019-10-14.15:00:21	87.3001	2293.49	0.0376701	11.5932
2019-10-14.15:00:22	87.306	2298.36	0.0375522	11.5913
2019-10-14.15:00:23	87.3122	2303.24	0.0374349	11.5889
2019-10-14.15:00:24	87.3189	2308.11	0.0373183	11.5862
2019-10-14.15:00:25	87.3262	2312.97	0.0372024	11.5833
2019-10-14.15:00:26	87.3341	2317.84	0.0370871	11.5804
2019-10-14.15:00:27	87.3425	2322.7	0.0369725	11.5778
2019-10-14.15:00:28	87.3511	2327.56	0.0368583	11.5756
2019-10-14.15:00:29	87.3597	2332.41	0.0367445	11.5738
2019-10-14.15:00:30	87.368	2337.27	0.0366309	11.5725
2019-10-14.15:00:31	87.3759	2342.12	0.0365173	11.5715
2019-10-14.15:00:32	87.3832	2346.98	0.0364038	11.5707
2019-10-14.15:00:33	87.3899	2351.83	0.0362904	11.57
2019-10-14.15:00:34	87.3962	2356.68	0.0361772	11.569
2019-10-14.15:00:35	87.4023	2361.53	0.0360642	11.5677
2019-10-14.15:00:36	87.4083	2366.38	0.0359517	11.566
2019-10-14.15:00:37	87.4145	2371.23	0.0358397	11.5638
2019-10-14.15:00:38	87.4211	2376.08	0.0357282	11.5612
2019-10-14.15:00:39	87.4282	2380.92	0.0356175	11.5585
2019-10-14.15:00:40	87.4359	2385.76	0.0355074	11.5557
2019-10-14.15:00:41	87.444	2390.6	0.0353979	11.5531
2019-10-14.15:00:42	87.4524	2395.43	0.0352888	11.5508
2019-10-14.15:00:43	87.4609	2400.26	0.0351801	11.5489
2019-10-14.15:00:44	87.4691	2405.09	0.0350716	11.5475
2019-10-14.15:00:45	87.477	2409.92	0.0349632	11.5464
2019-10-14.15:00:46	87.4844	2414.75	0.0348549	11.5455
2019-10-14.15:00:47	87.4913	2419.58	0.0347467	11.5446
2019-10-14.15:00:48	87.4978	2424.41	0.0346387	11.5437
2019-10-14.15:00:49	87.504	2429.23	0.0345309	11.5424
2019-10-14.15:00:50	87.5101	2434.06	0.0344234	11.5408
2019-10-14.15:00:51	87.5163	2438.88	0.0343165	11.5387
2019-10-14.15:00:52	87.5229	2443.7	0.03421	11.5363
2019-10-14.15:00:53	87.5298	2448.52	0.0341042	11.5337
2019-10-14.15:00:54	87.5373	2453.34	0.033999	11.5311
2019-10-14.15:00:55	87.5452	2458.15	0.0338943	11.5285
2019-10-14.15:00:56	87.5534	2462.96	0.0337901	11.5262
2019-10-14.15:00:57	87.5617	2467.76	0.0336863	11.5243
2019-10-14.15:00:58	87.5699	2472.57	0.0335827	11.5227
2019-10-14.15:00:59	87.5778	2477.37	0.0334793	11.5214
2019-10-14.15:01:00	87.5853	2482.18	0.0333759	11.5204
2019-10-14.15:01:01	87.5923	2486.98	0.0332727	11.5195
2019-10-14.15:01:02	87.5989	2491.78	0.0331696	11.5185
2019-10-14.15:01:03	87.6052	2496.59	0.0330667	11.5173
2019-10-14.15:01:04	87.6114	2501.39	0.0329642	11.5157
2019-10-14.15:01:05	87.6177	2506.19	0.032862	11.5138
2019-10-14.15:01:06	87.6242	2510.98	0.0327604	11.5116
2019-10-14.15:01:07	87.6311	2515.78	0.0326592	11.5091
2019-10-14.15:01:08	87.6384	2520.57	0.0325587	11.5066
2019-10-14.15:01:09	87.6461	2525.35	0.0324587	11.5041
2019-10-14.15:01:10	87.6541	2530.14	0.0323591	11.5018
2019-10-14.15:01:11	87.6622	2534.92	0.0322599	11.4997
2019-10-14.15:01:12	87.6703	2539.7	0.032161	11.4981
2019-10-14.15:01:13	87.6782	2544.48	0.0320623	11.4967
2019-10-14.15:01:14	87.6857	2549.26	0.0319637	11.4956
2019-10-14.15:01:15	87.6928	2554.04	0.0318652	11.4945
2019-10-14.15:01:16	87.6996	2558.82	0.0317668	11.4935
2019-10-14.15:01:17	87.706	2563.59	0.0316686	11.4923
2019-10-14.15:01:18	87.7123	2568.37	0.0315707	11.4908
2019-10-14.15:01:19	87.7186	2573.14	0.0314732	11.489
2019-10-14.15:01:20	87.7324	2577.91	0.0315992	11.3783
2019-10-14.15:01:21	87.8591	2582.5	0.0324945	10.9497
2019-10-14.15:01:22	88.1427	2586.67	0.0329999	10.6716
2019-10-14.15:01:23	88.5496	2590.53	0.0333332	10.3523
2019-10-14.15:01:24	89.0706	2594.1	0.0335968	10.0565
2019-10-14.15:01:25	89.6868	2597.43	0.0340619	9.76645
2019-10-14.15:01:26	90.3847	2600.57	0.0348319	9.48538
2019-10-14.15:01:27	91.1535	2603.57	0.035827	9.20935
2019-10-14.15:01:28	91.9857	2606.44	0.0368692	8.93741
2019-10-14.15:01:29	92.8753	2609.23	0.0378272	8.66814
2019-10-14.15:01:30	93.8141	2611.93	0.0386778	8.40333
2019-10-14.15:01:31	94.7947	2614.59	0.0395086	8.13694
2019-10-14.15:01:32	95.8164	2617.2	0.0403925	7.87085
2019-10-14.15:01:33	96.8781	2619.78	0.0413328	7.60559
2019-10-14.15:01:34	97.9787	2622.32	0.0422797	7.34148
2019-10-14.15:01:35	99.1128	2624.83	0.0431952	7.08063
2019-10-14.15:01:36	100.282	2627.23	0.0439405	6.8572
2019-10-14.15:01:37	101.474	2629.51	0.0445986	6.63689
2019-10-14.15:01:38	102.687	2631.68	0.0452287	6.44371
2019-10-14.15:01:39	103.909	2633.76	0.0459093	6.25497
2019-10-14.15:01:40	105.137	2635.79	0.0466302	6.06653
2019-10-14.15:01:41	106.37	2637.83	0.0473743	5.86923
2019-10-14.15:01:42	107.607	2639.87	0.0480421	5.67745
2019-10-14.15:01:43	108.85	2641.9	0.0486226	5.48638
2019-10-14.15:01:44	110.099	2643.91	0.0491535	5.29821
2019-10-14.15:01:45	111.347	2645.9	0.0496727	5.11632
2019-10-14.15:01:46	112.591	2647.88	0.0501922	4.93621
2019-10-14.15:01:47	113.828	2649.82	0.0506812	4.76232
2019-10-14.15:01:48	115.057	2651.73	0.051124	4.59128
2019-10-14.15:01:49	116.28	2653.6	0.0515234	4.42481
2019-10-14.15:01:50	117.496	2655.43	0.051898	4.26261
2019-10-14.15:01:51	118.705	2657.22	0.0522576	4.10479
2019-10-14.15:01:52	119.909	2658.96	0.0525982	3.95149
2019-10-14.15:01:53	121.106	2660.66	0.0529126	3.80267
2019-10-14.15:01:54	122.294	2662.31	0.0531993	3.65951
2019-10-14.15:01:55	123.47	2663.91	0.0534652	3.52086
2019-10-14.15:01:56	124.633	2665.46	0.0537139	3.38718
2019-10-14.15:01:57	125.782	2666.97	0.0539444	3.25791
2019-10-14.15:01:58	126.919	2668.42	0.0541542	3.13319
2019-10-14.15:01:59	128.041	2669.83	0.0543449	3.01295
2019-10-14.15:02:00	129.151	2671.19	0.0545182	2.89926
2019-10-14.15:02:01	129.466	2674.16	0.0488213	7.42025
2019-10-14.15:02:02	128.017	2684.63	0.0522571	6.79889
2019-10-14.15:02:03	127.125	2694.43	0.0555997	6.88325
2019-10-14.15:02:04	125.981	2704.58	0.0534668	7.79503
2019-10-14.15:02:05	124.526	2716.09	0.0500167	8.39468
2019-10-14.15:02:06	122.885	2728.4	0.0496317	8.61415
2019-10-14.15:02:07	121.335	2740.56	0.0512075	8.45806
2019-10-14.15:02:08	120.026	2751.94	0.0515752	8.09437
2019-10-14.15:02:09	119.054	2762.14	0.0502919	7.5926
2019-10-14.15:02:10	118.209	2771.53	0.0472755	8.1201
2019-10-14.15:02:11	117.206	2781.36	0.0463591	8.3531
2019-10-14.15:02:12	116.168	2791.35	0.0471693	8.44865
2019-10-14.15:02:13	115.196	2801.2	0.0477749	8.37405
2019-10-14.15:02:14	114.375	2810.57	0.047172	8.16472
2019-10-14.15:02:15	113.637	2819.51	0.0451153	8.43901
2019-10-14.15:02:16	112.854	2828.55	0.044055	8.49996
2019-10-14.15:02:17	112.116	2837.46	0.0442321	8.46001
2019-10-14.15:02:18	111.42	2846.17	0.0442137	8.60866
2019-10-14.15:02:19	110.737	2854.83	0.0437712	8.63201
2019-10-14.15:02:20	110.073	2863.38	0.0427959	8.72884
2019-10-14.15:02:21	109.42	2871.85	0.0419909	8.79229
2019-10-14.15:02:22	108.773	2880.24	0.041529	8.86335
2019-10-14.15:02:23	108.139	2888.55	0.0412306	8.93695
2019-10-14.15:02:24	107.515	2896.77	0.0408224	9.00305
2019-10-14.15:02:25	106.905	2904.91	0.0402114	9.07321
2019-10-14.15:02:26	106.306	2912.96	0.0395449	9.13946
2019-10-14.15:02:27	105.719	2920.93	0.0389621	9.20629
2019-10-14.15:02:28	105.145	2928.82	0.0384852	9.27151
2019-10-14.15:02:29	104.582	2936.62	0.0380294	9.33631
2019-10-14.15:02:30	104.029	2944.33	0.0375197	9.40016
2019-10-14.15:02:31	103.487	2951.99	0.036978	9.4542
2019-10-14.15:02:32	102.958	2959.58	0.036459	9.50406
2019-10-14.15:02:33	102.441	2967.13	0.0359722	9.55218
2019-10-14.15:02:34	101.938	2974.62	0.0354983	9.60096
2019-10-14.15:02:35	101.447	2982.06	0.0350245	9.64714
2019-10-14.15:02:36	100.97	2989.45	0.0345395	9.69321
2019-10-14.15:02:37	100.505	2996.79	0.0340541	9.7377
2019-10-14.15:02:38	100.054	3004.07	0.033578	9.78142
2019-10-14.15:02:39	99.6144	3011.31	0.0331149	9.82445
2019-10-14.15:02:40	99.1875	3018.5	0.0326626	9.86613
2019-10-14.15:02:41	98.7737	3025.63	0.0322129	9.90975
2019-10-14.15:02:42	98.3722	3032.67	0.0317148	9.96374
2019-10-14.15:02:43	97.9821	3039.63	0.0312175	10.0126
2019-10-14.15:02:44	97.6035	3046.51	0.0307386	10.0622
2019-10-14.15:02:45	97.2348	3053.31	0.0302988	10.1033
2019-10-14.15:02:46	96.8992	3059.99	0.0300743	10.04
2019-10-14.15:02:47	96.6475	3066.43	0.0300004	9.8889
2019-10-14.15:02:48	96.5143	3072.53	0.0299575	9.67268
2019-10-14.15:02:49	96.5176	3078.21	0.0298851	9.42132
[State]	Cruise
2019-10-14.15:02:50	96.6562	3083.48	0.0298075	9.1697
2019-10-14.15:02:51	96.91	3088.38	0.029782	8.95241
2019-10-14.15:02:52	97.2439	3093.02	0.0298345	8.79852
2019-10-14.15:02:53	97.6122	3097.52	0.0299369	8.72745
2019-10-14.15:02:54	97.9724	3102.04	0.0301706	8.66067
2019-10-14.15:02:55	98.4318	3106.45	0.0312169	8.20552
2019-10-14.15:02:56	99.0291	3110.45	0.0317669	7.9759
2019-10-14.15:02:57	99.718	3114.19	0.0321453	7.66153
2019-10-14.15:02:58	100.502	3117.59	0.032298	7.42302
2019-10-14.15:02:59	101.358	3120.74	0.0326754	7.15982
2019-10-14.15:03:00	102.276	3123.65	0.0332692	6.93075
2019-10-14.15:03:01	103.248	3126.35	0.0339838	6.71177
2019-10-14.15:03:02	104.257	3128.88	0.0346324	6.51034
2019-10-14.15:03:03	105.299	3131.27	0.0351619	6.31395
2019-10-14.15:03:04	106.365	3133.6	0.0356958	6.10996
2019-10-14.15:03:05	107.45	3135.88	0.0362629	5.91583
2019-10-14.15:03:06	108.553	3138.1	0.0368613	5.7229
2019-10-14.15:03:07	109.673	3140.27	0.0374369	5.53453
2019-10-14.15:03:08	110.809	3142.4	0.0379618	5.34918
2019-10-14.15:03:09	111.953	3144.48	0.0384408	5.17061
2019-10-14.15:03:10	113.101	3146.51	0.0389067	4.99496
2019-10-14.15:03:11	114.249	3148.5	0.039366	4.8258
2019-10-14.15:03:12	115.393	3150.45	0.0398101	4.65983
2019-10-14.15:03:13	116.534	3152.35	0.0402222	4.49867
2019-10-14.15:03:14	117.672	3154.2	0.0406016	4.34161
2019-10-14.15:03:15	118.807	3156	0.0409582	4.18897
2019-10-14.15:03:16	119.938	3157.76	0.0413007	4.04069
2019-10-14.15:03:17	121.065	3159.46	0.0416282	3.89672
2019-10-14.15:03:18	122.187	3161.11	0.0419356	3.75706
2019-10-14.15:03:19	123.3	3162.72	0.0422199	3.62294
2019-10-14.15:03:20	124.403	3164.27	0.0424861	3.49274
2019-10-14.15:03:21	125.494	3165.78	0.0427364	3.3672
2019-10-14.15:03:22	126.574	3167.24	0.0429707	3.24579
2019-10-14.15:03:23	127.642	3168.66	0.0431877	3.12852
2019-10-14.15:03:24	128.697	3170.02	0.0433881	3.01538
2019-10-14.15:03:25	129.74	3171.34	0.0435741	2.90619
2019-10-14.15:03:26	130.77	3172.62	0.0437469	2.80088
2019-10-14.15:03:27	131.787	3173.85	0.0439065	2.69936
2019-10-14.15:03:28	132.79	3175.04	0.044053	2.6015
2019-10-14.15:03:29	133.78	3176.19	0.0441871	2.50721
2019-10-14.15:03:30	134.755	3177.29	0.0443093	2.41677
2019-10-14.15:03:31	135.712	3178.36	0.0444202	2.32991
2019-10-14.15:03:32	136.649	3179.38	0.04452	2.24655
2019-10-14.15:03:33	137.569	3180.38	0.0446085	2.1663
2019-10-14.15:03:34	138.47	3181.33	0.0446862	2.08916
2019-10-14.15:03:35	139.35	3182.25	0.044759	2.01451
2019-10-14.15:03:36	140.209	3183.13	0.0448188	1.94346
2019-10-14.15:03:37	141.047	3183.98	0.0448681	1.87526
2019-10-14.15:03:38	141.864	3184.79	0.0449077	1.80978
2019-10-14.15:03:39	142.661	3185.58	0.044939	1.74708
2019-10-14.15:03:40	143.417	3186.33	-1.28134	1.53664
2019-10-14.15:03:41	144.544	3184.74	-10.0089	-2.25496
2019-10-14.15:03:42	145.831	3178.16	-18.3545	-0.489105
2019-10-14.15:03:43	146.528	3173	-26.7361	-1.23389
2019-10-14.15:03:44	147.931	3165.14	-30.0872	-2.02572
2019-10-14.15:03:45	149.022	3157.08	-30.0969	-1.35437
2019-10-14.15:03:46	149.788	3150.92	-30.0938	-1.52166
2019-10-14.15:03:47	150.684	3144.16	-30.0878	-1.60671
2019-10-14.15:03:48	151.621	3136.66	-30.0866	-1.87489
2019-10-14.15:03:49	152.626	3128.67	-30.0876	-2.18601
2019-10-14.15:03:50	153.639	3120.37	-30.0866	-2.23409
2019-10-14.15:03:51	154.555	3112.05	-30.0851	-2.09465
2019-10-14.15:03:52	155.33	3104.03	-30.0854	-1.95365
2019-10-14.15:03:53	155.958	3096.52	-30.0866	-1.78165
2019-10-14.15:03:54	156.413	3089.69	-30.0873	-1.4988
2019-10-14.15:03:55	156.667	3083.66	-30.0878	-1.22707
2019-10-14.15:03:56	156.922	3077.91	-30.0858	-1.48231
2019-10-14.15:03:57	157.266	3071.65	-30.0848	-1.66145
2019-10-14.15:03:58	157.672	3064.97	-30.0838	-1.80484
2019-10-14.15:03:59	158.112	3057.98	-30.0829	-1.896
2019-10-14.15:04:00	158.559	3050.79	-30.0822	-1.94406
2019-10-14.15:04:01	158.99	3043.52	-30.0817	-1.9539
2019-10-14.15:04:02	159.387	3036.3	-30.0815	-1.92104
2019-10-14.15:04:03	159.729	3029.23	-30.0813	-1.8478
2019-10-14.15:04:04	159.986	3022.48	-26.1571	-1.69534
2019-10-14.15:04:05	160.068	3017.17	-20.3662	-1.97761
2019-10-14.15:04:06	160.384	3011.71	-16.6504	-2.34333
2019-10-14.15:04:07	160.74	3005.7	-13.9522	-2.23177
2019-10-14.15:04:08	160.984	2999.96	-11.1572	-2.09218
2019-10-14.15:04:09	161.128	2994.97	-8.66137	-1.864
2019-10-14.15:04:10	161.24	2990.42	-7.21923	-2.14756
2019-10-14.15:04:11	161.446	2985.28	-6.15568	-2.29403
2019-10-14.15:04:12	161.713	2979.71	-4.86889	-2.45307
2019-10-14.15:04:13	162.064	2973.82	-3.77187	-2.57508
2019-10-14.15:04:14	162.434	2967.7	-3.189	-2.61162
2019-10-14.15:04:15	162.765	2961.53	-2.71164	-2.59705
2019-10-14.15:04:16	163.063	2955.43	-2.09086	-2.57019
2019-10-14.15:04:17	163.339	2949.47	-1.61402	-2.51935
2019-10-14.15:04:18	163.556	2943.7	-1.39111	-2.42846
2019-10-14.15:04:19	163.688	2938.22	-1.16546	-2.31371
2019-10-14.15:04:20	163.754	2933.09	-0.865972	-2.19697
2019-10-14.15:04:21	163.762	2928.29	-0.670182	-2.07604
2019-10-14.15:04:22	163.7	2923.85	-0.589391	-2.0018
2019-10-14.15:04:23	163.658	2919.42	-0.492127	-2.13702
2019-10-14.15:04:24	163.684	2914.66	-0.353507	-2.25252
2019-10-14.15:04:25	163.776	2909.59	-0.267307	-2.36433
2019-10-14.15:04:26	163.914	2904.21	-0.236142	-2.46282
2019-10-14.15:04:27	164.089	2898.57	-0.184924	-2.54749
2019-10-14.15:04:28	164.295	2892.71	-0.117727	-2.61917
2019-10-14.15:04:29	164.524	2886.67	-0.0851241	-2.67325
2019-10-14.15:04:30	164.757	2880.51	-0.0734196	-2.70636
2019-10-14.15:04:31	164.985	2874.29	-0.0451002	-2.72047
2019-10-14.15:04:32	165.202	2868.05	-0.0139471	-2.71748
2019-10-14.15:04:33	165.398	2861.85	-0.0033862	-2.6968
2019-10-14.15:04:34	165.563	2855.74	0.0019218	-2.65963
2019-10-14.15:04:35	165.693	2849.75	0.0176236	-2.60977
2019-10-14.15:04:36	165.786	2843.93	0.0308492	-2.55023
2019-10-14.15:04:37	165.838	2838.29	0.0332734	-2.4829
2019-10-14.15:04:38	165.848	2832.85	0.0363546	-2.41084
2019-10-14.15:04:39	165.819	2827.62	0.0446372	-2.33791
2019-10-14.15:04:40	165.754	2822.6	0.0494649	-2.26688
2019-10-14.15:04:41	165.656	2817.78	0.0494625	-2.19987
2019-10-14.15:04:42	165.531	2813.15	0.0514472	-2.1394
2019-10-14.15:04:43	165.385	2808.67	0.0554707	-2.08775
2019-10-14.15:04:44	165.226	2804.32	0.0564694	-2.07434
2019-10-14.15:04:45	165.09	2799.94	0.0520342	-2.11993
2019-10-14.15:04:46	164.988	2795.43	0.0534517	-2.16917
2019-10-14.15:04:47	164.922	2790.77	0.0586878	-2.22443
2019-10-14.15:04:48	164.891	2785.94	0.0586975	-2.28259
2019-10-14.15:04:49	164.893	2780.94	0.0565557	-2.34067
2019-10-14.15:04:50	164.925	2775.78	0.0583789	-2.39665
2019-10-14.15:04:51	164.984	2770.46	0.0609581	-2.44848
2019-10-14.15:04:52	165.065	2765.01	0.0603976	-2.49394
2019-10-14.15:04:53	165.162	2759.44	0.0596931	-2.53139
[State]	Descent
2019-10-14.15:04:54	165.271	2753.78	0.0611838	-2.55999
2019-10-14.15:04:55	165.384	2748.04	0.0623007	-2.57908
2019-10-14.15:04:56	165.497	2742.27	0.0617859	-2.58821
2019-10-14.15:04:57	165.604	2736.49	0.0617235	-2.58756
2019-10-14.15:04:58	165.701	2730.73	0.0626617	-2.57782
2019-10-14.15:04:59	165.783	2725.01	0.0629932	-2.55982
2019-10-14.15:05:00	165.848	2719.35	0.0626112	-2.53462
2019-10-14.15:05:01	165.893	2713.77	0.0627026	-2.50363
2019-10-14.15:05:02	165.918	2708.3	0.0631341	-2.4684
2019-10-14.15:05:03	165.921	2702.92	0.0630786	-2.43049
2019-10-14.15:05:04	165.903	2697.66	0.0627932	-2.39144
2019-10-14.15:05:05	165.866	2692.52	0.0628376	-2.35282
2019-10-14.15:05:06	165.811	2687.48	0.0629336	-2.31607
2019-10-14.15:05:07	165.742	2682.54	0.0627395	-2.28242
2019-10-14.15:05:08	165.66	2677.7	0.0625306	-2.25292
2019-10-14.15:05:09	165.57	2672.93	0.0625148	-2.22842
2019-10-14.15:05:10	165.474	2668.22	0.0624669	-2.2095
2019-10-14.15:05:11	165.377	2663.55	0.0622878	-2.19647
2019-10-14.15:05:12	165.281	2658.92	0.0621676	-2.1894
2019-10-14.15:05:13	165.19	2654.29	0.0621526	-2.18813
2019-10-14.15:05:14	165.106	2649.66	0.0621039	-2.19225
2019-10-14.15:05:15	165.031	2645.01	0.0620177	-2.20118
2019-10-14.15:05:16	164.968	2640.32	0.0619988	-2.21418
2019-10-14.15:05:17	164.917	2635.59	0.0620335	-2.23037
2019-10-14.15:05:18	164.879	2630.82	0.0620485	-2.24883
2019-10-14.15:05:19	164.854	2625.98	0.0620646	-2.26857
2019-10-14.15:05:20	164.856	2621.09	1.46299	-2.28388
2019-10-14.15:05:21	165.265	2615.72	9.81958	-2.22936
2019-10-14.15:05:22	166.285	2608.73	17.8661	-1.5336
2019-10-14.15:05:23	167.559	2601.45	25.9048	-0.959011
2019-10-14.15:05:24	169.416	2593.18	30.0507	-0.389111
2019-10-14.15:05:25	171.028	2586.15	30.0569	0.113682
2019-10-14.15:05:26	172.473	2580.3	30.054	-0.468281
2019-10-14.15:05:27	174.073	2573.21	30.051	-0.761923
2019-10-14.15:05:28	175.728	2565.2	30.051	-0.845731
2019-10-14.15:05:29	177.228	2557.44	30.0523	-0.605897
2019-10-14.15:05:30	178.473	2550.65	30.0531	-0.215285
2019-10-14.15:05:31	179.452	2545.05	30.0532	-0.207349
2019-10-14.15:05:32	180.513	2539.1	30.0524	-0.54663
2019-10-14.15:05:33	181.659	2532.34	30.0511	-0.755148
2019-10-14.15:05:34	182.829	2525.02	30.0503	-0.874091
2019-10-14.15:05:35	183.983	2517.43	30.0501	-0.932811
2019-10-14.15:05:36	185.083	2509.81	30.05	-0.902208
2019-10-14.15:05:37	186.083	2502.41	30.0501	-0.787757
2019-10-14.15:05:38	186.951	2495.48	30.0506	-0.614037
2019-10-14.15:05:39	187.664	2489.22	30.0513	-0.383156
2019-10-14.15:05:40	188.204	2483.8	30.0517	-0.226601
2019-10-14.15:05:41	188.767	2478.41	30.0507	-0.502983
2019-10-14.15:05:42	189.418	2472.34	30.0498	-0.685673
2019-10-14.15:05:43	190.12	2465.75	30.049	-0.816402
2019-10-14.15:05:44	190.847	2458.79	30.0485	-0.909063
2019-10-14.15:05:45	191.573	2451.62	30.0481	-0.950684
2019-10-14.15:05:46	192.27	2444.38	30.0479	-0.940925
2019-10-14.15:05:47	192.916	2437.25	29.5831	-0.884578
2019-10-14.15:05:48	193.468	2430.75	24.2138	-0.679381
2019-10-14.15:05:49	193.855	2425.9	20.2575	-0.970916
2019-10-14.15:05:50	194.46	2419.8	17.4348	-1.39806
2019-10-14.15:05:51	195.111	2412.94	14.5021	-1.03681
2019-10-14.15:05:52	195.492	2407.72	12.0389	-0.572185
2019-10-14.15:05:53	195.87	2402.81	10.3864	-1.28932
2019-10-14.15:05:54	196.508	2396.11	8.75616	-1.26244
2019-10-14.15:05:55	196.905	2390.46	7.31423	-0.643572
2019-10-14.15:05:56	197.16	2385.89	6.24754	-1.2556
2019-10-14.15:05:57	197.747	2379.36	5.2677	-1.31569
2019-10-14.15:05:58	198.064	2373.82	4.4624	-0.580468
2019-10-14.15:05:59	198.315	2369.06	3.76753	-1.46487
2019-10-14.15:06:00	198.838	2362.41	3.14996	-0.989487
2019-10-14.15:06:01	198.966	2357.82	2.75446	-1.09238
2019-10-14.15:06:02	199.43	2351.66	2.2189	-1.39324
2019-10-14.15:06:03	199.605	2346.39	1.93479	-0.735283
2019-10-14.15:06:04	199.962	2340.79	1.61838	-1.63096
2019-10-14.15:06:05	200.152	2335.28	1.35417	-0.683145
2019-10-14.15:06:06	200.506	2329.59	1.12296	-1.48499
2019-10-14.15:06:07	200.596	2324.52	0.988121	-1.12753
2019-10-14.15:06:08	201	2318.2	0.762778	-0.74636
2019-10-14.15:06:09	201.091	2313.45	0.672347	-2.06445
2019-10-14.15:06:10	201.214	2307.98	0.58259	-1.30584
2019-10-14.15:06:11	201.46	2301.92	0.456995	0.0543762
2019-10-14.15:06:12	201.681	2296.03	0.360766	1.02443
2019-10-14.15:06:13	201.736	2290.28	0.298127	2.36213
2019-10-14.15:06:14	201.167	2284.94	0.297859	3.63884
2019-10-14.15:06:15	199.582	2280.79	0.430722	1.11027
2019-10-14.15:06:16	197.502	2277.34	0.600865	-2.60309
2019-10-14.15:06:17	195.398	2273.82	0.642442	-4.59166
2019-10-14.15:06:18	193.442	2269.99	0.630189	-5.70316
2019-10-14.15:06:19	191.645	2265.89	0.663317	-6.28518
2019-10-14.15:06:20	189.995	2261.55	0.681614	-6.44557
2019-10-14.15:06:21	188.483	2256.99	0.669302	-6.23692
2019-10-14.15:06:22	187.097	2252.24	0.672352	-5.67836
2019-10-14.15:06:23	185.816	2247.32	0.679588	-4.72986
2019-10-14.15:06:24	184.6	2242.45	0.668972	-3.41633
2019-10-14.15:06:25	183.428	2237.72	0.648107	-1.74683
2019-10-14.15:06:26	182.286	2233.18	0.622077	0.279866
2019-10-14.15:06:27	181.173	2228.8	0.580781	2.6455
2019-10-14.15:06:28	180.099	2224.59	0.521443	5.27751
2019-10-14.15:06:29	179.1	2220.57	0.450257	7.98457
2019-10-14.15:06:30	178.238	2216.82	0.371435	10.3389
2019-10-14.15:06:31	177.553	2213.44	0.288513	11.7176
2019-10-14.15:06:32	176.977	2210.56	0.212083	11.5569
2019-10-14.15:06:33	176.416	2208.29	0.155898	9.38734
2019-10-14.15:06:34	175.767	2206.67	0.132766	5.21581
2019-10-14.15:06:35	174.878	2205.69	0.153494	-0.0931028
2019-10-14.15:06:36	173.673	2205.14	0.223908	-5.26019
2019-10-14.15:06:37	172.36	2204.71	0.335	-8.96132
2019-10-14.15:06:38	171.158	2204.02	0.456396	-10.1867
2019-10-14.15:06:39	170.135	2202.81	0.548461	-8.65682
2019-10-14.15:06:40	169.33	2200.96	0.578767	-4.65381
2019-10-14.15:06:41	168.698	2198.46	0.537087	0.797637
2019-10-14.15:06:42	168.147	2195.56	0.429335	6.51537
2019-10-14.15:06:43	167.845	2192.83	0.286686	10.8128
2019-10-14.15:06:44	167.847	2190.91	0.152191	11.4801
2019-10-14.15:06:45	167.784	2190.19	0.0728428	7.32355
2019-10-14.15:06:46	167.282	2190.61	0.0881626	0.0405954
2019-10-14.15:06:47	166.197	2191.59	0.204708	-6.50631
2019-10-14.15:06:48	165.094	2192.19	0.370432	-9.12819
2019-10-14.15:06:49	164.282	2191.74	0.491642	-6.93783
2019-10-14.15:06:50	163.807	2190.09	0.501187	-1.04882
2019-10-14.15:06:51	163.506	2187.55	0.400064	5.83203
2019-10-14.15:06:52	163.494	2185.08	0.235882	10.7652
2019-10-14.15:06:53	163.802	2183.78	0.0851115	10.5123
2019-10-14.15:06:54	163.867	2184.09	0.0266006	4.1722
2019-10-14.15:06:55	163.19	2185.57	0.1032	-3.75473
[State]	Climb
2019-10-14.15:06:56	162.2	2186.96	0.273626	-7.88072
2019-10-14.15:06:57	161.532	2187.11	0.411028	-6.03127
2019-10-14.15:06:58	161.282	2185.76	0.420734	0.0998991
2019-10-14.15:06:59	161.25	2183.47	0.307174	6.87239
2019-10-14.15:07:00	161.568	2181.54	0.139076	10.9825
2019-10-14.15:07:01	160.893	2186.8	0.172972	10.493
2019-10-14.15:07:02	158.969	2198.46	0.0627738	4.20925
2019-10-14.15:07:03	156.204	2212.4	0.0176961	-0.376223
2019-10-14.15:07:04	153.747	2225.25	0.247384	2.74982
2019-10-14.15:07:05	152.033	2236.05	0.281399	9.92083
2019-10-14.15:07:06	150.935	2247.3	0.0214268	11.9553
2019-10-14.15:07:07	149.386	2261.46	-0.0967982	5.16504
2019-10-14.15:07:08	147.253	2275.63	0.124915	3.41484
2019-10-14.15:07:09	146.053	2286.65	0.168061	9.22034
2019-10-14.15:07:10	145.353	2298.34	-0.022862	8.68828
2019-10-14.15:07:11	143.737	2312.47	0.0199855	4.90891
2019-10-14.15:07:12	142.807	2323.59	0.028827	8.9596
2019-10-14.15:07:13	141.967	2336.1	0.0058868	6.60849
2019-10-14.15:07:14	140.806	2348.27	0.0783021	8.209
2019-10-14.15:07:15	139.934	2360.7	-0.0260755	6.64867
2019-10-14.15:07:16	139.275	2371.53	-0.0653235	7.8129
2019-10-14.15:07:17	138.177	2384.15	0.0958814	8.38376
2019-10-14.15:07:18	137.054	2397.2	0.0790481	7.92675
2019-10-14.15:07:19	136.221	2409.17	-0.102214	7.47813
2019-10-14.15:07:20	135.69	2419.9	-0.13287	7.32239
2019-10-14.15:07:21	135.12	2430.5	0.0681714	7.67024
2019-10-14.15:07:22	134.419	2441.6	0.153335	7.88705
2019-10-14.15:07:23	133.661	2453.01	0.0001716	8.02024
2019-10-14.15:07:24	132.914	2464.49	-0.125303	8.05114
2019-10-14.15:07:25	132.215	2475.83	-0.0432321	7.98209
2019-10-14.15:07:26	131.597	2486.81	0.083425	7.8299
2019-10-14.15:07:27	131.105	2497.26	0.0520847	7.61438
2019-10-14.15:07:28	130.697	2507.31	-0.0516752	7.78695
2019-10-14.15:07:29	130.249	2517.51	-0.0425884	7.86136
2019-10-14.15:07:30	129.79	2527.76	0.0409401	7.88228
2019-10-14.15:07:31	129.35	2537.92	0.05939	7.84571
2019-10-14.15:07:32	128.968	2547.87	-0.0085014	7.82072
2019-10-14.15:07:33	128.6	2557.75	-0.0407703	7.88589
2019-10-14.15:07:34	128.238	2567.61	0.0045234	7.87534
2019-10-14.15:07:35	127.907	2577.34	0.0460247	7.81733
2019-10-14.15:07:36	127.635	2586.84	0.0206773	7.71488
2019-10-14.15:07:37	127.449	2596.04	-0.029553	7.47226
2019-10-14.15:07:38	127.493	2604.46	-0.0557539	6.90174
2019-10-14.15:07:39	127.821	2611.74	-0.0319628	6.38444
2019-10-14.15:07:40	128.399	2617.95	0.0048106	5.90881
2019-10-14.15:07:41	129.183	2623.27	0.0036938	5.50986
2019-10-14.15:07:42	130.118	2627.88	-0.0235565	5.21169
2019-10-14.15:07:43	131.139	2632.05	-0.0279875	5.03109
2019-10-14.15:07:44	132.169	2636.05	-0.0011507	4.97826
2019-10-14.15:07:45	133.139	2640.18	0.0170997	5.0487
2019-10-14.15:07:46	134.09	2644.42	-0.0169169	4.65961
2019-10-14.15:07:47	135.176	2648.1	-0.0698932	4.40821
2019-10-14.15:07:48	136.316	2651.41	-0.0470213	4.27504
2019-10-14.15:07:49	137.434	2654.65	0.0090042	4.14564
2019-10-14.15:07:50	138.588	2657.67	-0.0103015	3.92642
2019-10-14.15:07:51	139.763	2660.47	-0.0602712	3.78083
2019-10-14.15:07:52	140.96	2663.06	-0.0610767	3.62361
2019-10-14.15:07:53	142.16	2665.47	-0.0227392	3.45749
2019-10-14.15:07:54	143.362	2667.7	-0.018728	3.31597
2019-10-14.15:07:55	144.568	2669.76	-0.0519445	3.18668
2019-10-14.15:07:56	145.776	2671.69	-0.0624316	3.06037
2019-10-14.15:07:57	146.976	2673.48	-0.0398442	2.93994
2019-10-14.15:07:58	148.163	2675.15	-0.0320931	2.8281
2019-10-14.15:07:59	149.339	2676.71	-0.0520112	2.72353
2019-10-14.15:08:00	150.505	2678.17	-0.0616839	2.62473
2019-10-14.15:08:01	151.654	2679.54	-0.0488473	2.53134
2019-10-14.15:08:02	152.783	2680.82	-0.0435368	2.4432
2019-10-14.15:08:03	153.891	2682.02	-0.0558611	2.36006
2019-10-14.15:08:04	154.976	2683.16	-0.0619458	2.28173
2019-10-14.15:08:05	156.037	2684.22	-0.0544236	2.20798
2019-10-14.15:08:06	157.072	2685.23	-0.0523913	2.1382
2019-10-14.15:08:07	158.082	2686.18	-0.0603687	2.07195
2019-10-14.15:08:08	159.068	2687.07	-0.0631452	2.00922
2019-10-14.15:08:09	160.028	2687.91	-0.0587506	1.94997
2019-10-14.15:08:10	160.962	2688.71	-0.0591276	1.89384
2019-10-14.15:08:11	161.871	2689.46	-0.0642033	1.84057
2019-10-14.15:08:12	162.756	2690.17	-0.0648843	1.79008
2019-10-14.15:08:13	163.615	2690.85	-0.0627211	1.74224
2019-10-14.15:08:14	164.448	2691.49	-0.0643152	1.6968
2019-10-14.15:08:15	165.258	2692.09	-0.0672267	1.65362
2019-10-14.15:08:16	166.044	2692.66	-0.067011	1.61263
2019-10-14.15:08:17	166.806	2693.2	-0.0664731	1.5737
2019-10-14.15:08:18	167.544	2693.72	-0.0682691	1.53668
2019-10-14.15:08:19	168.26	2694.2	-0.0696673	1.50146
2019-10-14.15:08:20	168.953	2694.67	-0.0694103	1.46799
2019-10-14.15:08:21	169.624	2695.11	-0.0698517	1.43614
2019-10-14.15:08:22	170.274	2695.52	-0.0712551	1.40581
2019-10-14.15:08:23	170.902	2695.92	-0.0718219	1.37694
2019-10-14.15:08:24	171.51	2696.29	-0.0719046	1.34945
2019-10-14.15:08:25	172.098	2696.65	-0.0727036	1.32325
2019-10-14.15:08:26	172.667	2696.99	-0.0735773	1.29828
2019-10-14.15:08:27	173.217	2697.32	-0.0738709	1.27448
2019-10-14.15:08:28	173.748	2697.62	-0.0742718	1.25178
2019-10-14.15:08:29	174.26	2697.92	-0.0750123	1.23016
2019-10-14.15:08:30	174.755	2698.2	-0.0755197	1.20952
2019-10-14.15:08:31	175.233	2698.46	-0.0758359	1.18984
2019-10-14.15:08:32	175.694	2698.72	-0.0763528	1.17105
2019-10-14.15:08:33	176.139	2698.96	-0.0768948	1.15312
2019-10-14.15:08:34	176.568	2699.19	-0.0772516	1.136
2019-10-14.15:08:35	176.982	2699.41	-0.0776306	1.11965
2019-10-14.15:08:36	177.381	2699.62	-0.0780996	1.10403
2019-10-14.15:08:37	177.766	2699.82	-0.0784857	1.08911
2019-10-14.15:08:38	178.137	2700.01	-0.0788128	1.07485
2019-10-14.15:08:39	178.495	2700.19	-0.0791935	1.06123
2019-10-14.15:08:40	178.814	2700.37	-1.62732	0.871654
2019-10-14.15:08:41	179.264	2697.84	-10.4988	-1.65322
2019-10-14.15:08:42	179.162	2693.13	-19.1506	-0.755008
2019-10-14.15:08:43	178.94	2687.74	-27.7875	-2.39162
2019-10-14.15:08:44	177.878	2681.78	-30.0816	-1.35949
2019-10-14.15:08:45	177.049	2676.16	-30.0781	-2.87517
2019-10-14.15:08:46	176.318	2669.1	-30.0813	-1.73474
2019-10-14.15:08:47	175.276	2664.16	-30.0793	-2.00616
2019-10-14.15:08:48	174.702	2657.61	-30.0753	-2.6344
2019-10-14.15:08:49	174.119	2650.42	-30.0792	-1.98768
2019-10-14.15:08:50	173.276	2644.87	-30.0811	-1.55964
2019-10-14.15:08:51	172.524	2639.65	-30.0778	-1.98623
2019-10-14.15:08:52	172.049	2633.17	-30.0759	-2.44243
2019-10-14.15:08:53	171.756	2625.62	-30.0762	-2.29601
2019-10-14.15:08:54	171.299	2618.77	-30.0773	-1.97829
2019-10-14.15:08:55	170.705	2612.83	-30.0778	-1.67002
2019-10-14.15:08:56	170.029	2607.62	-30.0779	-1.64308
2019-10-14.15:08:57	169.489	2602.18	-30.0766	-1.86139
2019-10-14.15:08:58	169.11	2596.05	-30.0752	-2.1072
2019-10-14.15:08:59	168.898	2589.14	-30.0738	-2.38229
2019-10-14.15:09:00	168.82	2581.49	-30.073	-2.37836
2019-10-14.15:09:01	168.655	2574.09	-30.0738	-2.18695
2019-10-14.15:09:02	168.405	2567.24	-30.0742	-2.00114
2019-10-14.15:09:03	168.082	2560.9	-30.0744	-1.83659
2019-10-14.15:09:04	167.709	2554.97	-30.0747	-1.71005
2019-10-14.15:09:05	167.307	2549.38	-30.0747	-1.61484
2019-10-14.15:09:06	166.888	2544.03	-27.31	-1.52383
2019-10-14.15:09:07	166.478	2539.39	-21.5968	-1.86681
2019-10-14.15:09:08	166.117	2535.23	-17.361	-1.63773
[State]	Cruise
2019-10-14.15:09:09	165.686	2531.7	-14.5599	-1.56092
2019-10-14.15:09:10	165.19	2528.46	-11.8298	-1.40556
2019-10-14.15:09:11	164.684	2525.79	-9.3205	-1.41258
2019-10-14.15:09:12	164.221	2523.28	-7.65533	-1.34946
2019-10-14.15:09:13	163.72	2520.96	-6.43498	-1.22865
2019-10-14.15:09:14	163.194	2518.89	-5.14338	-1.15091
2019-10-14.15:09:15	162.694	2517.05	-4.03622	-1.09767
2019-10-14.15:09:16	162.202	2515.36	-3.35743	-1.0348
2019-10-14.15:09:17	161.697	2513.78	-2.81224	-0.986702
2019-10-14.15:09:18	161.216	2512.26	-2.20444	-0.983433
2019-10-14.15:09:19	160.791	2510.69	-1.72487	-1.01439
2019-10-14.15:09:20	160.416	2508.99	-1.45288	-1.06182
2019-10-14.15:09:21	160.089	2507.12	-1.20692	-1.12994
2019-10-14.15:09:22	159.833	2505	-0.922066	-1.22638
2019-10-14.15:09:23	159.659	2502.58	-0.716739	-1.34127
2019-10-14.15:09:24	159.512	2499.97	-0.59697	-1.14952
2019-10-14.15:09:25	159.239	2497.93	-0.461634	-0.907201
2019-10-14.15:09:26	158.865	2496.52	-0.337017	-0.687976
2019-10-14.15:09:27	158.41	2495.65	-0.265853	-0.499225
2019-10-14.15:09:28	157.893	2495.24	-0.217488	-0.346089
2019-10-14.15:09:29	157.342	2495.16	-0.15607	-0.236077
2019-10-14.15:09:30	156.785	2495.3	-0.10133	-0.17258
2019-10-14.15:09:31	156.247	2495.51	-0.0741614	-0.153887
2019-10-14.15:09:32	155.747	2495.69	-0.0552794	-0.177853
2019-10-14.15:09:33	155.306	2495.73	-0.0271191	-0.242638
2019-10-14.15:09:34	154.942	2495.51	-0.0023612	-0.343491
2019-10-14.15:09:35	154.665	2494.97	0.0080572	-0.472696
2019-10-14.15:09:36	154.482	2494.04	0.0153706	-0.622489
2019-10-14.15:09:37	154.396	2492.67	0.028835	-0.785698
2019-10-14.15:09:38	154.383	2490.92	0.0459178	-0.708681
2019-10-14.15:09:39	154.271	2489.52	0.073539	-0.486725
2019-10-14.15:09:40	154.056	2488.68	0.0724588	-0.281899
2019-10-14.15:09:41	153.749	2488.35	0.0587897	-0.0957911
2019-10-14.15:09:42	153.371	2488.47	0.0650282	0.0623284
2019-10-14.15:09:43	152.946	2488.94	0.0793912	0.185207
2019-10-14.15:09:44	152.497	2489.66	0.0776483	0.270404
2019-10-14.15:09:45	152.043	2490.53	0.0687056	0.316959
2019-10-14.15:09:46	151.606	2491.45	0.0712756	0.321428
2019-10-14.15:09:47	151.214	2492.28	0.078284	0.267137
2019-10-14.15:09:48	150.887	2492.91	0.0769226	0.181898
2019-10-14.15:09:49	150.636	2493.26	0.0724304	0.069337
2019-10-14.15:09:50	150.468	2493.27	0.0741558	-0.064093
2019-10-14.15:09:51	150.388	2492.9	0.0786938	-0.21106
2019-10-14.15:09:52	150.394	2492.14	0.0787002	-0.363372
2019-10-14.15:09:53	150.48	2490.99	0.076377	-0.513074
2019-10-14.15:09:54	150.638	2489.46	0.0775129	-0.644672
2019-10-14.15:09:55	150.775	2487.83	0.0939041	-0.430459
2019-10-14.15:09:56	150.794	2486.71	0.107269	-0.23376
2019-10-14.15:09:57	150.705	2486.11	0.0929469	-0.033902
2019-10-14.15:09:58	150.514	2486.01	0.0805315	0.157651
2019-10-14.15:09:59	150.24	2486.39	0.0893099	0.329865
2019-10-14.15:10:00	149.901	2487.16	0.0977054	0.47501
2019-10-14.15:10:01	149.518	2488.24	0.0892829	0.529563
2019-10-14.15:10:02	149.197	2489.25	0.067859	0.369718
2019-10-14.15:10:03	148.979	2489.84	0.0675456	0.206033
2019-10-14.15:10:04	148.87	2489.97	0.0850023	0.0226689
2019-10-14.15:10:05	148.871	2489.61	0.087432	-0.168982
2019-10-14.15:10:06	148.974	2488.75	0.0750677	-0.357208
2019-10-14.15:10:07	149.166	2487.43	0.0733655	-0.524324
2019-10-14.15:10:08	149.344	2485.95	0.0990324	-0.300552
2019-10-14.15:10:09	149.398	2484.99	0.11754	-0.0941784
2019-10-14.15:10:10	149.335	2484.58	0.0962412	0.119359
2019-10-14.15:10:11	149.16	2484.72	0.0787284	0.327153
2019-10-14.15:10:12	148.89	2485.36	0.0920759	0.51601
2019-10-14.15:10:13	148.548	2486.43	0.104791	0.664012
2019-10-14.15:10:14	148.231	2487.62	0.0807623	0.476806
2019-10-14.15:10:15	148.03	2488.35	0.0562369	0.295584
2019-10-14.15:10:16	147.945	2488.58	0.0743775	0.09475
2019-10-14.15:10:17	147.979	2488.27	0.0962729	-0.114152
2019-10-14.15:10:18	148.123	2487.44	0.0855562	-0.317045
2019-10-14.15:10:19	148.357	2486.11	0.0692919	-0.440008
2019-10-14.15:10:20	148.549	2484.78	1.38532	-0.190587
2019-10-14.15:10:21	149.121	2483.18	9.54048	-1.37953
2019-10-14.15:10:22	150.991	2476.86	17.3979	-0.900839
2019-10-14.15:10:23	152.82	2470.22	25.2644	0.183277
2019-10-14.15:10:24	155.086	2463.38	30.0568	-0.259941
2019-10-14.15:10:25	157.816	2454.67	30.0624	-0.850946
2019-10-14.15:10:26	160.298	2446.24	30.0633	-0.208089
2019-10-14.15:10:27	162.251	2439.6	30.0614	0.231095
2019-10-14.15:10:28	164.195	2433.04	30.0616	-0.341482
2019-10-14.15:10:29	166.249	2425.6	30.0617	-0.676354
2019-10-14.15:10:30	168.27	2417.72	30.0599	-0.663251
2019-10-14.15:10:31	170.137	2409.91	30.0599	-0.51237
2019-10-14.15:10:32	171.799	2402.7	30.0617	-0.292092
2019-10-14.15:10:33	173.201	2396.5	30.0627	0.0120026
2019-10-14.15:10:34	174.522	2390.66	30.0611	-0.318316
2019-10-14.15:10:35	175.893	2384.2	30.0605	-0.486114
2019-10-14.15:10:36	177.248	2377.44	30.0601	-0.536455
2019-10-14.15:10:37	178.527	2370.68	30.06	-0.479523
2019-10-14.15:10:38	179.684	2364.24	30.0604	-0.33643
2019-10-14.15:10:39	180.679	2358.4	30.061	-0.12069
2019-10-14.15:10:40	181.602	2352.9	30.0602	-0.342639
2019-10-14.15:10:41	182.57	2346.96	30.0595	-0.465034
2019-10-14.15:10:42	183.533	2340.75	30.059	-0.508241
2019-10-14.15:10:43	184.453	2334.5	30.0589	-0.490113
2019-10-14.15:10:44	185.301	2328.42	30.059	-0.410435
2019-10-14.15:10:45	186.046	2322.71	30.0592	-0.269068
2019-10-14.15:10:46	186.697	2317.43	27.8239	-0.324673
2019-10-14.15:10:47	187.397	2312.39	22.7436	-0.650801
2019-10-14.15:10:48	188.133	2307.48	19.0566	-0.616837
2019-10-14.15:10:49	188.787	2302.64	16.1866	-0.554135
2019-10-14.15:10:50	189.401	2297.96	13.4032	-0.721719
2019-10-14.15:10:51	190.07	2293.13	11.2176	-0.73969
2019-10-14.15:10:52	190.654	2288.46	9.57468	-0.643394
2019-10-14.15:10:53	191.211	2283.84	7.99908	-0.793152
2019-10-14.15:10:54	191.811	2278.98	6.67985	-0.848921
2019-10-14.15:10:55	192.383	2274.06	5.71209	-0.828048
2019-10-14.15:10:56	192.894	2269.27	4.7891	-0.766045
2019-10-14.15:10:57	193.351	2264.76	3.98555	-0.754184
2019-10-14.15:10:58	193.814	2260.17	3.39487	-0.852845
2019-10-14.15:10:59	194.287	2255.31	2.86539	-0.911588
2019-10-14.15:11:00	194.764	2250.32	2.38684	-0.943195
2019-10-14.15:11:01	195.226	2245.27	2.02025	-0.945515
2019-10-14.15:11:02	195.655	2240.26	1.70302	-0.920396
2019-10-14.15:11:03	196.042	2235.38	1.41399	-0.872063
2019-10-14.15:11:04	196.375	2230.71	1.18772	-0.802086
2019-10-14.15:11:05	196.65	2226.32	0.996386	-0.714793
2019-10-14.15:11:06	196.857	2222.25	0.82229	-0.612542
2019-10-14.15:11:07	196.993	2218.56	0.683246	-0.499234
2019-10-14.15:11:08	197.06	2215.27	0.567286	-0.379619
2019-10-14.15:11:09	197.057	2212.39	0.462413	-0.256691
2019-10-14.15:11:10	196.988	2209.94	0.377192	-0.134307
[State]	Descent
2019-10-14.15:11:11	196.858	2207.91	0.306686	-0.0164549
2019-10-14.15:11:12	196.673	2206.26	0.243405	0.0940805
2019-10-14.15:11:13	196.442	2204.97	0.191196	0.194427
2019-10-14.15:11:14	196.173	2203.99	0.148188	0.281896
2019-10-14.15:11:15	195.875	2203.28	0.109898	0.354751
2019-10-14.15:11:16	195.559	2202.79	0.0778791	0.411578
2019-10-14.15:11:17	195.234	2202.45	0.0515543	0.451319
2019-10-14.15:11:18	194.91	2202.2	0.0283192	0.473695
2019-10-14.15:11:19	194.597	2202	0.0086662	0.47889
2019-10-14.15:11:20	194.303	2201.77	-0.0074835	0.467471
2019-10-14.15:11:21	194.035	2201.47	-0.0215949	0.440591
2019-10-14.15:11:22	193.8	2201.05	-0.0336299	0.399803
2019-10-14.15:11:23	193.604	2200.46	-0.0435161	0.346938
2019-10-14.15:11:24	193.449	2199.67	-0.0520479	0.284165
2019-10-14.15:11:25	193.339	2198.65	-0.0593484	0.213864
2019-10-14.15:11:26	193.275	2197.38	-0.0653346	0.138496
2019-10-14.15:11:27	193.255	2195.85	-0.0704209	0.0605865
2019-10-14.15:11:28	193.249	2194.2	-0.0681679	0.190606
2019-10-14.15:11:29	193.158	2193.05	-0.0650835	0.35671
2019-10-14.15:11:30	192.983	2192.46	-0.0762787	0.518881
2019-10-14.15:11:31	192.731	2192.38	-0.0776128	0.670478
2019-10-14.15:11:32	192.417	2192.78	-0.0753683	0.806538
2019-10-14.15:11:33	192.052	2193.6	-0.0812623	0.924592
2019-10-14.15:11:34	191.66	2194.7	-0.0871097	0.873455
2019-10-14.15:11:35	191.354	2195.45	-0.0956492	0.716677
2019-10-14.15:11:36	191.154	2195.63	-0.0920987	0.543007
2019-10-14.15:11:37	191.062	2195.22	-0.0923521	0.359518
2019-10-14.15:11:38	191.075	2194.18	-0.0973922	0.173118
2019-10-14.15:11:39	191.149	2192.7	-0.0868427	0.313501
2019-10-14.15:11:40	191.104	2191.87	-0.0711079	0.557454
2019-10-14.15:11:41	190.928	2191.85	-0.0873305	0.801372
2019-10-14.15:11:42	190.631	2192.62	-0.087832	1.03408
2019-10-14.15:11:43	190.31	2193.73	-0.0934989	0.7985
2019-10-14.15:11:44	190.143	2194.03	-0.109855	0.531806
2019-10-14.15:11:45	190.133	2193.43	-0.0973026	0.255746
2019-10-14.15:11:46	190.241	2192.06	-0.0864088	0.364171
2019-10-14.15:11:47	190.209	2191.38	-0.0721469	0.682211
2019-10-14.15:11:48	190.005	2191.76	-0.084063	0.999595
2019-10-14.15:11:49	189.692	2192.94	-0.0981306	0.848119
2019-10-14.15:11:50	189.547	2193.31	-0.113149	0.512288
2019-10-14.15:11:51	189.596	2192.54	-0.0985441	0.167507
2019-10-14.15:11:52	189.693	2191.31	-0.0720129	0.55413
2019-10-14.15:11:53	189.577	2191.28	-0.0710273	0.934408
2019-10-14.15:11:54	189.283	2192.4	-0.0962232	0.930565
2019-10-14.15:11:55	189.135	2192.92	-0.120929	0.525506
2019-10-14.15:11:56	189.212	2192.11	-0.0991605	0.162989
2019-10-14.15:11:57	189.295	2191.04	-0.0616121	0.658925
2019-10-14.15:11:58	189.135	2191.36	-0.0728604	1.08915
2019-10-14.15:11:59	188.869	2192.52	-0.116437	0.753067
2019-10-14.15:12:00	188.84	2192.43	-0.120385	0.312774
2019-10-14.15:12:01	189.071	2190.8	-0.0951438	-0.414987
2019-10-14.15:12:02	189.778	2186.37	-0.139967	-1.43298
2019-10-14.15:12:03	190.705	2179.99	-0.0817007	-0.825192
2019-10-14.15:12:04	191.267	2175.43	-0.0407271	-1.02302
2019-10-14.15:12:05	192.128	2169.31	-0.182316	-1.586
2019-10-14.15:12:06	192.856	2163.14	-0.055421	-0.635126
2019-10-14.15:12:07	193.364	2158.43	-0.0600234	-1.38792
2019-10-14.15:12:08	194.187	2151.63	-0.177057	-1.08719
2019-10-14.15:12:09	194.607	2146.7	-0.0212486	-0.932089
2019-10-14.15:12:10	195.277	2140.76	-0.129274	-1.64374
2019-10-14.15:12:11	195.8	2134.79	-0.0966842	-0.551839
2019-10-14.15:12:12	196.244	2129.75	-0.0823907	-1.7089
2019-10-14.15:12:13	196.835	2123.26	-0.105902	-0.657507
2019-10-14.15:12:14	197.166	2118.49	-0.090044	-1.6664
2019-10-14.15:12:15	197.723	2111.96	-0.102869	-0.622824
2019-10-14.15:12:16	198.027	2107.1	-0.0925662	-1.8258
2019-10-14.15:12:17	198.46	2100.9	-0.0905084	-0.478128
2019-10-14.15:12:18	198.887	2095.36	-0.121012	-1.57208
2019-10-14.15:12:19	199.072	2090.27	-0.0694057	-1.49047
2019-10-14.15:12:20	199.524	2083.88	-0.0964856	-0.174388
2019-10-14.15:12:21	199.922	2078.11	-0.126794	-0.714317
2019-10-14.15:12:22	200.182	2072.77	-0.133385	-1.8435
2019-10-14.15:12:23	200.394	2067.29	-0.139206	-2.80924
2019-10-14.15:12:24	200.581	2061.37	-0.160659	-2.83483
2019-10-14.15:12:25	200.341	2054.61	-0.186492	0.778442
2019-10-14.15:12:26	198.867	2048.08	-0.139425	7.9407
2019-10-14.15:12:27	196.664	2043.48	-0.0425207	10.8126
2019-10-14.15:12:28	194.546	2039.36	-0.0087851	11.6048
2019-10-14.15:12:29	192.641	2035.18	0.038276	11.7629
2019-10-14.15:12:30	190.943	2030.84	0.0910247	11.7203
2019-10-14.15:12:31	189.433	2026.32	0.107396	11.6171
2019-10-14.15:12:32	188.097	2021.63	0.113403	11.4632
2019-10-14.15:12:33	186.918	2016.8	0.123914	11.2136
2019-10-14.15:12:34	185.879	2011.86	0.120615	10.7689
2019-10-14.15:12:35	184.959	2006.86	0.107323	10.0134
2019-10-14.15:12:36	184.145	2001.83	0.0989928	8.81057
2019-10-14.15:12:37	183.407	1996.81	0.093626	7.05822
2019-10-14.15:12:38	182.714	1991.86	0.0899568	4.72957
2019-10-14.15:12:39	182.029	1986.98	0.0976964	1.89934
2019-10-14.15:12:40	181.298	1982.18	0.121589	-1.23724
2019-10-14.15:12:41	180.498	1977.45	0.159507	-4.44707
2019-10-14.15:12:42	179.655	1972.74	0.213822	-7.44885
2019-10-14.15:12:43	178.82	1967.96	0.28454	-9.89799
2019-10-14.15:12:44	178.048	1963.04	0.363857	-11.5092
2019-10-14.15:12:45	177.356	1957.9	0.442591	-12.1056
2019-10-14.15:12:46	176.752	1952.48	0.511815	-11.6169
2019-10-14.15:12:47	176.261	1946.74	0.561576	-10.0683
2019-10-14.15:12:48	175.872	1940.68	0.585017	-7.58273
2019-10-14.15:12:49	175.575	1934.28	0.580565	-4.43995
2019-10-14.15:12:50	175.341	1927.57	0.547979	-0.969342
2019-10-14.15:12:51	175.132	1920.63	0.488593	2.66872
2019-10-14.15:12:52	174.983	1913.6	0.407859	6.18071
2019-10-14.15:12:53	174.973	1906.64	0.318121	8.98059
2019-10-14.15:12:54	175.139	1899.94	0.230295	10.3675
2019-10-14.15:12:55	175.379	1893.61	0.155184	9.90267
2019-10-14.15:12:56	175.583	1887.72	0.104219	7.41539
2019-10-14.15:12:57	175.663	1882.27	0.086907	3.26685
2019-10-14.15:12:58	175.509	1877.17	0.108098	-1.59249
2019-10-14.15:12:59	175.092	1872.26	0.167281	-6.19596
2019-10-14.15:13:00	174.569	1867.32	0.257156	-9.72794
2019-10-14.15:13:01	174.095	1862.15	0.359751	-11.619
2019-10-14.15:13:02	173.711	1856.61	0.455256	-11.7295
2019-10-14.15:13:03	173.451	1850.63	0.524165	-10.1921
2019-10-14.15:13:04	173.308	1844.22	0.555419	-7.30293
2019-10-14.15:13:05	173.261	1837.39	0.547777	-3.5923
2019-10-14.15:13:06	173.252	1830.22	0.503596	0.416311
2019-10-14.15:13:07	173.263	1822.86	0.428132	4.43492
2019-10-14.15:13:08	173.372	1815.53	0.334879	7.90144
2019-10-14.15:13:09	173.662	1808.44	0.239407	9.95389
2019-10-14.15:13:10	174.057	1801.78	0.155027	10.0026
2019-10-14.15:13:11	174.418	1795.62	0.0955459	7.79231
2019-10-14.15:13:12	174.617	1790.08	0.0758773	3.76271
2019-10-14.15:13:13	174.492	1785.3	0.10022	-1.06086
2019-10-14.15:13:14	173.981	1781.27	0.160178	-5.67693
2019-10-14.15:13:15	173.257	1777.74	0.252933	-9.18056
2019-10-14.15:13:16	172.507	1774.46	0.365413	-10.8684
2019-10-14.15:13:17	171.799	1771.17	0.46764	-10.5031
2019-10-14.15:13:18	171.19	1767.77	0.531833	-8.17639
2019-10-14.15:13:19	170.682	1764.15	0.547515	-4.25176
2019-10-14.15:13:20	170.244	1760.31	0.512186	0.491288
[State]	Landing
2019-10-14.15:13:21	169.818	1756.39	0.427098	5.43081
2019-10-14.15:13:22	169.523	1752.7	0.310753	9.58896
2019-10-14.15:13:23	169.477	1749.65	0.191492	11.4302
2019-10-14.15:13:24	169.485	1747.55	0.0978045	9.82734
2019-10-14.15:13:25	169.312	1746.5	0.0602005	4.74287
2019-10-14.15:13:26	168.688	1746.33	0.0989379	-1.78868
2019-10-14.15:13:27	167.656	1746.55	0.212574	-7.20301
2019-10-14.15:13:28	166.642	1746.5	0.360346	-9.43957
2019-10-14.15:13:29	165.841	1745.73	0.477328	-7.92354
2019-10-14.15:13:30	165.308	1744.07	0.512094	-3.25658
2019-10-14.15:13:31	164.948	1741.61	0.455326	2.86888
2019-10-14.15:13:32	164.717	1738.88	0.327724	8.56708
2019-10-14.15:13:33	164.818	1736.66	0.178474	11.4134
2019-10-14.15:13:34	165.03	1735.63	0.0634137	9.33244
2019-10-14.15:13:35	164.926	1735.94	0.0379761	2.65806
2019-10-14.15:13:36	164.146	1737.14	0.126617	-4.59108
2019-10-14.15:13:37	163.153	1738.21	0.290196	-8.37589
2019-10-14.15:13:38	162.43	1738.27	0.428028	-7.02044
2019-10-14.15:13:39	162.08	1737.05	0.45781	-1.59427
2019-10-14.15:13:40	161.939	1734.85	0.372458	5.06802
2019-10-14.15:13:41	162.05	1732.62	0.217721	10.0399
2019-10-14.15:13:42	162.48	1731.44	0.0692946	10.1898
2019-10-14.15:13:43	162.704	1731.8	0.0034759	4.50391
2019-10-14.15:13:44	162.24	1733.34	0.0645856	-3.00478
2019-10-14.15:13:45	161.418	1734.86	0.221969	-7.24528
2019-10-14.15:13:46	160.861	1735.27	0.360648	-5.88676
2019-10-14.15:13:47	160.704	1734.24	0.385979	-0.358177
2019-10-14.15:13:48	160.756	1732.24	0.293587	6.04851
2019-10-14.15:13:49	161.107	1730.41	0.139212	10.0417
2019-10-14.15:13:50	161.656	1729.85	0.0078017	8.49009
2019-10-14.15:13:51	161.812	1730.85	-0.0206177	1.8053
2019-10-14.15:13:52	161.26	1732.67	0.0801036	-4.78466
2019-10-14.15:13:53	160.614	1733.98	0.242263	-6.71062
2019-10-14.15:13:54	160.349	1733.9	0.339736	-3.28157
2019-10-14.15:13:55	160.393	1732.47	0.313562	2.85894
2019-10-14.15:13:56	160.646	1730.55	0.188343	8.35441
2019-10-14.15:13:57	161.222	1729.39	0.0405398	9.68865
2019-10-14.15:13:58	161.678	1729.77	-0.0426845	5.07633
2019-10-14.15:13:59	161.474	1731.42	-0.0007609	-2.04936
2019-10-14.15:14:00	160.841	1733.16	0.146672	-6.34802
2019-10-14.15:14:01	160.426	1733.8	0.286467	-5.11672
2019-10-14.15:14:02	160.397	1732.96	0.318259	0.183143
2019-10-14.15:14:03	160.568	1731.18	0.233914	6.24065
2019-10-14.15:14:04	161.028	1729.61	0.0892367	9.70813
2019-10-14.15:14:05	161.618	1729.34	-0.0298796	7.60757
2019-10-14.15:14:06	161.752	1730.56	-0.0443563	0.937142
2019-10-14.15:14:07	161.223	1732.43	0.0661069	-5.07889
2019-10-14.15:14:08	160.664	1733.66	0.225664	-6.26509
2019-10-14.15:14:09	160.488	1733.47	0.312247	-2.42505
2019-10-14.15:14:10	160.576	1732.01	0.277987	3.6488
2019-10-14.15:14:11	160.88	1730.2	0.152125	8.71339
2019-10-14.15:14:12	161.474	1729.26	0.012121	9.33664
2019-10-14.15:14:13	161.874	1729.84	-0.056712	4.23601
2019-10-14.15:14:14	161.593	1731.57	-0.0007898	-2.71756
2019-10-14.15:14:15	160.96	1733.24	0.151971	-6.46285
2019-10-14.15:14:16	160.578	1733.76	0.285992	-4.763
2019-10-14.15:14:17	160.559	1732.82	0.309573	0.695081
2019-10-14.15:14:18	160.729	1731.03	0.220279	6.65677
2019-10-14.15:14:19	161.195	1729.53	0.0763772	9.80438
2019-10-14.15:14:20	161.756	1729.35	-0.0372115	7.33476
2019-10-14.15:14:21	161.832	1730.64	-0.0439047	0.552573
2019-10-14.15:14:22	161.267	1732.5	0.0724273	-5.31447
2019-10-14.15:14:23	160.704	1733.68	0.232284	-6.25769
2019-10-14.15:14:24	160.526	1733.43	0.315314	-2.25489
2019-10-14.15:14:25	160.605	1731.93	0.277213	3.85806
2019-10-14.15:14:26	160.905	1730.12	0.149286	8.85686
2019-10-14.15:14:27	161.493	1729.22	0.0098018	9.32393
