DateTime	ASI:airspeed	Altimeter:altitude	RC:roll	HI:heading
[State]	Standing
2019-10-14.11:05:09	0.474726	1654.61	-0.0010306	0.0033878
[State]	Taxiing
2019-10-14.11:05:10	0.175658	1654.71	-0.0152726	0.389678
2019-10-14.11:05:11	0.0662854	1654.78	-0.033674	0.0949318
2019-10-14.11:05:12	0.698306	1654.79	-0.062362	-0.129599
2019-10-14.11:05:13	3.54694	1654.79	-0.158087	0.0805028
2019-10-14.11:05:14	7.30281	1654.79	-0.182769	0.219671
2019-10-14.11:05:15	11.2157	1654.79	-0.212237	0.276934
2019-10-14.11:05:16	15.0875	1654.79	-0.369075	0.324737
2019-10-14.11:05:17	18.884	1654.79	-0.690492	0.440588
2019-10-14.11:05:18	22.6242	1654.79	-1.06152	0.539567
2019-10-14.11:05:19	26.2937	1654.79	-1.40988	0.607037
2019-10-14.11:05:20	29.8897	1654.8	-1.66013	0.633026
2019-10-14.11:05:21	33.405	1654.8	-1.8193	0.653699
2019-10-14.11:05:22	36.7909	1654.8	-1.9744	0.693211
2019-10-14.11:05:23	40.0471	1654.81	-2.09106	0.730194
2019-10-14.11:05:24	43.1915	1654.81	-2.15294	0.765275
2019-10-14.11:05:25	46.2522	1654.81	-2.16866	0.809905
2019-10-14.11:05:26	49.2599	1654.82	-2.13267	0.862821
2019-10-14.11:05:27	52.2419	1654.82	-2.04156	0.926599
2019-10-14.11:05:28	55.217	1654.82	-1.91885	0.988422
2019-10-14.11:05:29	58.1987	1654.83	-1.77226	1.05003
2019-10-14.11:05:30	61.1963	1654.83	-1.60678	1.11247
2019-10-14.11:05:31	64.2166	1654.84	-1.42539	1.17625
2019-10-14.11:05:32	67.2645	1654.85	-1.2301	1.2414
2019-10-14.11:05:33	70.3439	1654.85	-1.02252	1.30779
2019-10-14.11:05:34	73.4572	1654.86	-0.804045	1.37524
2019-10-14.11:05:35	76.6058	1654.87	-0.575996	1.44347
2019-10-14.11:05:36	79.79	1654.87	-0.339727	1.51221
2019-10-14.11:05:37	83.0186	1654.88	-0.174454	1.57435
2019-10-14.11:05:38	86.3299	1654.89	-0.101374	1.77191
2019-10-14.11:05:39	89.6495	1654.98	0.031036	5.36581
[State]	TakeOff
2019-10-14.11:05:40	91.3832	1657.55	0.025997	13.2916
2019-10-14.11:05:41	90.9035	1665.73	0.0433404	11.5126
2019-10-14.11:05:42	90.4795	1673.38	0.0652229	11.4264
2019-10-14.11:05:43	90.2411	1680.12	0.077898	11.2169
2019-10-14.11:05:44	90.0065	1686.51	0.0735879	11.525
2019-10-14.11:05:45	89.7359	1692.98	0.0607521	11.5056
2019-10-14.11:05:46	89.5159	1699.31	0.0509847	11.4223
2019-10-14.11:05:47	89.2849	1705.47	0.0494637	11.5168
2019-10-14.11:05:48	89.0374	1711.6	0.0547576	11.5341
2019-10-14.11:05:49	88.8115	1717.66	0.0605481	11.5753
2019-10-14.11:05:50	88.615	1723.67	0.0623114	11.5911
2019-10-14.11:05:51	88.4444	1729.62	0.0596969	11.6051
2019-10-14.11:05:52	88.2833	1735.5	0.0555635	11.6176
2019-10-14.11:05:53	88.1216	1741.32	0.0529532	11.6352
2019-10-14.11:05:54	87.9579	1747.09	0.0529353	11.6554
2019-10-14.11:05:55	87.7986	1752.81	0.0544608	11.6753
[State]	Climb
2019-10-14.11:05:56	87.6504	1758.48	0.055738	11.6917
2019-10-14.11:05:57	87.5179	1764.1	0.0557028	11.7029
2019-10-14.11:05:58	87.4022	1769.67	0.0545175	11.7123
2019-10-14.11:05:59	87.2992	1775.18	0.0530905	11.7225
2019-10-14.11:06:00	87.2053	1780.63	0.0522404	11.7323
2019-10-14.11:06:01	87.1198	1786.04	0.0521546	11.742
2019-10-14.11:06:02	87.0438	1791.41	0.0524555	11.7501
2019-10-14.11:06:03	86.9782	1796.73	0.0526261	11.7563
2019-10-14.11:06:04	86.9226	1802.03	0.0524032	11.7605
2019-10-14.11:06:05	86.8754	1807.28	0.0518789	11.7634
2019-10-14.11:06:06	86.8347	1812.51	0.0513302	11.7656
2019-10-14.11:06:07	86.7993	1817.72	0.0509749	11.7675
2019-10-14.11:06:08	86.7687	1822.9	0.0508418	11.769
2019-10-14.11:06:09	86.743	1828.06	0.0508069	11.7697
2019-10-14.11:06:10	86.7223	1833.2	0.0507226	11.7696
2019-10-14.11:06:11	86.706	1838.32	0.0505239	11.7687
2019-10-14.11:06:12	86.6936	1843.43	0.0502471	11.7673
2019-10-14.11:06:13	86.6843	1848.52	0.0499745	11.7655
2019-10-14.11:06:14	86.6776	1853.6	0.0497647	11.7635
2019-10-14.11:06:15	86.6734	1858.67	0.0496202	11.7613
2019-10-14.11:06:16	86.6716	1863.73	0.0495015	11.7587
2019-10-14.11:06:17	86.6719	1868.78	0.0493666	11.7557
2019-10-14.11:06:18	86.6743	1873.83	0.0491994	11.7524
2019-10-14.11:06:19	86.6784	1878.86	0.0490127	11.7489
2019-10-14.11:06:20	86.684	1883.89	0.0488308	11.7453
2019-10-14.11:06:21	86.6909	1888.91	0.0486694	11.7415
2019-10-14.11:06:22	86.6989	1893.93	0.0485274	11.7375
2019-10-14.11:06:23	86.708	1898.94	0.048392	11.7338
2019-10-14.11:06:24	86.7178	1903.95	0.04825	11.7306
2019-10-14.11:06:25	86.7279	1908.96	0.0480972	11.7283
2019-10-14.11:06:26	86.7378	1913.96	0.0479381	11.7269
2019-10-14.11:06:27	86.7469	1918.97	0.0477804	11.7264
2019-10-14.11:06:28	86.7549	1923.97	0.0476284	11.7264
2019-10-14.11:06:29	86.7619	1928.98	0.0474815	11.7266
2019-10-14.11:06:30	86.7678	1933.99	0.0473357	11.7266
2019-10-14.11:06:31	86.773	1939	0.0471876	11.7261
2019-10-14.11:06:32	86.778	1944.01	0.0470367	11.7247
2019-10-14.11:06:33	86.7832	1949.01	0.0468848	11.7224
2019-10-14.11:06:34	86.789	1954.01	0.0467344	11.7194
2019-10-14.11:06:35	86.7957	1959.01	0.0465868	11.7158
2019-10-14.11:06:36	86.8035	1964	0.0464418	11.712
2019-10-14.11:06:37	86.8122	1968.99	0.0462979	11.7083
2019-10-14.11:06:38	86.8217	1973.98	0.046154	11.7052
2019-10-14.11:06:39	86.8315	1978.96	0.0460098	11.7028
2019-10-14.11:06:40	86.8411	1983.94	0.0458654	11.7012
2019-10-14.11:06:41	86.8501	1988.92	0.0457214	11.7005
2019-10-14.11:06:42	86.8583	1993.9	0.0455778	11.7002
2019-10-14.11:06:43	86.8655	1998.88	0.0454345	11.7002
2019-10-14.11:06:44	86.8717	2003.86	0.0452913	11.7001
2019-10-14.11:06:45	86.8772	2008.84	0.0451479	11.6995
2019-10-14.11:06:46	86.8824	2013.82	0.0450047	11.6983
2019-10-14.11:06:47	86.8877	2018.8	0.0448619	11.6962
2019-10-14.11:06:48	86.8935	2023.78	0.0447201	11.6934
2019-10-14.11:06:49	86.9001	2028.75	0.0445794	11.6901
2019-10-14.11:06:50	86.9077	2033.72	0.0444398	11.6865
2019-10-14.11:06:51	86.9161	2038.69	0.0443011	11.683
2019-10-14.11:06:52	86.9252	2043.65	0.0441631	11.6799
2019-10-14.11:06:53	86.9347	2048.6	0.0440256	11.6774
2019-10-14.11:06:54	86.9441	2053.56	0.0438884	11.6757
2019-10-14.11:06:55	86.9531	2058.51	0.0437514	11.6747
2019-10-14.11:06:56	86.9613	2063.47	0.0436145	11.6742
2019-10-14.11:06:57	86.9687	2068.42	0.0434775	11.674
2019-10-14.11:06:58	86.9752	2073.38	0.0433405	11.6738
2019-10-14.11:06:59	86.9809	2078.34	0.0432036	11.6732
2019-10-14.11:07:00	86.9864	2083.29	0.043067	11.672
2019-10-14.11:07:01	86.9918	2088.25	0.042931	11.6701
2019-10-14.11:07:02	86.9976	2093.2	0.0427957	11.6676
2019-10-14.11:07:03	87.0041	2098.14	0.0426612	11.6645
2019-10-14.11:07:04	87.0114	2103.09	0.0425277	11.6611
2019-10-14.11:07:05	87.0196	2108.03	0.0423951	11.6578
2019-10-14.11:07:06	87.0284	2112.96	0.0422632	11.6547
2019-10-14.11:07:07	87.0376	2117.9	0.0421319	11.6522
2019-10-14.11:07:08	87.0468	2122.83	0.0420009	11.6503
2019-10-14.11:07:09	87.0557	2127.76	0.0418702	11.6491
2019-10-14.11:07:10	87.064	2132.69	0.0417395	11.6484
2019-10-14.11:07:11	87.0715	2137.62	0.0416088	11.648
2019-10-14.11:07:12	87.0782	2142.55	0.0414781	11.6477
2019-10-14.11:07:13	87.0842	2147.48	0.0413475	11.647
2019-10-14.11:07:14	87.0898	2152.41	0.0412172	11.6459
2019-10-14.11:07:15	87.0954	2157.34	0.0410874	11.6442
2019-10-14.11:07:16	87.1013	2162.26	0.0409582	11.6419
2019-10-14.11:07:17	87.1077	2167.18	0.0408298	11.639
2019-10-14.11:07:18	87.1148	2172.1	0.0407022	11.6359
2019-10-14.11:07:19	87.1227	2177.02	0.0405754	11.6327
2019-10-14.11:07:20	87.1312	2181.93	0.0404494	11.6297
2019-10-14.11:07:21	87.1401	2186.84	0.0403239	11.6271
2019-10-14.11:07:22	87.1491	2191.74	0.0401989	11.6251
2019-10-14.11:07:23	87.1579	2196.65	0.0400741	11.6237
2019-10-14.11:07:24	87.1662	2201.55	0.0399493	11.6228
2019-10-14.11:07:25	87.1738	2206.46	0.0398246	11.6223
2019-10-14.11:07:26	87.1807	2211.36	0.0397	11.6218
2019-10-14.11:07:27	87.187	2216.27	0.0395754	11.6211
2019-10-14.11:07:28	87.1928	2221.17	0.0394511	11.62
2019-10-14.11:07:29	87.1986	2226.07	0.0393271	11.6185
2019-10-14.11:07:30	87.2045	2230.97	0.0392038	11.6163
2019-10-14.11:07:31	87.2108	2235.87	0.0390811	11.6137
2019-10-14.11:07:32	87.2178	2240.77	0.0389592	11.6107
2019-10-14.11:07:33	87.2254	2245.66	0.0388381	11.6076
2019-10-14.11:07:34	87.2337	2250.54	0.0387176	11.6047
2019-10-14.11:07:35	87.2423	2255.43	0.0385978	11.6021
2019-10-14.11:07:36	87.2511	2260.31	0.0384783	11.6001
2019-10-14.11:07:37	87.2598	2265.19	0.0383591	11.5985
2019-10-14.11:07:38	87.2681	2270.07	0.0382401	11.5974
2019-10-14.11:07:39	87.2758	2274.95	0.0381211	11.5967
2019-10-14.11:07:40	87.2829	2279.83	0.0380022	11.5961
2019-10-14.11:07:41	87.2893	2284.71	0.0378834	11.5954
2019-10-14.11:07:42	87.2954	2289.59	0.0377647	11.5943
2019-10-14.11:07:43	87.3012	2294.46	0.0376464	11.5928
2019-10-14.11:07:44	87.3072	2299.34	0.0375287	11.5909
2019-10-14.11:07:45	87.3135	2304.21	0.0374115	11.5884
2019-10-14.11:07:46	87.3203	2309.08	0.037295	11.5856
2019-10-14.11:07:47	87.3278	2313.95	0.0371793	11.5827
2019-10-14.11:07:48	87.3358	2318.81	0.0370642	11.5799
2019-10-14.11:07:49	87.3442	2323.67	0.0369496	11.5773
2019-10-14.11:07:50	87.3528	2328.53	0.0368356	11.5752
2019-10-14.11:07:51	87.3613	2333.38	0.0367218	11.5735
2019-10-14.11:07:52	87.3696	2338.24	0.0366081	11.5722
2019-10-14.11:07:53	87.3774	2343.09	0.0364946	11.5713
2019-10-14.11:07:54	87.3846	2347.95	0.0363811	11.5706
2019-10-14.11:07:55	87.3912	2352.8	0.0362678	11.5698
2019-10-14.11:07:56	87.3974	2357.65	0.0361546	11.5688
2019-10-14.11:07:57	87.4035	2362.5	0.0360417	11.5674
2019-10-14.11:07:58	87.4095	2367.35	0.0359292	11.5655
2019-10-14.11:07:59	87.4158	2372.2	0.0358173	11.5633
2019-10-14.11:08:00	87.4225	2377.05	0.035706	11.5607
2019-10-14.11:08:01	87.4297	2381.89	0.0355954	11.5579
2019-10-14.11:08:02	87.4375	2386.73	0.0354854	11.5552
2019-10-14.11:08:03	87.4457	2391.56	0.035376	11.5526
2019-10-14.11:08:04	87.4541	2396.4	0.035267	11.5504
2019-10-14.11:08:05	87.4625	2401.23	0.0351584	11.5486
2019-10-14.11:08:06	87.4707	2406.06	0.0350499	11.5472
2019-10-14.11:08:07	87.4785	2410.89	0.0349415	11.5462
2019-10-14.11:08:08	87.4859	2415.72	0.0348333	11.5453
2019-10-14.11:08:09	87.4927	2420.54	0.0347251	11.5445
2019-10-14.11:08:10	87.4991	2425.37	0.0346171	11.5434
2019-10-14.11:08:11	87.5052	2430.2	0.0345094	11.5421
2019-10-14.11:08:12	87.5113	2435.02	0.034402	11.5404
2019-10-14.11:08:13	87.5176	2439.85	0.0342951	11.5383
2019-10-14.11:08:14	87.5242	2444.67	0.0341888	11.5358
2019-10-14.11:08:15	87.5313	2449.48	0.0340831	11.5332
2019-10-14.11:08:16	87.5389	2454.3	0.033978	11.5306
2019-10-14.11:08:17	87.5468	2459.11	0.0338735	11.528
2019-10-14.11:08:18	87.5551	2463.92	0.0337693	11.5258
2019-10-14.11:08:19	87.5633	2468.73	0.0336656	11.5239
2019-10-14.11:08:20	87.5715	2473.53	0.033562	11.5224
2019-10-14.11:08:21	87.5793	2478.34	0.0334586	11.5212
2019-10-14.11:08:22	87.5867	2483.14	0.0333553	11.5202
2019-10-14.11:08:23	87.5937	2487.94	0.0332521	11.5193
2019-10-14.11:08:24	87.6002	2492.75	0.033149	11.5183
2019-10-14.11:08:25	87.6065	2497.55	0.0330462	11.517
2019-10-14.11:08:26	87.6127	2502.35	0.0329437	11.5154
2019-10-14.11:08:27	87.619	2507.15	0.0328416	11.5134
2019-10-14.11:08:28	87.6255	2511.94	0.0327401	11.5111
2019-10-14.11:08:29	87.6325	2516.73	0.0326391	11.5086
2019-10-14.11:08:30	87.6399	2521.52	0.0325387	11.5061
2019-10-14.11:08:31	87.6476	2526.31	0.0324387	11.5036
2019-10-14.11:08:32	87.6557	2531.1	0.0323393	11.5013
2019-10-14.11:08:33	87.6638	2535.88	0.0322401	11.4994
2019-10-14.11:08:34	87.6719	2540.66	0.0321412	11.4978
2019-10-14.11:08:35	87.6797	2545.44	0.0320425	11.4965
2019-10-14.11:08:36	87.6872	2550.22	0.031944	11.4954
2019-10-14.11:08:37	87.6942	2555	0.0318455	11.4943
2019-10-14.11:08:38	87.7009	2559.77	0.0317471	11.4933
2019-10-14.11:08:39	87.7073	2564.55	0.031649	11.492
2019-10-14.11:08:40	87.7136	2569.33	0.0315512	11.4905
2019-10-14.11:08:41	87.7199	2574.1	0.0314537	11.4886
2019-10-14.11:08:42	87.7438	2578.86	0.031768	11.2908
2019-10-14.11:08:43	87.9051	2583.36	0.0326243	10.891
2019-10-14.11:08:44	88.2143	2587.47	0.0330777	10.6088
2019-10-14.11:08:45	88.6454	2591.27	0.0333836	10.2914
2019-10-14.11:08:46	89.1867	2594.78	0.0336669	9.9982
2019-10-14.11:08:47	89.8202	2598.07	0.0341918	9.7095
2019-10-14.11:08:48	90.5331	2601.18	0.035018	9.42988
2019-10-14.11:08:49	91.3151	2604.15	0.0360373	9.15465
2019-10-14.11:08:50	92.1592	2607.01	0.0370697	8.88338
2019-10-14.11:08:51	93.0595	2609.77	0.038005	8.61466
2019-10-14.11:08:52	94.0069	2612.47	0.0388416	8.35055
2019-10-14.11:08:53	94.9958	2615.11	0.0396804	8.08341
2019-10-14.11:08:54	96.0255	2617.72	0.0405769	7.81788
2019-10-14.11:08:55	97.0952	2620.29	0.0415239	7.55251
2019-10-14.11:08:56	98.2029	2622.83	0.0424638	7.28929
2019-10-14.11:08:57	99.3441	2625.32	0.0433638	7.03043
2019-10-14.11:08:58	100.518	2627.7	0.0440728	6.81503
2019-10-14.11:08:59	101.716	2629.96	0.0447268	6.59426
2019-10-14.11:09:00	102.931	2632.1	0.0453594	6.40702
2019-10-14.11:09:01	104.154	2634.17	0.0460464	6.21814
2019-10-14.11:09:02	105.384	2636.2	0.0467822	6.02629
2019-10-14.11:09:03	106.617	2638.24	0.0475148	5.83113
2019-10-14.11:09:04	107.855	2640.28	0.0481648	5.63885
2019-10-14.11:09:05	109.099	2642.3	0.0487309	5.44861
2019-10-14.11:09:06	110.349	2644.31	0.0492574	5.26141
2019-10-14.11:09:07	111.596	2646.3	0.0497773	5.07999
2019-10-14.11:09:08	112.839	2648.27	0.0502932	4.90114
2019-10-14.11:09:09	114.074	2650.2	0.0507739	4.72771
2019-10-14.11:09:10	115.302	2652.11	0.0512067	4.55771
2019-10-14.11:09:11	116.523	2653.97	0.0515998	4.39198
2019-10-14.11:09:12	117.738	2655.8	0.051971	4.2307
2019-10-14.11:09:13	118.946	2657.57	0.0523275	4.07377
2019-10-14.11:09:14	120.149	2659.31	0.0526633	3.92136
2019-10-14.11:09:15	121.345	2660.99	0.0529722	3.77346
2019-10-14.11:09:16	122.531	2662.63	0.0532539	3.63152
2019-10-14.11:09:17	123.704	2664.22	0.0535163	3.49374
2019-10-14.11:09:18	124.864	2665.77	0.0537616	3.36094
2019-10-14.11:09:19	126.011	2667.26	0.053988	3.23262
2019-10-14.11:09:20	127.144	2668.71	0.0541938	3.10878
2019-10-14.11:09:21	128.264	2670.11	0.054381	2.98941
2019-10-14.11:09:22	129.374	2671.46	0.0545058	2.98447
2019-10-14.11:09:23	129.19	2675.81	0.0478655	8.10263
2019-10-14.11:09:24	127.806	2686.75	0.0532477	6.62352
2019-10-14.11:09:25	126.933	2696.32	0.0554915	7.15559
2019-10-14.11:09:26	125.711	2706.79	0.0526998	7.92715
2019-10-14.11:09:27	124.207	2718.51	0.0496187	8.49199
2019-10-14.11:09:28	122.56	2730.88	0.0499332	8.58789
2019-10-14.11:09:29	121.05	2742.91	0.051435	8.40362
2019-10-14.11:09:30	119.802	2754.08	0.0514199	7.9963
2019-10-14.11:09:31	118.9	2764.03	0.0497489	7.63551
2019-10-14.11:09:32	118.016	2773.47	0.0469012	8.17762
2019-10-14.11:09:33	116.998	2783.35	0.0464361	8.38575
2019-10-14.11:09:34	115.965	2793.35	0.0473655	8.44734
2019-10-14.11:09:35	115.017	2803.12	0.0477512	8.33896
2019-10-14.11:09:36	114.232	2812.37	0.0468322	8.18695
2019-10-14.11:09:37	113.481	2821.32	0.0447908	8.46301
2019-10-14.11:09:38	112.7	2830.35	0.044014	8.49837
2019-10-14.11:09:39	111.978	2839.21	0.0442741	8.47995
2019-10-14.11:09:40	111.28	2847.91	0.0441723	8.61613
2019-10-14.11:09:41	110.604	2856.54	0.0435884	8.65509
2019-10-14.11:09:42	109.941	2865.08	0.0426193	8.73586
2019-10-14.11:09:43	109.29	2873.53	0.0418643	8.81087
2019-10-14.11:09:44	108.645	2881.91	0.0414701	8.87584
2019-10-14.11:09:45	108.013	2890.2	0.0411634	8.95114
2019-10-14.11:09:46	107.392	2898.4	0.0407137	9.01704
2019-10-14.11:09:47	106.784	2906.53	0.0400772	9.08636
2019-10-14.11:09:48	106.188	2914.56	0.0394184	9.1531
2019-10-14.11:09:49	105.603	2922.52	0.0388604	9.21928
2019-10-14.11:09:50	105.031	2930.38	0.0383955	9.28451
2019-10-14.11:09:51	104.47	2938.17	0.037933	9.34921
2019-10-14.11:09:52	103.92	2945.87	0.0374068	9.41278
2019-10-14.11:09:53	103.38	2953.51	0.0368742	9.46307
2019-10-14.11:09:54	102.853	2961.1	0.0363582	9.51445
2019-10-14.11:09:55	102.339	2968.63	0.0358772	9.56173
2019-10-14.11:09:56	101.839	2976.11	0.0354042	9.61034
2019-10-14.11:09:57	101.351	2983.54	0.034928	9.65648
2019-10-14.11:09:58	100.876	2990.92	0.0344423	9.70213
2019-10-14.11:09:59	100.414	2998.25	0.0339578	9.74656
2019-10-14.11:10:00	99.9648	3005.53	0.0334843	9.79011
2019-10-14.11:10:01	99.528	3012.75	0.0330239	9.83287
2019-10-14.11:10:02	99.1036	3019.93	0.0325735	9.87437
2019-10-14.11:10:03	98.6925	3027.04	0.0321159	9.92037
2019-10-14.11:10:04	98.2932	3034.07	0.0316145	9.97369
2019-10-14.11:10:05	97.9056	3041.01	0.0311196	10.0226
2019-10-14.11:10:06	97.529	3047.88	0.0306463	10.0719
2019-10-14.11:10:07	97.1633	3054.65	0.0302337	10.1006
2019-10-14.11:10:08	96.8409	3061.3	0.0300518	10.0159
2019-10-14.11:10:09	96.6105	3067.68	0.0299925	9.85004
2019-10-14.11:10:10	96.5038	3073.7	0.0299456	9.62414
2019-10-14.11:10:11	96.5349	3079.3	0.0298682	9.36987
2019-10-14.11:10:12	96.6987	3084.49	0.0297966	9.12246
2019-10-14.11:10:13	96.9718	3089.33	0.0297864	8.91578
2019-10-14.11:10:14	97.3163	3093.93	0.0298527	8.77726
2019-10-14.11:10:15	97.6857	3098.42	0.0299582	8.72405
2019-10-14.11:10:16	98.0494	3102.95	0.0303602	8.57406
2019-10-14.11:10:17	98.544	3107.28	0.0313694	8.14968
2019-10-14.11:10:18	99.158	3111.23	0.0318503	7.92116
2019-10-14.11:10:19	99.869	3114.89	0.0321795	7.60935
2019-10-14.11:10:20	100.667	3118.24	0.0323557	7.36888
2019-10-14.11:10:21	101.537	3121.34	0.0327726	7.11474
2019-10-14.11:10:22	102.466	3124.2	0.0334142	6.88281
2019-10-14.11:10:23	103.447	3126.86	0.0341192	6.67263
2019-10-14.11:10:24	104.463	3129.36	0.0347463	6.47
2019-10-14.11:10:25	105.51	3131.74	0.0352663	6.27333
2019-10-14.11:10:26	106.58	3134.06	0.0358055	6.07076
2019-10-14.11:10:27	107.669	3136.33	0.0363819	5.87689
2019-10-14.11:10:28	108.775	3138.54	0.0369796	5.68503
2019-10-14.11:10:29	109.898	3140.7	0.0375462	5.49713
2019-10-14.11:10:30	111.037	3142.82	0.0380606	5.31279
2019-10-14.11:10:31	112.183	3144.89	0.0385342	5.13529
2019-10-14.11:10:32	113.331	3146.92	0.0389993	4.96058
2019-10-14.11:10:33	114.478	3148.9	0.0394566	4.79231
2019-10-14.11:10:34	115.621	3150.83	0.0398954	4.62728
2019-10-14.11:10:35	116.762	3152.72	0.0403005	4.46688
2019-10-14.11:10:36	117.9	3154.57	0.0406743	4.31076
2019-10-14.11:10:37	119.034	3156.36	0.0410277	4.15896
2019-10-14.11:10:38	120.164	3158.1	0.0413676	4.01156
2019-10-14.11:10:39	121.289	3159.79	0.0416914	3.86844
2019-10-14.11:10:40	122.41	3161.44	0.0419944	3.72969
2019-10-14.11:10:41	123.522	3163.03	0.0422745	3.59659
2019-10-14.11:10:42	124.622	3164.58	0.0425374	3.46732
2019-10-14.11:10:43	125.711	3166.08	0.0427846	3.34254
2019-10-14.11:10:44	126.789	3167.53	0.0430155	3.22202
2019-10-14.11:10:45	127.854	3168.93	0.043229	3.10557
2019-10-14.11:10:46	128.907	3170.29	0.0434264	2.99322
2019-10-14.11:10:47	129.947	3171.6	0.0436097	2.88483
2019-10-14.11:10:48	130.974	3172.87	0.0437799	2.78028
2019-10-14.11:10:49	131.989	3174.09	0.0439369	2.6795
2019-10-14.11:10:50	132.989	3175.27	0.0440808	2.58236
2019-10-14.11:10:51	133.976	3176.41	0.0442125	2.48876
2019-10-14.11:10:52	134.948	3177.51	0.0443323	2.39923
2019-10-14.11:10:53	135.901	3178.57	0.0444411	2.31296
2019-10-14.11:10:54	136.835	3179.59	0.0445386	2.23021
2019-10-14.11:10:55	137.751	3180.57	0.0446248	2.15064
2019-10-14.11:10:56	138.648	3181.52	0.0447014	2.0741
2019-10-14.11:10:57	139.524	3182.43	0.0447718	2.00009
2019-10-14.11:10:58	140.378	3183.3	0.0448296	1.9295
[State]	Cruise
2019-10-14.11:10:59	141.212	3184.14	0.0448767	1.86194
2019-10-14.11:11:00	142.025	3184.95	0.0449145	1.79706
2019-10-14.11:11:01	142.818	3185.73	0.0449444	1.73487
2019-10-14.11:11:02	143.605	3186.43	0.0454287	0.973392
2019-10-14.11:11:03	145.459	3183.33	0.0473187	-1.90826
2019-10-14.11:11:04	147.55	3177.02	0.0452231	-0.301197
2019-10-14.11:11:05	149.322	3172.29	0.0447795	-1.52443
2019-10-14.11:11:06	151.551	3165.26	0.0463433	-1.87255
2019-10-14.11:11:07	153.482	3158.39	0.0462313	-1.07188
2019-10-14.11:11:08	154.968	3153.41	0.045664	-1.18301
2019-10-14.11:11:09	156.62	3147.79	0.046614	-1.74407
2019-10-14.11:11:10	158.417	3140.9	0.0471805	-2.04983
2019-10-14.11:11:11	160.09	3133.87	0.0462594	-1.65276
2019-10-14.11:11:12	161.444	3127.96	0.0458895	-1.19063
2019-10-14.11:11:13	162.509	3123.33	0.0467216	-1.31307
2019-10-14.11:11:14	163.702	3118.1	0.0473149	-1.71346
2019-10-14.11:11:15	165.011	3111.88	0.04687	-2.01674
2019-10-14.11:11:16	166.371	3104.99	0.0464408	-2.02301
2019-10-14.11:11:17	167.563	3098.42	0.0464879	-1.76159
2019-10-14.11:11:18	168.52	3092.73	0.046542	-1.41948
2019-10-14.11:11:19	169.226	3088.15	0.0464767	-1.25187
2019-10-14.11:11:20	169.983	3083.49	0.046792	-1.66466
2019-10-14.11:11:21	170.868	3077.88	0.0467896	-1.95575
2019-10-14.11:11:22	171.842	3071.5	0.0464944	-2.18439
2019-10-14.11:11:23	172.798	3064.8	0.0462654	-2.00684
2019-10-14.11:11:24	173.576	3058.7	0.0461839	-1.75989
2019-10-14.11:11:25	174.159	3053.45	0.046126	-1.45908
2019-10-14.11:11:26	174.55	3049.13	0.0461145	-1.40277
2019-10-14.11:11:27	175.019	3044.56	0.0463123	-1.73072
2019-10-14.11:11:28	175.609	3039.12	0.04618	-1.99505
2019-10-14.11:11:29	176.297	3032.94	0.0459199	-2.21838
2019-10-14.11:11:30	177.003	3026.35	0.045736	-2.08016
2019-10-14.11:11:31	177.558	3020.29	0.0455659	-1.85731
2019-10-14.11:11:32	177.949	3015	0.0454785	-1.59638
2019-10-14.11:11:33	178.167	3010.56	0.045372	-1.34563
2019-10-14.11:11:34	178.372	3006.35	0.0455241	-1.67364
2019-10-14.11:11:35	178.708	3001.33	0.0454662	-1.92769
2019-10-14.11:11:36	179.157	2995.55	0.0452013	-2.15894
2019-10-14.11:11:37	179.691	2989.13	0.04505	-2.22967
2019-10-14.11:11:38	180.139	2982.84	0.0448104	-2.00192
2019-10-14.11:11:39	180.441	2977.26	0.0446645	-1.7687
2019-10-14.11:11:40	180.594	2972.45	0.0445921	-1.51739
2019-10-14.11:11:41	180.621	2968.36	0.0445607	-1.54584
2019-10-14.11:11:42	180.746	2963.89	0.0446167	-1.79969
2019-10-14.11:11:43	180.991	2958.65	0.0444285	-2.03736
2019-10-14.11:11:44	181.347	2952.69	0.0442203	-2.25726
2019-10-14.11:11:45	181.757	2946.21	0.0440341	-2.16088
2019-10-14.11:11:46	182.041	2940.22	0.0437794	-1.94691
2019-10-14.11:11:47	182.188	2934.94	0.0436926	-1.71337
2019-10-14.11:11:48	182.197	2930.42	0.0435926	-1.47161
2019-10-14.11:11:49	182.142	2926.4	0.0435994	-1.65202
2019-10-14.11:11:50	182.216	2921.74	0.0435891	-1.88656
2019-10-14.11:11:51	182.411	2916.33	0.0433595	-2.11733
2019-10-14.11:11:52	182.716	2910.21	0.043203	-2.33207
2019-10-14.11:11:53	183.029	2903.8	0.0429539	-2.11932
2019-10-14.11:11:54	183.205	2898.03	0.0427296	-1.89698
2019-10-14.11:11:55	183.248	2893	0.042674	-1.66316
2019-10-14.11:11:56	183.159	2888.72	0.042542	-1.45465
2019-10-14.11:11:57	183.081	2884.6	0.0425961	-1.73246
2019-10-14.11:11:58	183.136	2879.75	0.0425166	-1.96666
2019-10-14.11:11:59	183.314	2874.15	0.0422812	-2.19532
2019-10-14.11:12:00	183.599	2867.86	0.0421374	-2.31867
2019-10-14.11:12:01	183.826	2861.61	0.0418447	-2.06532
2019-10-14.11:12:02	183.919	2856.08	0.0416862	-1.83543
2019-10-14.11:12:03	183.88	2851.3	0.041631	-1.60062
2019-10-14.11:12:04	183.728	2847.23	0.0415474	-1.57617
2019-10-14.11:12:05	183.666	2842.89	0.0415827	-1.82474
2019-10-14.11:12:06	183.732	2837.78	0.041423	-2.05996
2019-10-14.11:12:07	183.921	2831.94	0.0412154	-2.28839
2019-10-14.11:12:08	184.186	2825.5	0.0410174	-2.21008
2019-10-14.11:12:09	184.332	2819.53	0.0407441	-1.98393
2019-10-14.11:12:10	184.346	2814.31	0.0406657	-1.74793
2019-10-14.11:12:11	184.23	2809.85	0.0405711	-1.51187
2019-10-14.11:12:12	184.071	2805.83	0.0405742	-1.70835
2019-10-14.11:12:13	184.048	2801.14	0.0405476	-1.94458
2019-10-14.11:12:14	184.155	2795.68	0.040326	-2.18194
2019-10-14.11:12:15	184.382	2789.48	0.0401764	-2.37462
2019-10-14.11:12:16	184.582	2783.16	0.0398816	-2.10245
2019-10-14.11:12:17	184.643	2777.59	0.0397027	-1.86396
2019-10-14.11:12:18	184.569	2772.79	0.0396584	-1.62232
2019-10-14.11:12:19	184.383	2768.72	0.0395925	-1.60572
2019-10-14.11:12:20	184.294	2764.34	0.0396265	-1.86033
2019-10-14.11:12:21	184.34	2759.17	0.0394657	-2.10482
2019-10-14.11:12:22	184.514	2753.22	0.0392692	-2.3436
2019-10-14.11:12:23	184.743	2746.77	0.0390308	-2.18157
2019-10-14.11:12:24	184.835	2740.96	0.038785	-1.94163
2019-10-14.11:12:25	184.789	2735.94	0.0387368	-1.69375
2019-10-14.11:12:26	184.613	2731.71	0.0386448	-1.52164
2019-10-14.11:12:27	184.48	2727.5	0.0387076	-1.8167
2019-10-14.11:12:28	184.491	2722.49	0.038602	-2.06836
2019-10-14.11:12:29	184.638	2716.67	0.0383866	-2.31639
2019-10-14.11:12:30	184.868	2710.22	0.0381617	-2.22081
2019-10-14.11:12:31	184.97	2704.3	0.0378972	-1.97288
2019-10-14.11:12:32	184.931	2699.2	0.037839	-1.71723
2019-10-14.11:12:33	184.755	2694.92	0.037759	-1.51676
2019-10-14.11:12:34	184.612	2690.74	0.0378314	-1.82265
2019-10-14.11:12:35	184.619	2685.71	0.0377347	-2.08269
2019-10-14.11:12:36	184.767	2679.86	0.0375197	-2.3394
2019-10-14.11:12:37	184.99	2673.39	0.0372731	-2.20544
2019-10-14.11:12:38	185.074	2667.55	0.0370215	-1.94815
2019-10-14.11:12:39	185.012	2662.55	0.0369785	-1.68313
2019-10-14.11:12:40	184.816	2658.39	0.0369414	-1.59018
2019-10-14.11:12:41	184.703	2654.04	0.0370057	-1.88807
2019-10-14.11:12:42	184.742	2648.81	0.0368632	-2.15837
2019-10-14.11:12:43	184.924	2642.72	0.0366668	-2.41744
2019-10-14.11:12:44	185.115	2636.32	0.0363573	-2.12915
2019-10-14.11:12:45	185.146	2630.76	0.0361761	-1.85602
2019-10-14.11:12:46	185.027	2626.08	0.0361502	-1.58087
2019-10-14.11:12:47	184.83	2622.04	0.0361969	-1.74926
2019-10-14.11:12:48	184.786	2617.28	0.0361949	-2.02618
2019-10-14.11:12:49	184.896	2611.61	0.0359817	-2.30647
2019-10-14.11:12:50	185.121	2605.16	0.0357217	-2.25798
2019-10-14.11:12:51	185.216	2599.2	0.0354434	-1.97216
2019-10-14.11:12:52	185.152	2594.18	0.0353986	-1.684
2019-10-14.11:12:53	184.949	2590.03	0.0354195	-1.64257
2019-10-14.11:12:54	184.854	2585.55	0.0354897	-1.95392
2019-10-14.11:12:55	184.923	2580.12	0.0353199	-2.24841
2019-10-14.11:12:56	185.14	2573.78	0.0350714	-2.35207
2019-10-14.11:12:57	185.265	2567.63	0.0347454	-2.02259
2019-10-14.11:12:58	185.223	2562.47	0.0346715	-1.72056
2019-10-14.11:12:59	185.024	2558.24	0.0347005	-1.60956
2019-10-14.11:13:00	184.918	2553.83	0.0348039	-1.95233
2019-10-14.11:13:01	184.984	2548.4	0.0346457	-2.26152
2019-10-14.11:13:02	185.203	2542.02	0.0343669	-2.33505
2019-10-14.11:13:03	185.315	2535.94	0.0340374	-1.99645
2019-10-14.11:13:04	185.252	2530.88	0.0339883	-1.67902
2019-10-14.11:13:05	185.045	2526.75	0.0340805	-1.70151
2019-10-14.11:13:06	184.976	2522.11	0.0341546	-2.03301
2019-10-14.11:13:07	185.084	2516.43	0.0339505	-2.35755
2019-10-14.11:13:08	185.304	2509.93	0.033595	-2.20856
2019-10-14.11:13:09	185.354	2504.19	0.033338	-1.88094
2019-10-14.11:13:10	185.221	2499.52	0.0333512	-1.54747
2019-10-14.11:13:11	185.043	2495.38	0.0335359	-1.86854
2019-10-14.11:13:12	185.06	2490.23	0.0334872	-2.20906
2019-10-14.11:13:13	185.261	2483.99	0.0332016	-2.42377
2019-10-14.11:13:14	185.394	2477.77	0.0327877	-2.01581
2019-10-14.11:13:15	185.328	2472.7	0.0327324	-1.66287
2019-10-14.11:13:16	185.121	2468.58	0.0329162	-1.77122
2019-10-14.11:13:17	185.086	2463.74	0.0329858	-2.13126
2019-10-14.11:13:18	185.249	2457.74	0.0327363	-2.47885
2019-10-14.11:13:19	185.422	2451.34	0.0322604	-2.07244
[State]	Descent
2019-10-14.11:13:20	185.382	2446.1	0.032145	-1.70105
2019-10-14.11:13:21	185.174	2441.95	0.0323573	-1.74727
2019-10-14.11:13:22	185.131	2437.16	0.0324765	-2.13528
2019-10-14.11:13:23	185.297	2431.13	0.0322157	-2.49048
2019-10-14.11:13:24	185.459	2424.77	0.031691	-2.04432
2019-10-14.11:13:25	185.397	2419.65	0.0316059	-1.6508
2019-10-14.11:13:26	185.193	2415.53	0.0318999	-1.83258
2019-10-14.11:13:27	185.192	2410.48	0.0319719	-2.23263
2019-10-14.11:13:28	185.402	2404.16	0.0315743	-2.37925
2019-10-14.11:13:29	185.493	2398.12	0.0310844	-1.91835
2019-10-14.11:13:30	185.354	2393.44	0.0311379	-1.52284
2019-10-14.11:13:31	185.207	2389.15	0.0315347	-2.00614
2019-10-14.11:13:32	185.304	2383.52	0.0314127	-2.43393
2019-10-14.11:13:33	185.509	2377.01	0.0307876	-2.11604
2019-10-14.11:13:34	185.474	2371.7	0.0305672	-1.6807
2019-10-14.11:13:35	185.269	2367.55	0.0309734	-1.84792
2019-10-14.11:13:36	185.281	2362.43	0.0311214	-2.29724
2019-10-14.11:13:37	185.502	2355.98	0.0305568	-2.26535
2019-10-14.11:13:38	185.534	2350.25	0.0300726	-1.79029
2019-10-14.11:13:39	185.333	2345.96	0.0304157	-1.72562
2019-10-14.11:13:40	185.299	2341.12	0.0307726	-2.23416
2019-10-14.11:13:41	185.509	2334.79	0.0302824	-2.3549
2019-10-14.11:13:42	185.567	2328.89	0.0296234	-1.822
2019-10-14.11:13:43	185.371	2324.54	0.0299544	-1.70396
2019-10-14.11:13:44	185.334	2319.73	0.0304228	-2.25155
2019-10-14.11:13:45	185.548	2313.35	0.0298783	-2.31778
2019-10-14.11:13:46	185.583	2307.56	0.0291697	-1.76991
2019-10-14.11:13:47	185.379	2303.31	0.029645	-1.81279
2019-10-14.11:13:48	185.388	2298.23	0.0300945	-2.35513
2019-10-14.11:13:49	185.605	2291.71	0.0293143	-2.16882
2019-10-14.11:13:50	185.569	2286.33	0.0287332	-1.62881
2019-10-14.11:13:51	185.381	2282.15	0.029485	-1.99937
2019-10-14.11:13:52	185.483	2276.5	0.0297296	-2.54578
2019-10-14.11:13:53	185.647	2270.08	0.0286069	-1.96323
2019-10-14.11:13:54	185.491	2265.4	0.0284813	-1.55988
2019-10-14.11:13:55	185.418	2260.78	0.0294344	-2.25735
2019-10-14.11:13:56	185.63	2254.38	0.0289638	-2.27906
2019-10-14.11:13:57	185.621	2248.78	0.0279221	-1.65556
2019-10-14.11:13:58	185.41	2244.68	0.028658	-1.90583
2019-10-14.11:13:59	185.446	2239.39	0.0291281	-2.37617
2019-10-14.11:14:00	185.457	2233.8	0.0277851	-1.53906
2019-10-14.11:14:01	185.053	2230.59	0.0277679	-1.21212
2019-10-14.11:14:02	184.794	2227.27	0.028842	-1.82185
2019-10-14.11:14:03	184.69	2222.74	0.0278633	-1.30599
2019-10-14.11:14:04	184.199	2220.26	0.0270099	-0.656533
2019-10-14.11:14:05	183.737	2218.39	0.0283078	-1.38155
2019-10-14.11:14:06	183.55	2214.85	0.027883	-1.14695
2019-10-14.11:14:07	183.046	2212.81	0.0265058	-0.385224
2019-10-14.11:14:08	182.46	2211.94	0.0276633	-1.02479
2019-10-14.11:14:09	182.222	2209.26	0.0278299	-1.1095
2019-10-14.11:14:10	181.763	2207.39	0.0261882	-0.308047
2019-10-14.11:14:11	181.106	2207.18	0.0269502	-0.690832
2019-10-14.11:14:12	180.804	2205.39	0.0277205	-1.18628
2019-10-14.11:14:13	180.454	2203.41	0.0260409	-0.340322
2019-10-14.11:14:14	179.787	2203.46	0.0261294	-0.29412
2019-10-14.11:14:15	179.376	2202.73	0.027296	-0.92943
2019-10-14.11:14:16	179.158	2200.66	0.0261566	-0.479441
2019-10-14.11:14:17	178.624	2200.23	0.0252212	0.14126
2019-10-14.11:14:18	178.056	2200.6	0.026528	-0.481389
2019-10-14.11:14:19	177.831	2199.25	0.0265907	-0.878418
2019-10-14.11:14:20	177.546	2197.84	0.0249906	-0.149382
2019-10-14.11:14:21	176.959	2198.24	0.0252938	0.108196
2019-10-14.11:14:22	176.526	2198.42	0.0263136	-0.498332
2019-10-14.11:14:23	176.568	2196.23	0.0262561	-1.86557
2019-10-14.11:14:24	177.222	2190.4	0.0252877	-1.85018
2019-10-14.11:14:25	177.512	2185.7	0.0246607	-1.48064
2019-10-14.11:14:26	178.009	2180.57	0.0259563	-2.5329
2019-10-14.11:14:27	178.622	2173.99	0.0253374	-1.72078
2019-10-14.11:14:28	178.832	2169.52	0.0245969	-1.87471
2019-10-14.11:14:29	179.372	2163.71	0.025862	-2.57798
2019-10-14.11:14:30	179.844	2157.37	0.0250338	-1.65772
2019-10-14.11:14:31	179.991	2153	0.0246115	-1.97468
2019-10-14.11:14:32	180.485	2147.04	0.0257731	-2.55246
2019-10-14.11:14:33	180.878	2140.79	0.0247579	-1.67949
2019-10-14.11:14:34	180.966	2136.43	0.0245052	-1.9674
2019-10-14.11:14:35	181.385	2130.57	0.025672	-2.58293
2019-10-14.11:14:36	181.749	2124.23	0.0245939	-1.75392
2019-10-14.11:14:37	181.784	2119.85	0.0242776	-1.89827
2019-10-14.11:14:38	182.113	2114.23	0.0255031	-2.58633
2019-10-14.11:14:39	182.475	2107.74	0.0245306	-1.85368
2019-10-14.11:14:40	182.477	2103.22	0.0239707	-1.7765
2019-10-14.11:14:41	182.713	2097.93	0.0252432	-2.50725
2019-10-14.11:14:42	183.077	2091.32	0.0245325	-1.95992
2019-10-14.11:14:43	183.071	2086.58	0.0236294	-1.6201
2019-10-14.11:14:44	183.215	2081.62	0.0249164	-2.41531
2019-10-14.11:14:45	183.571	2074.98	0.0245511	-2.06294
2019-10-14.11:14:46	183.58	2069.96	0.0233301	-1.50894
2019-10-14.11:14:47	183.639	2065.27	0.0245465	-2.33627
2019-10-14.11:14:48	183.979	2058.69	0.0245404	-2.16
2019-10-14.11:14:49	184.005	2053.42	0.0231216	-1.49597
2019-10-14.11:14:50	184	2048.9	0.0241738	-2.28069
2019-10-14.11:14:51	184.318	2042.4	0.0244698	-2.24011
2019-10-14.11:14:52	184.352	2036.96	0.0229625	-1.52409
2019-10-14.11:14:53	184.307	2032.52	0.0238386	-2.2555
2019-10-14.11:14:54	184.605	2026.07	0.0243262	-2.28116
2019-10-14.11:14:55	184.631	2020.58	0.0227935	-1.5348
2019-10-14.11:14:56	184.569	2016.15	0.0235687	-2.26634
2019-10-14.11:14:57	184.854	2009.68	0.0241107	-2.26491
2019-10-14.11:14:58	184.851	2004.26	0.022585	-1.51461
2019-10-14.11:14:59	184.795	1999.77	0.0233809	-2.31962
2019-10-14.11:15:00	185.071	1993.23	0.0238256	-2.18856
2019-10-14.11:15:01	185.018	1988.02	0.0223564	-1.51351
2019-10-14.11:15:02	185	1983.34	0.023283	-2.42247
2019-10-14.11:15:03	185.259	1976.72	0.023461	-2.06663
2019-10-14.11:15:04	185.14	1971.87	0.0222027	-1.66035
2019-10-14.11:15:05	185.202	1966.79	0.0232715	-2.58221
2019-10-14.11:15:06	185.412	1960.23	0.0229854	-1.90303
2019-10-14.11:15:07	185.249	1955.76	0.0221604	-1.96366
2019-10-14.11:15:08	185.424	1950.02	0.0232861	-2.66957
2019-10-14.11:15:09	185.517	1943.86	0.0223758	-1.67645
2019-10-14.11:15:10	185.38	1939.49	0.0222196	-2.26665
2019-10-14.11:15:11	185.635	1933.04	0.0230115	-2.26272
2019-10-14.11:15:12	185.544	1927.79	0.0217947	-1.55471
2019-10-14.11:15:13	185.56	1922.85	0.0224734	-2.6125
2019-10-14.11:15:14	185.753	1916.28	0.0224117	-1.85153
2019-10-14.11:15:15	185.578	1911.85	0.0217674	-2.14056
2019-10-14.11:15:16	185.811	1905.64	0.0225836	-2.42805
2019-10-14.11:15:17	185.746	1900.14	0.0215708	-1.51836
2019-10-14.11:15:18	185.746	1895.22	0.0220714	-2.664
2019-10-14.11:15:19	185.92	1888.69	0.0219723	-1.77277
2019-10-14.11:15:20	185.754	1884.27	0.0215546	-2.30899
2019-10-14.11:15:21	186.003	1877.73	0.0220951	-2.14867
2019-10-14.11:15:22	185.835	1872.86	0.0213176	-1.87969
2019-10-14.11:15:23	186.012	1867.06	0.0219595	-2.63424
2019-10-14.11:15:24	185.97	1861.34	0.0211829	-1.4986
2019-10-14.11:15:25	185.992	1856.29	0.0216451	-2.80182
2019-10-14.11:15:26	186.09	1849.97	0.0212486	-1.53798
2019-10-14.11:15:27	186.005	1845.31	0.0213453	-2.69149
2019-10-14.11:15:28	186.171	1838.75	0.0212377	-1.64286
2019-10-14.11:15:29	186.043	1834.19	0.0211582	-2.64026
2019-10-14.11:15:30	186.229	1827.58	0.0211123	-1.65003
2019-10-14.11:15:31	186.098	1823.01	0.0210541	-2.70498
2019-10-14.11:15:32	186.262	1816.45	0.0208769	-1.51748
2019-10-14.11:15:33	186.186	1811.71	0.0210449	-2.92279
2019-10-14.11:15:34	186.237	1805.49	0.0205371	-1.36877
2019-10-14.11:15:35	186.349	1800.05	0.0210117	-2.6831
2019-10-14.11:15:36	186.161	1794.93	0.0206147	-2.15299
2019-10-14.11:15:37	186.329	1788.75	0.0203668	-1.19546
2019-10-14.11:15:38	186.153	1784.62	0.0208021	-2.81387
2019-10-14.11:15:39	185.751	1780.67	0.0206038	-2.35717
2019-10-14.11:15:40	185.505	1776.16	0.0196752	-0.370685
2019-10-14.11:15:41	185.336	1772	0.018612	1.01598
2019-10-14.11:15:42	185.094	1768.52	0.0183957	1.32479
2019-10-14.11:15:43	184.615	1765.5	0.0183859	1.39395
2019-10-14.11:15:44	183.804	1762.68	0.0180983	1.79614
2019-10-14.11:15:45	182.556	1760.27	0.0182215	1.90857
2019-10-14.11:15:46	180.739	1759.17	0.0197858	-0.442857
[State]	Landing
2019-10-14.11:15:47	178.393	1759.33	0.0197702	-5.06125
2019-10-14.11:15:48	175.839	1759.82	0.0168603	-9.31575
2019-10-14.11:15:49	173.393	1760.01	0.0136697	-11.3758
2019-10-14.11:15:50	171.224	1759.5	0.0146762	-10.2801
2019-10-14.11:15:51	169.412	1758.02	0.0182808	-5.94037
2019-10-14.11:15:52	167.905	1755.53	0.0171716	0.409182
2019-10-14.11:15:53	166.68	1752.4	0.0063314	6.94211
2019-10-14.11:15:54	166.051	1749.71	-3e-05	10.1545
2019-10-14.11:15:55	165.694	1748.56	0.0096626	6.65923
2019-10-14.11:15:56	164.713	1749.14	0.0181512	-1.95484
2019-10-14.11:15:57	162.881	1750.35	0.0151311	-8.97986
2019-10-14.11:15:58	161.172	1750.5	0.0137712	-9.49149
2019-10-14.11:15:59	160.008	1748.81	0.0175042	-3.36898
2019-10-14.11:16:00	159.362	1745.53	-3.41429	5.20448
2019-10-14.11:16:01	159.603	1742.14	-8.10879	10.2753
2019-10-14.11:16:02	160.265	1740.56	-6.43397	7.08175
2019-10-14.11:16:03	160.454	1740.78	-5.63226	-0.941068
2019-10-14.11:16:04	160.004	1741.53	-5.36472	-6.43714
2019-10-14.11:16:05	159.67	1741.37	-4.41573	-5.86935
2019-10-14.11:16:06	159.775	1739.72	-2.88288	-0.631747
2019-10-14.11:16:07	160.131	1737.15	-2.04405	5.64085
2019-10-14.11:16:08	160.745	1734.86	-1.94585	9.33886
2019-10-14.11:16:09	161.488	1733.97	-1.91748	7.36754
2019-10-14.11:16:10	161.758	1734.67	-1.64206	0.768652
2019-10-14.11:16:11	161.342	1736.08	-1.35666	-5.15036
2019-10-14.11:16:12	160.89	1736.89	-1.1058	-6.27882
2019-10-14.11:16:13	160.786	1736.35	-0.710818	-2.48505
2019-10-14.11:16:14	160.924	1734.6	-0.406538	3.5061
2019-10-14.11:16:15	161.254	1732.54	-0.389978	8.56019
2019-10-14.11:16:16	161.858	1731.33	-0.501131	9.3595
2019-10-14.11:16:17	162.29	1731.61	-0.521347	4.53125
2019-10-14.11:16:18	162.049	1733.08	-0.398867	-2.42032
2019-10-14.11:16:19	161.409	1734.61	-0.223529	-6.54746
2019-10-14.11:16:20	160.974	1735.09	-0.0378913	-5.3488
2019-10-14.11:16:21	160.9	1734.15	0.0954207	-0.144228
2019-10-14.11:16:22	161.011	1732.27	0.087786	5.95716
2019-10-14.11:16:23	161.394	1730.53	-0.0340203	9.78088
2019-10-14.11:16:24	161.953	1730	-0.151045	8.2828
2019-10-14.11:16:25	162.123	1730.98	-0.160508	1.82
2019-10-14.11:16:26	161.595	1732.76	-0.047677	-4.6582
2019-10-14.11:16:27	160.952	1734.08	0.120922	-6.69485
2019-10-14.11:16:28	160.666	1734.05	0.244621	-3.46851
2019-10-14.11:16:29	160.682	1732.67	0.253746	2.56598
2019-10-14.11:16:30	160.896	1730.76	0.149309	8.15201
2019-10-14.11:16:31	161.433	1729.52	0.0061297	9.83879
2019-10-14.11:16:32	161.892	1729.77	-0.0800991	5.61618
2019-10-14.11:16:33	161.722	1731.34	-0.0422977	-1.53458
2019-10-14.11:16:34	161.069	1733.11	0.103447	-6.26552
2019-10-14.11:16:35	160.592	1733.87	0.253592	-5.53253
2019-10-14.11:16:36	160.509	1733.14	0.305079	-0.464414
2019-10-14.11:16:37	160.636	1731.39	0.236867	5.69877
2019-10-14.11:16:38	161.039	1729.72	0.0964006	9.64903
2019-10-14.11:16:39	161.628	1729.26	-0.0293964	8.20695
2019-10-14.11:16:40	161.823	1730.34	-0.0562795	1.74688
2019-10-14.11:16:41	161.321	1732.21	0.0443704	-4.63965
2019-10-14.11:16:42	160.719	1733.56	0.206277	-6.45523
2019-10-14.11:16:43	160.488	1733.52	0.306099	-3.02684
2019-10-14.11:16:44	160.549	1732.14	0.285224	3.01743
2019-10-14.11:16:45	160.817	1730.3	0.165719	8.37891
2019-10-14.11:16:46	161.395	1729.23	0.0228687	9.56384
2019-10-14.11:16:47	161.837	1729.67	-0.0560492	4.88633
2019-10-14.11:16:48	161.616	1731.34	-0.0109176	-2.1658
2019-10-14.11:16:49	160.982	1733.08	0.13768	-6.34731
