DateTime	ASI:airspeed	Altimeter:altitude	RC:roll	HI:heading
[State]	Standing
2019-10-14.15:14:53	0.474726	1654.61	-0.0010306	0.0033878
[State]	Taxiing
2019-10-14.15:14:54	0.0689412	1654.76	-0.0289244	0.412253
2019-10-14.15:14:55	0.0699404	1654.78	-0.0402756	-0.160491
2019-10-14.15:14:56	1.91694	1654.79	-0.122459	-0.0426858
2019-10-14.15:14:57	5.38248	1654.79	-0.176301	0.168653
2019-10-14.15:14:58	9.25618	1654.79	-0.194645	0.253885
2019-10-14.15:14:59	13.1673	1654.79	-0.262809	0.302709
2019-10-14.15:15:00	16.9939	1654.79	-0.484648	0.357152
2019-10-14.15:15:01	20.7622	1654.79	-0.868173	0.489229
2019-10-14.15:15:02	24.4689	1654.79	-1.24439	0.579218
2019-10-14.15:15:03	28.1002	1654.8	-1.54609	0.621974
2019-10-14.15:15:04	31.6622	1654.8	-1.73119	0.634807
2019-10-14.15:15:05	35.1147	1654.8	-1.89811	0.672758
2019-10-14.15:15:06	38.4344	1654.8	-2.03865	0.711931
2019-10-14.15:15:07	41.6317	1654.81	-2.12885	0.747545
2019-10-14.15:15:08	44.7303	1654.81	-2.16664	0.786294
2019-10-14.15:15:09	47.7609	1654.81	-2.15836	0.834951
2019-10-14.15:15:10	50.7528	1654.82	-2.09142	0.895318
2019-10-14.15:15:11	53.7294	1654.82	-1.98362	0.957628
2019-10-14.15:15:12	56.7064	1654.83	-1.84817	1.01917
2019-10-14.15:15:13	59.695	1654.83	-1.69166	1.08111
2019-10-14.15:15:14	62.7033	1654.84	-1.51794	1.14419
2019-10-14.15:15:15	65.7368	1654.84	-1.32938	1.20866
2019-10-14.15:15:16	68.8001	1654.85	-1.12776	1.27445
2019-10-14.15:15:17	71.8962	1654.85	-0.914562	1.3414
2019-10-14.15:15:18	75.027	1654.86	-0.691134	1.40927
2019-10-14.15:15:19	78.1935	1654.87	-0.4588	1.4778
2019-10-14.15:15:20	81.3954	1654.88	-0.219215	1.54666
2019-10-14.15:15:21	84.6637	1654.89	-0.143892	1.60733
2019-10-14.15:15:22	88.0032	1654.91	-0.0411294	2.57548
[State]	TakeOff
2019-10-14.15:15:23	90.979	1655.35	0.0365241	10.8424
2019-10-14.15:15:24	91.159	1661.5	0.0331702	12.2971
2019-10-14.15:15:25	90.6832	1669.68	0.054342	11.5305
2019-10-14.15:15:26	90.3334	1676.86	0.0736841	11.1669
2019-10-14.15:15:27	90.1388	1683.3	0.0775406	11.4451
2019-10-14.15:15:28	89.8658	1689.75	0.0674587	11.5291
2019-10-14.15:15:29	89.6216	1696.17	0.0549733	11.4494
2019-10-14.15:15:30	89.4063	1702.4	0.0491011	11.4718
2019-10-14.15:15:31	89.1592	1708.54	0.0516351	11.5263
2019-10-14.15:15:32	88.9215	1714.64	0.0579607	11.5555
2019-10-14.15:15:33	88.7091	1720.67	0.0620585	11.5851
2019-10-14.15:15:34	88.5276	1726.65	0.0614146	11.5982
2019-10-14.15:15:35	88.3634	1732.56	0.0575998	11.6111
2019-10-14.15:15:36	88.2029	1738.42	0.0539429	11.6258
2019-10-14.15:15:37	88.0397	1744.21	0.052648	11.6452
2019-10-14.15:15:38	87.8772	1749.96	0.0536199	11.6656
2019-10-14.15:15:39	87.7228	1755.65	0.0552262	11.684
[State]	Climb
2019-10-14.15:15:40	87.5819	1761.29	0.0558997	11.6981
2019-10-14.15:15:41	87.4582	1766.89	0.0552055	11.7073
2019-10-14.15:15:42	87.3495	1772.43	0.0537714	11.7176
2019-10-14.15:15:43	87.2512	1777.91	0.052565	11.7274
2019-10-14.15:15:44	87.1614	1783.34	0.0521165	11.7373
2019-10-14.15:15:45	87.0805	1788.73	0.0522915	11.7463
2019-10-14.15:15:46	87.0096	1794.08	0.0525823	11.7535
2019-10-14.15:15:47	86.9492	1799.38	0.0525653	11.7586
2019-10-14.15:15:48	86.8981	1804.66	0.0521627	11.762
2019-10-14.15:15:49	86.8543	1809.9	0.0515902	11.7645
2019-10-14.15:15:50	86.8164	1815.12	0.0511218	11.7666
2019-10-14.15:15:51	86.7834	1820.31	0.0508861	11.7683
2019-10-14.15:15:52	86.7553	1825.48	0.0508224	11.7694
2019-10-14.15:15:53	86.7321	1830.63	0.0507776	11.7697
2019-10-14.15:15:54	86.7136	1835.76	0.0506373	11.7692
2019-10-14.15:15:55	86.6993	1840.88	0.0503903	11.7681
2019-10-14.15:15:56	86.6886	1845.98	0.0501054	11.7665
2019-10-14.15:15:57	86.6806	1851.06	0.0498602	11.7646
2019-10-14.15:15:58	86.6752	1856.14	0.0496862	11.7624
2019-10-14.15:15:59	86.6722	1861.2	0.0495606	11.76
2019-10-14.15:16:00	86.6715	1866.26	0.0494379	11.7572
2019-10-14.15:16:01	86.6729	1871.3	0.0492868	11.7541
2019-10-14.15:16:02	86.6762	1876.34	0.049107	11.7507
2019-10-14.15:16:03	86.6811	1881.38	0.0489198	11.7471
2019-10-14.15:16:04	86.6873	1886.4	0.0487472	11.7434
2019-10-14.15:16:05	86.6948	1891.42	0.0485966	11.7395
2019-10-14.15:16:06	86.7033	1896.44	0.0484599	11.7356
2019-10-14.15:16:07	86.7128	1901.45	0.0483223	11.7321
2019-10-14.15:16:08	86.7229	1906.45	0.0481748	11.7294
2019-10-14.15:16:09	86.7329	1911.46	0.0480179	11.7275
2019-10-14.15:16:10	86.7424	1916.47	0.0478587	11.7266
2019-10-14.15:16:11	86.751	1921.47	0.0477036	11.7263
2019-10-14.15:16:12	86.7586	1926.48	0.0475545	11.7265
2019-10-14.15:16:13	86.765	1931.49	0.0474087	11.7267
2019-10-14.15:16:14	86.7705	1936.49	0.047262	11.7264
2019-10-14.15:16:15	86.7755	1941.5	0.0471124	11.7255
2019-10-14.15:16:16	86.7805	1946.51	0.0469607	11.7237
2019-10-14.15:16:17	86.786	1951.51	0.0468093	11.721
2019-10-14.15:16:18	86.7922	1956.51	0.0466602	11.7176
2019-10-14.15:16:19	86.7995	1961.51	0.0465141	11.7139
2019-10-14.15:16:20	86.8078	1966.5	0.0463698	11.7101
2019-10-14.15:16:21	86.8169	1971.48	0.046226	11.7067
2019-10-14.15:16:22	86.8266	1976.47	0.046082	11.7039
2019-10-14.15:16:23	86.8363	1981.45	0.0459376	11.7019
2019-10-14.15:16:24	86.8457	1986.43	0.0457933	11.7008
2019-10-14.15:16:25	86.8544	1991.41	0.0456495	11.7003
2019-10-14.15:16:26	86.862	1996.39	0.0455062	11.7002
2019-10-14.15:16:27	86.8687	2001.37	0.0453629	11.7002
2019-10-14.15:16:28	86.8745	2006.35	0.0452196	11.6999
2019-10-14.15:16:29	86.8798	2011.33	0.0450763	11.699
2019-10-14.15:16:30	86.885	2016.32	0.0449332	11.6973
2019-10-14.15:16:31	86.8905	2021.29	0.0447909	11.6949
2019-10-14.15:16:32	86.8967	2026.27	0.0446496	11.6918
2019-10-14.15:16:33	86.9038	2031.24	0.0445095	11.6883
2019-10-14.15:16:34	86.9118	2036.2	0.0443703	11.6847
2019-10-14.15:16:35	86.9206	2041.17	0.044232	11.6814
2019-10-14.15:16:36	86.9299	2046.12	0.0440943	11.6786
2019-10-14.15:16:37	86.9394	2051.08	0.043957	11.6765
2019-10-14.15:16:38	86.9487	2056.04	0.0438199	11.6751
2019-10-14.15:16:39	86.9573	2060.99	0.0436829	11.6744
2019-10-14.15:16:40	86.9651	2065.95	0.043546	11.6741
2019-10-14.15:16:41	86.972	2070.9	0.043409	11.6739
2019-10-14.15:16:42	86.9781	2075.86	0.043272	11.6735
2019-10-14.15:16:43	86.9837	2080.81	0.0431353	11.6727
2019-10-14.15:16:44	86.9891	2085.77	0.0429989	11.6712
2019-10-14.15:16:45	86.9947	2090.72	0.0428632	11.6689
2019-10-14.15:16:46	87.0008	2095.67	0.0427283	11.6661
2019-10-14.15:16:47	87.0077	2100.62	0.0425944	11.6628
2019-10-14.15:16:48	87.0154	2105.56	0.0424613	11.6594
2019-10-14.15:16:49	87.0239	2110.5	0.0423291	11.6562
2019-10-14.15:16:50	87.033	2115.43	0.0421975	11.6534
2019-10-14.15:16:51	87.0422	2120.36	0.0420664	11.6512
2019-10-14.15:16:52	87.0513	2125.29	0.0419356	11.6497
2019-10-14.15:16:53	87.0599	2130.22	0.0418048	11.6487
2019-10-14.15:16:54	87.0678	2135.15	0.0416741	11.6482
2019-10-14.15:16:55	87.0749	2140.08	0.0415434	11.6479
2019-10-14.15:16:56	87.0812	2145.01	0.0414128	11.6474
2019-10-14.15:16:57	87.0871	2149.94	0.0412823	11.6466
2019-10-14.15:16:58	87.0926	2154.87	0.0411522	11.6452
2019-10-14.15:16:59	87.0983	2159.8	0.0410227	11.6431
2019-10-14.15:17:00	87.1044	2164.72	0.0408939	11.6405
2019-10-14.15:17:01	87.1111	2169.64	0.0407659	11.6375
2019-10-14.15:17:02	87.1187	2174.56	0.0406387	11.6343
2019-10-14.15:17:03	87.1269	2179.47	0.0405123	11.6311
2019-10-14.15:17:04	87.1356	2184.38	0.0403866	11.6283
2019-10-14.15:17:05	87.1446	2189.29	0.0402614	11.626
2019-10-14.15:17:06	87.1536	2194.2	0.0401365	11.6244
2019-10-14.15:17:07	87.1621	2199.1	0.0400117	11.6232
2019-10-14.15:17:08	87.1701	2204.01	0.039887	11.6225
2019-10-14.15:17:09	87.1774	2208.91	0.0397623	11.622
2019-10-14.15:17:10	87.1839	2213.81	0.0396377	11.6215
2019-10-14.15:17:11	87.19	2218.72	0.0395132	11.6206
2019-10-14.15:17:12	87.1957	2223.62	0.039389	11.6193
2019-10-14.15:17:13	87.2015	2228.52	0.0392654	11.6174
2019-10-14.15:17:14	87.2076	2233.42	0.0391423	11.615
2019-10-14.15:17:15	87.2142	2238.32	0.0390201	11.6122
2019-10-14.15:17:16	87.2215	2243.21	0.0388985	11.6092
2019-10-14.15:17:17	87.2295	2248.1	0.0387778	11.6061
2019-10-14.15:17:18	87.238	2252.99	0.0386576	11.6034
2019-10-14.15:17:19	87.2467	2257.87	0.038538	11.601
2019-10-14.15:17:20	87.2555	2262.75	0.0384187	11.5992
2019-10-14.15:17:21	87.264	2267.63	0.0382996	11.5979
2019-10-14.15:17:22	87.272	2272.51	0.0381806	11.597
2019-10-14.15:17:23	87.2794	2277.39	0.0380617	11.5964
2019-10-14.15:17:24	87.2862	2282.27	0.0379428	11.5957
2019-10-14.15:17:25	87.2924	2287.15	0.037824	11.5949
2019-10-14.15:17:26	87.2983	2292.02	0.0377055	11.5936
2019-10-14.15:17:27	87.3042	2296.9	0.0375875	11.5919
2019-10-14.15:17:28	87.3103	2301.78	0.03747	11.5897
2019-10-14.15:17:29	87.3168	2306.65	0.0373532	11.5871
2019-10-14.15:17:30	87.324	2311.51	0.0372371	11.5842
2019-10-14.15:17:31	87.3317	2316.38	0.0371216	11.5813
2019-10-14.15:17:32	87.3399	2321.24	0.0370068	11.5786
2019-10-14.15:17:33	87.3485	2326.1	0.0368926	11.5762
2019-10-14.15:17:34	87.3571	2330.96	0.0367786	11.5743
2019-10-14.15:17:35	87.3655	2335.81	0.0366649	11.5728
2019-10-14.15:17:36	87.3736	2340.66	0.0365514	11.5718
2019-10-14.15:17:37	87.381	2345.52	0.0364379	11.571
2019-10-14.15:17:38	87.388	2350.37	0.0363244	11.5702
2019-10-14.15:17:39	87.3944	2355.23	0.0362111	11.5693
2019-10-14.15:17:40	87.4005	2360.08	0.0360981	11.5681
2019-10-14.15:17:41	87.4064	2364.93	0.0359854	11.5665
2019-10-14.15:17:42	87.4126	2369.78	0.0358732	11.5645
2019-10-14.15:17:43	87.4191	2374.63	0.0357616	11.562
2019-10-14.15:17:44	87.426	2379.47	0.0356507	11.5593
2019-10-14.15:17:45	87.4336	2384.31	0.0355404	11.5565
2019-10-14.15:17:46	87.4416	2389.15	0.0354307	11.5539
2019-10-14.15:17:47	87.4499	2393.98	0.0353215	11.5515
2019-10-14.15:17:48	87.4583	2398.81	0.0352127	11.5495
2019-10-14.15:17:49	87.4667	2403.64	0.0351041	11.5479
2019-10-14.15:17:50	87.4747	2408.47	0.0349957	11.5467
2019-10-14.15:17:51	87.4823	2413.3	0.0348874	11.5457
2019-10-14.15:17:52	87.4893	2418.13	0.0347792	11.5449
2019-10-14.15:17:53	87.4959	2422.96	0.0346711	11.544
2019-10-14.15:17:54	87.5021	2427.79	0.0345632	11.5428
2019-10-14.15:17:55	87.5082	2432.61	0.0344556	11.5413
2019-10-14.15:17:56	87.5144	2437.44	0.0343485	11.5394
2019-10-14.15:17:57	87.5208	2442.26	0.0342419	11.5371
2019-10-14.15:17:58	87.5277	2447.08	0.0341359	11.5345
2019-10-14.15:17:59	87.535	2451.89	0.0340305	11.5319
2019-10-14.15:18:00	87.5428	2456.7	0.0339257	11.5293
2019-10-14.15:18:01	87.5509	2461.51	0.0338213	11.5269
2019-10-14.15:18:02	87.5592	2466.32	0.0337174	11.5248
2019-10-14.15:18:03	87.5675	2471.13	0.0336138	11.5231
2019-10-14.15:18:04	87.5755	2475.93	0.0335103	11.5218
2019-10-14.15:18:05	87.5831	2480.74	0.0334069	11.5207
2019-10-14.15:18:06	87.5902	2485.54	0.0333037	11.5198
2019-10-14.15:18:07	87.597	2490.34	0.0332005	11.5188
2019-10-14.15:18:08	87.6034	2495.15	0.0330976	11.5177
2019-10-14.15:18:09	87.6096	2499.95	0.0329949	11.5162
2019-10-14.15:18:10	87.6158	2504.75	0.0328926	11.5144
2019-10-14.15:18:11	87.6222	2509.54	0.0327908	11.5123
2019-10-14.15:18:12	87.629	2514.34	0.0326895	11.5099
2019-10-14.15:18:13	87.6361	2519.13	0.0325888	11.5073
2019-10-14.15:18:14	87.6437	2523.92	0.0324886	11.5048
2019-10-14.15:18:15	87.6516	2528.7	0.0323889	11.5024
2019-10-14.15:18:16	87.6597	2533.49	0.0322897	11.5003
2019-10-14.15:18:17	87.6679	2538.27	0.0321907	11.4985
2019-10-14.15:18:18	87.6758	2543.05	0.0320919	11.4971
2019-10-14.15:18:19	87.6835	2547.83	0.0319932	11.4959
2019-10-14.15:18:20	87.6907	2552.61	0.0318947	11.4948
2019-10-14.15:18:21	87.6976	2557.38	0.0317963	11.4938
2019-10-14.15:18:22	87.7041	2562.16	0.031698	11.4927
2019-10-14.15:18:23	87.7104	2566.94	0.0316	11.4913
2019-10-14.15:18:24	87.7167	2571.71	0.0315024	11.4896
2019-10-14.15:18:25	87.7242	2576.48	0.0314442	11.4652
2019-10-14.15:18:26	87.8022	2581.16	0.0322525	11.0585
2019-10-14.15:18:27	88.0443	2585.46	0.0328744	10.7587
2019-10-14.15:18:28	88.4147	2589.41	0.0332485	10.4465
2019-10-14.15:18:29	88.9036	2593.06	0.033508	10.1439
2019-10-14.15:18:30	89.4927	2596.45	0.0338907	9.85276
2019-10-14.15:18:31	90.1675	2599.65	0.0345706	9.56892
2019-10-14.15:18:32	90.9159	2602.68	0.035515	9.29175
2019-10-14.15:18:33	91.7297	2605.59	0.0365615	9.01863
2019-10-14.15:18:34	92.6027	2608.4	0.0375518	8.74869
2019-10-14.15:18:35	93.5279	2611.13	0.038431	8.48226
2019-10-14.15:18:36	94.4962	2613.79	0.0392551	8.21735
2019-10-14.15:18:37	95.5057	2616.42	0.0401206	7.95033
2019-10-14.15:18:38	96.5553	2619.01	0.0410469	7.68524
2019-10-14.15:18:39	97.6449	2621.56	0.0419993	7.42018
2019-10-14.15:18:40	98.769	2624.08	0.042917	7.15893
2019-10-14.15:18:41	99.9283	2626.53	0.0437383	6.91892
2019-10-14.15:18:42	101.114	2628.84	0.0444031	6.70365
2019-10-14.15:18:43	102.322	2631.04	0.0450394	6.49785
2019-10-14.15:18:44	103.541	2633.14	0.0457026	6.3119
2019-10-14.15:18:45	104.768	2635.18	0.0464051	6.1255
2019-10-14.15:18:46	106	2637.22	0.0471574	5.92696
2019-10-14.15:18:47	107.235	2639.26	0.047851	5.73541
2019-10-14.15:18:48	108.476	2641.29	0.0484564	5.5432
2019-10-14.15:18:49	109.724	2643.31	0.0489965	5.35429
2019-10-14.15:18:50	110.973	2645.31	0.0495164	5.1707
2019-10-14.15:18:51	112.218	2647.29	0.0500381	4.98958
2019-10-14.15:18:52	113.458	2649.24	0.0505388	4.81433
2019-10-14.15:18:53	114.689	2651.16	0.0509965	4.642
2019-10-14.15:18:54	115.914	2653.04	0.0514069	4.47439
2019-10-14.15:18:55	117.131	2654.89	0.0517874	4.31078
2019-10-14.15:18:56	118.343	2656.69	0.0521513	4.15167
2019-10-14.15:18:57	119.548	2658.45	0.0524985	3.99701
2019-10-14.15:18:58	120.747	2660.16	0.0528212	3.84684
2019-10-14.15:18:59	121.939	2661.82	0.0531161	3.70173
2019-10-14.15:19:00	123.119	2663.43	0.0533872	3.562
2019-10-14.15:19:01	124.285	2665	0.0536411	3.42685
2019-10-14.15:19:02	125.439	2666.52	0.0538774	3.29617
2019-10-14.15:19:03	126.579	2667.99	0.0540934	3.17015
2019-10-14.15:19:04	127.706	2669.41	0.0542895	3.04856
2019-10-14.15:19:05	128.819	2670.79	0.0544687	2.93134
2019-10-14.15:19:06	129.677	2672.53	0.0514356	5.63769
2019-10-14.15:19:07	128.392	2681.26	0.050513	7.33337
2019-10-14.15:19:08	127.374	2691.64	0.0552714	6.50193
2019-10-14.15:19:09	126.365	2701.36	0.0544823	7.5929
2019-10-14.15:19:10	124.989	2712.53	0.0508587	8.23359
2019-10-14.15:19:11	123.382	2724.67	0.0493162	8.64036
2019-10-14.15:19:12	121.779	2736.98	0.0507652	8.52057
2019-10-14.15:19:13	120.387	2748.63	0.0516735	8.22642
2019-10-14.15:19:14	119.305	2759.22	0.0508065	7.71837
2019-10-14.15:19:15	118.487	2768.68	0.0480474	7.98688
2019-10-14.15:19:16	117.515	2778.38	0.0463911	8.29362
2019-10-14.15:19:17	116.477	2788.36	0.0468562	8.43788
2019-10-14.15:19:18	115.475	2798.28	0.0477106	8.41424
2019-10-14.15:19:19	114.601	2807.83	0.0474796	8.22322
2019-10-14.15:19:20	113.868	2816.83	0.0457081	8.37018
2019-10-14.15:19:21	113.088	2825.84	0.0442226	8.49342
2019-10-14.15:19:22	112.328	2834.82	0.0441124	8.47064
2019-10-14.15:19:23	111.631	2843.56	0.0442554	8.57607
2019-10-14.15:19:24	110.937	2852.25	0.0439834	8.61447
2019-10-14.15:19:25	110.272	2860.82	0.043081	8.71215
2019-10-14.15:19:26	109.615	2869.32	0.0422098	8.7646
2019-10-14.15:19:27	108.966	2877.73	0.0416286	8.84642
2019-10-14.15:19:28	108.328	2886.06	0.0413243	8.91366
2019-10-14.15:19:29	107.701	2894.31	0.0409672	8.98325
2019-10-14.15:19:30	107.087	2902.48	0.0404086	9.05278
2019-10-14.15:19:31	106.485	2910.56	0.0397413	9.11918
2019-10-14.15:19:32	105.894	2918.55	0.0391234	9.18666
2019-10-14.15:19:33	105.316	2926.46	0.0386216	9.2519
2019-10-14.15:19:34	104.75	2934.29	0.0381696	9.31688
2019-10-14.15:19:35	104.194	2942.03	0.0376808	9.38116
2019-10-14.15:19:36	103.648	2949.7	0.0371351	9.44061
2019-10-14.15:19:37	103.115	2957.31	0.0366137	9.48795
2019-10-14.15:19:38	102.595	2964.87	0.0361149	9.53829
2019-10-14.15:19:39	102.087	2972.38	0.0356399	9.58642
2019-10-14.15:19:40	101.593	2979.84	0.035168	9.63326
2019-10-14.15:19:41	101.112	2987.24	0.0346854	9.67965
2019-10-14.15:19:42	100.643	2994.59	0.0341993	9.72436
2019-10-14.15:19:43	100.188	3001.89	0.0337194	9.7684
2019-10-14.15:19:44	99.7449	3009.15	0.0332524	9.8117
2019-10-14.15:19:45	99.3142	3016.35	0.0327976	9.85371
2019-10-14.15:19:46	98.8963	3023.5	0.032353	9.89531
2019-10-14.15:19:47	98.4915	3030.57	0.0318659	9.94802
2019-10-14.15:19:48	98.0979	3037.55	0.0313657	9.99787
[State]	Cruise
2019-10-14.15:19:49	97.7161	3044.46	0.0308792	10.0475
2019-10-14.15:19:50	97.3441	3051.28	0.0304203	10.0958
2019-10-14.15:19:51	96.9931	3058	0.030119	10.0701
2019-10-14.15:19:52	96.7119	3064.53	0.0300144	9.94211
2019-10-14.15:19:53	96.5404	3070.74	0.0299725	9.74275
2019-10-14.15:19:54	96.502	3076.55	0.0299097	9.49838
2019-10-14.15:19:55	96.6013	3081.94	0.0298278	9.24309
2019-10-14.15:19:56	96.8236	3086.94	0.0297816	9.01211
2019-10-14.15:19:57	97.1379	3091.65	0.0298113	8.83665
2019-10-14.15:19:58	97.501	3096.18	0.0299043	8.73939
2019-10-14.15:19:59	97.8647	3100.67	0.0300146	8.72346
2019-10-14.15:20:00	98.2742	3105.17	0.0309343	8.31747
2019-10-14.15:20:01	98.8416	3109.28	0.0316492	8.04063
2019-10-14.15:20:02	99.4991	3113.1	0.0320623	7.75412
2019-10-14.15:20:03	100.259	3116.6	0.0322379	7.4968
2019-10-14.15:20:04	101.093	3119.82	0.0325436	7.23261
2019-10-14.15:20:05	101.995	3122.8	0.0330632	7.00213
2019-10-14.15:20:06	102.951	3125.56	0.0337759	6.77164
2019-10-14.15:20:07	103.951	3128.13	0.0344472	6.57195
2019-10-14.15:20:08	104.984	3130.56	0.0350073	6.37295
2019-10-14.15:20:09	106.043	3132.91	0.0355331	6.1702
2019-10-14.15:20:10	107.123	3135.2	0.0360876	5.97407
2019-10-14.15:20:11	108.22	3137.44	0.036682	5.78014
2019-10-14.15:20:12	109.335	3139.63	0.0372689	5.59084
2019-10-14.15:20:13	110.466	3141.77	0.0378098	5.40433
2019-10-14.15:20:14	111.609	3143.86	0.0383001	5.22358
2019-10-14.15:20:15	112.757	3145.91	0.0387672	5.04723
2019-10-14.15:20:16	113.905	3147.91	0.0392291	4.87608
2019-10-14.15:20:17	115.05	3149.87	0.0396797	4.7091
2019-10-14.15:20:18	116.192	3151.78	0.0401022	4.54664
2019-10-14.15:20:19	117.331	3153.65	0.0404907	4.38823
2019-10-14.15:20:20	118.467	3155.47	0.0408529	4.23433
2019-10-14.15:20:21	119.599	3157.24	0.0411993	4.08472
2019-10-14.15:20:22	120.727	3158.95	0.0415318	3.93946
2019-10-14.15:20:23	121.85	3160.62	0.0418457	3.79851
2019-10-14.15:20:24	122.968	3162.24	0.0421369	3.66261
2019-10-14.15:20:25	124.074	3163.81	0.042408	3.53129
2019-10-14.15:20:26	125.168	3165.33	0.0426629	3.40448
2019-10-14.15:20:27	126.251	3166.81	0.0429022	3.28174
2019-10-14.15:20:28	127.323	3168.24	0.0431244	3.16327
2019-10-14.15:20:29	128.382	3169.62	0.0433296	3.04891
2019-10-14.15:20:30	129.428	3170.95	0.0435198	2.93853
2019-10-14.15:20:31	130.462	3172.24	0.0436965	2.83207
2019-10-14.15:20:32	131.483	3173.49	0.04386	2.72943
2019-10-14.15:20:33	132.491	3174.69	0.0440104	2.63048
2019-10-14.15:20:34	133.485	3175.85	0.0441481	2.53513
2019-10-14.15:20:35	134.464	3176.96	0.044274	2.44336
2019-10-14.15:20:36	135.427	3178.04	0.044388	2.35569
2019-10-14.15:20:37	136.37	3179.08	0.0444912	2.27126
2019-10-14.15:20:38	137.295	3180.08	0.0445832	2.19
2019-10-14.15:20:39	138.202	3181.05	0.0446639	2.11197
2019-10-14.15:20:40	139.089	3181.98	0.0447386	2.03659
2019-10-14.15:20:41	139.954	3182.87	0.0448019	1.96461
2019-10-14.15:20:42	140.798	3183.73	0.0448544	1.89537
2019-10-14.15:20:43	141.621	3184.55	0.0448968	1.82908
2019-10-14.15:20:44	142.424	3185.34	0.0449304	1.76564
2019-10-14.15:20:45	143.207	3186.1	0.0449564	1.70481
2019-10-14.15:20:46	144.321	3185.83	0.0465641	-0.962454
2019-10-14.15:20:47	146.627	3179.85	0.0466283	-0.884667
2019-10-14.15:20:48	148.365	3174.83	0.0446618	-0.843324
2019-10-14.15:20:49	150.4	3169.04	0.0455129	-1.98491
2019-10-14.15:20:50	152.583	3161.58	0.046588	-1.4272
2019-10-14.15:20:51	154.25	3155.73	0.045604	-0.743833
2019-10-14.15:20:52	155.768	3150.79	0.0460292	-1.50146
2019-10-14.15:20:53	157.506	3144.47	0.0470807	-1.95929
2019-10-14.15:20:54	159.291	3137.27	0.0467771	-1.83154
2019-10-14.15:20:55	160.81	3130.75	0.0459072	-1.43834
2019-10-14.15:20:56	161.987	3125.54	0.0461448	-0.985078
2019-10-14.15:20:57	163.089	3120.86	0.047151	-1.5324
2019-10-14.15:20:58	164.344	3115.09	0.0471731	-1.87683
2019-10-14.15:20:59	165.695	3108.48	0.0466124	-2.12681
2019-10-14.15:21:00	166.994	3101.6	0.0464256	-1.89904
2019-10-14.15:21:01	168.073	3095.45	0.0465461	-1.60002
2019-10-14.15:21:02	168.902	3090.3	0.0464682	-1.22241
2019-10-14.15:21:03	169.584	3085.95	0.0466401	-1.50431
2019-10-14.15:21:04	170.412	3080.79	0.0468591	-1.8178
2019-10-14.15:21:05	171.346	3074.77	0.0466371	-2.07827
2019-10-14.15:21:06	172.342	3068.11	0.0463614	-2.12497
2019-10-14.15:21:07	173.21	3061.65	0.0462105	-1.892
2019-10-14.15:21:08	173.893	3055.96	0.046164	-1.61506
2019-10-14.15:21:09	174.373	3051.18	0.0460616	-1.29409
2019-10-14.15:21:10	174.768	3046.96	0.0462286	-1.58994
2019-10-14.15:21:11	175.3	3041.94	0.0462972	-1.86777
2019-10-14.15:21:12	175.943	3036.11	0.0460298	-2.11231
2019-10-14.15:21:13	176.665	3029.63	0.0458373	-2.20608
2019-10-14.15:21:14	177.3	3023.23	0.0456427	-1.97547
2019-10-14.15:21:15	177.775	3017.54	0.0455165	-1.73059
2019-10-14.15:21:16	178.08	3012.67	0.0454303	-1.45618
2019-10-14.15:21:17	178.249	3008.55	0.0454574	-1.53886
2019-10-14.15:21:18	178.525	3003.93	0.0455425	-1.80277
2019-10-14.15:21:19	178.919	2998.53	0.0453298	-2.04669
2019-10-14.15:21:20	179.416	2992.41	0.0451257	-2.26323
2019-10-14.15:21:21	179.933	2985.9	0.0449338	-2.10604
2019-10-14.15:21:22	180.308	2979.96	0.0447149	-1.88804
2019-10-14.15:21:23	180.537	2974.75	0.0446349	-1.6447
2019-10-14.15:21:24	180.614	2970.34	0.0445205	-1.39648
2019-10-14.15:21:25	180.668	2966.23	0.0446034	-1.67793
2019-10-14.15:21:26	180.854	2961.36	0.0445519	-1.92032
2019-10-14.15:21:27	181.157	2955.76	0.0443034	-2.15007
2019-10-14.15:21:28	181.56	2949.46	0.044165	-2.30337
2019-10-14.15:21:29	181.916	2943.13	0.0438963	-2.05793
2019-10-14.15:21:30	182.132	2937.49	0.0437185	-1.83177
2019-10-14.15:21:31	182.209	2932.59	0.0436594	-1.59288
2019-10-14.15:21:32	182.155	2928.44	0.0435611	-1.49588
2019-10-14.15:21:33	182.164	2924.16	0.0436228	-1.76782
2019-10-14.15:21:34	182.298	2919.12	0.0434865	-2.00322
2019-10-14.15:21:35	182.55	2913.36	0.0432584	-2.22774
2019-10-14.15:21:36	182.891	2906.95	0.0430942	-2.23521
2019-10-14.15:21:37	183.134	2900.82	0.0428149	-2.01068
2019-10-14.15:21:38	183.243	2895.42	0.0426967	-1.78087
2019-10-14.15:21:39	183.219	2890.76	0.0426223	-1.5451
2019-10-14.15:21:40	183.101	2886.75	0.042572	-1.61541
2019-10-14.15:21:41	183.093	2882.27	0.0425915	-1.84967
2019-10-14.15:21:42	183.21	2877.04	0.0423959	-2.08219
2019-10-14.15:21:43	183.444	2871.09	0.0422068	-2.30487
2019-10-14.15:21:44	183.731	2864.64	0.041993	-2.17255
2019-10-14.15:21:45	183.889	2858.75	0.0417341	-1.95137
2019-10-14.15:21:46	183.916	2853.6	0.0416676	-1.71812
2019-10-14.15:21:47	183.813	2849.2	0.0415551	-1.48437
2019-10-14.15:21:48	183.681	2845.16	0.0415715	-1.70901
2019-10-14.15:21:49	183.683	2840.43	0.0415319	-1.9428
2019-10-14.15:21:50	183.812	2834.95	0.0413032	-2.17556
2019-10-14.15:21:51	184.058	2828.74	0.0411599	-2.36336
2019-10-14.15:21:52	184.276	2822.42	0.0408688	-2.09925
2019-10-14.15:21:53	184.356	2816.83	0.0406847	-1.86649
2019-10-14.15:21:54	184.304	2811.99	0.0406378	-1.62931
[State]	Descent
2019-10-14.15:21:55	184.134	2807.88	0.0405477	-1.56424
2019-10-14.15:21:56	184.043	2803.58	0.0405891	-1.82468
2019-10-14.15:21:57	184.086	2798.51	0.0404452	-2.06386
2019-10-14.15:21:58	184.254	2792.67	0.0402351	-2.29761
2019-10-14.15:21:59	184.502	2786.23	0.0400306	-2.21649
2019-10-14.15:22:00	184.629	2780.28	0.0397589	-1.98411
2019-10-14.15:22:01	184.622	2775.09	0.039686	-1.74301
2019-10-14.15:22:02	184.484	2770.68	0.0395911	-1.5037
2019-10-14.15:22:03	184.321	2766.63	0.0396173	-1.74031
2019-10-14.15:22:04	184.3	2761.85	0.0395735	-1.98285
2019-10-14.15:22:05	184.412	2756.29	0.0393508	-2.22549
2019-10-14.15:22:06	184.643	2749.98	0.039183	-2.33666
2019-10-14.15:22:07	184.806	2743.77	0.0388836	-2.06453
2019-10-14.15:22:08	184.829	2738.35	0.0387502	-1.81783
2019-10-14.15:22:09	184.716	2733.73	0.0386975	-1.57062
2019-10-14.15:22:10	184.526	2729.71	0.0386854	-1.69551
2019-10-14.15:22:11	184.468	2725.1	0.038688	-1.94256
2019-10-14.15:22:12	184.548	2719.68	0.0384851	-2.19336
2019-10-14.15:22:13	184.758	2713.47	0.0383175	-2.39189
2019-10-14.15:22:14	184.937	2707.16	0.0380123	-2.09921
2019-10-14.15:22:15	184.968	2701.65	0.0378506	-1.84523
2019-10-14.15:22:16	184.859	2696.96	0.0378108	-1.59005
2019-10-14.15:22:17	184.662	2692.93	0.0378062	-1.69663
2019-10-14.15:22:18	184.598	2688.33	0.037817	-1.95258
2019-10-14.15:22:19	184.676	2682.89	0.0376188	-2.21202
2019-10-14.15:22:20	184.889	2676.63	0.0374363	-2.38319
2019-10-14.15:22:21	185.051	2670.36	0.0371242	-2.07981
2019-10-14.15:22:22	185.061	2664.94	0.036987	-1.81566
2019-10-14.15:22:23	184.928	2660.38	0.036945	-1.55182
2019-10-14.15:22:24	184.74	2656.32	0.0369859	-1.75713
2019-10-14.15:22:25	184.704	2651.53	0.0369649	-2.02348
2019-10-14.15:22:26	184.43	2646.21	-7.81447	-2.40034
2019-10-14.15:22:27	183.421	2640.77	-16.5302	-2.48215
2019-10-14.15:22:28	182.283	2634.32	-25.1019	-2.52534
2019-10-14.15:22:29	181.168	2627.53	-30.0895	-2.26702
2019-10-14.15:22:30	180.222	2620.51	-30.0919	-2.63582
2019-10-14.15:22:31	179.383	2613.31	-30.0934	-2.46319
2019-10-14.15:22:32	178.485	2606.54	-30.0914	-2.20944
2019-10-14.15:22:33	177.571	2600.09	-30.0916	-2.17067
2019-10-14.15:22:34	176.732	2593.73	-30.0921	-2.23339
2019-10-14.15:22:35	175.976	2587.23	-30.091	-2.2662
2019-10-14.15:22:36	175.307	2580.43	-30.0899	-2.369
2019-10-14.15:22:37	174.764	2573.21	-30.0891	-2.54558
2019-10-14.15:22:38	174.263	2565.77	-30.0893	-2.39333
2019-10-14.15:22:39	173.727	2558.65	-30.0892	-2.29042
2019-10-14.15:22:40	173.186	2551.76	-30.089	-2.23631
2019-10-14.15:22:41	172.667	2544.96	-30.0887	-2.23034
2019-10-14.15:22:42	172.192	2538.13	-30.0882	-2.25764
2019-10-14.15:22:43	171.774	2531.15	-30.0875	-2.31907
2019-10-14.15:22:44	171.428	2523.94	-30.0868	-2.41452
2019-10-14.15:22:45	171.164	2516.41	-30.0858	-2.48496
2019-10-14.15:22:46	170.9	2508.83	-30.086	-2.38938
2019-10-14.15:22:47	170.619	2501.46	-30.0859	-2.33088
2019-10-14.15:22:48	170.334	2494.24	-30.0856	-2.29139
2019-10-14.15:22:49	170.058	2487.08	-30.0853	-2.27777
2019-10-14.15:22:50	169.804	2479.94	-30.0849	-2.28615
2019-10-14.15:22:51	169.581	2472.74	-30.0844	-2.3115
2019-10-14.15:22:52	169.396	2465.44	-29.7995	-2.35043
2019-10-14.15:22:53	169.196	2458.4	-23.6375	-2.28809
2019-10-14.15:22:54	168.797	2453.07	-18.6637	-2.06266
2019-10-14.15:22:55	168.595	2447.9	-15.8954	-2.69053
2019-10-14.15:22:56	168.605	2441.23	-13.2967	-2.93797
2019-10-14.15:22:57	168.595	2434.5	-10.3709	-2.64831
2019-10-14.15:22:58	168.403	2428.96	-8.33045	-2.2019
2019-10-14.15:22:59	168.055	2424.53	-7.18897	-2.37172
2019-10-14.15:23:00	167.92	2419.23	-5.973	-2.79259
2019-10-14.15:23:01	168.052	2412.73	-4.65964	-3.13008
2019-10-14.15:23:02	168.137	2406.09	-3.76212	-2.64843
2019-10-14.15:23:03	167.971	2400.66	-3.21061	-2.20726
2019-10-14.15:23:04	167.65	2396.26	-2.6173	-2.37814
2019-10-14.15:23:05	167.575	2391.08	-2.08665	-2.79481
2019-10-14.15:23:06	167.729	2384.69	-1.74022	-3.15502
2019-10-14.15:23:07	167.85	2377.96	-1.41267	-2.71017
2019-10-14.15:23:08	167.758	2372.32	-1.09131	-2.33859
2019-10-14.15:23:09	167.488	2367.74	-0.887966	-2.19236
2019-10-14.15:23:10	167.329	2363.02	-0.792442	-2.57596
2019-10-14.15:23:11	167.358	2357.31	-0.637837	-2.91488
2019-10-14.15:23:12	167.567	2350.63	-0.466024	-3.07285
2019-10-14.15:23:13	167.683	2344.03	-0.35105	-2.71012
2019-10-14.15:23:14	167.616	2338.37	-0.2989	-2.3895
2019-10-14.15:23:15	167.38	2333.63	-0.237937	-2.12196
2019-10-14.15:23:16	167.183	2329.1	-0.192253	-2.4694
2019-10-14.15:23:17	167.161	2323.73	-0.162476	-2.76264
2019-10-14.15:23:18	167.297	2317.51	-0.117119	-3.05396
2019-10-14.15:23:19	167.522	2310.62	-0.0678043	-2.92839
2019-10-14.15:23:20	167.598	2304.28	-0.0251461	-2.66376
2019-10-14.15:23:21	167.524	2298.73	-0.0223941	-2.39146
2019-10-14.15:23:22	167.308	2293.96	-0.0156971	-2.13744
2019-10-14.15:23:23	167.098	2289.48	-0.009283	-2.41191
2019-10-14.15:23:24	167.042	2284.31	-0.0085792	-2.65976
2019-10-14.15:23:25	167.123	2278.42	0.0094823	-2.90957
2019-10-14.15:23:26	167.332	2271.81	0.0232376	-3.13138
2019-10-14.15:23:27	167.525	2264.97	0.0416284	-2.87633
2019-10-14.15:23:28	167.581	2258.77	0.0548369	-2.64931
2019-10-14.15:23:29	167.509	2253.25	0.0464736	-2.41753
2019-10-14.15:23:30	167.317	2248.39	0.0458461	-2.19172
2019-10-14.15:23:31	167.062	2244.05	0.0504863	-2.20778
2019-10-14.15:23:32	166.859	2239.6	0.0409523	-2.27613
2019-10-14.15:23:33	166.71	2234.92	0.0439832	-2.35853
2019-10-14.15:23:34	166.62	2229.98	0.0537157	-2.44996
2019-10-14.15:23:35	166.572	2224.81	0.0555757	-2.3267
2019-10-14.15:23:36	166.352	2220.31	0.0788516	-1.90165
2019-10-14.15:23:37	165.939	2216.96	0.0793058	-1.5195
2019-10-14.15:23:38	165.358	2214.65	0.0613889	-1.16945
2019-10-14.15:23:39	164.643	2213.27	0.0629475	-0.92382
2019-10-14.15:23:40	163.968	2212.14	0.0545613	-1.1016
2019-10-14.15:23:41	163.428	2210.53	0.0438988	-1.2824
2019-10-14.15:23:42	163.033	2208.32	0.0528786	-1.50062
2019-10-14.15:23:43	162.788	2205.47	0.0611608	-1.58417
2019-10-14.15:23:44	162.448	2202.84	0.0881676	-1.15752
2019-10-14.15:23:45	161.942	2201.22	0.0900754	-0.819533
2019-10-14.15:23:46	161.3	2200.47	0.0665991	-0.521144
2019-10-14.15:23:47	160.556	2200.45	0.0654755	-0.320643
2019-10-14.15:23:48	159.869	2200.57	0.0625298	-0.526024
2019-10-14.15:23:49	159.336	2200.13	0.0520356	-0.739889
2019-10-14.15:23:50	158.965	2199.01	0.0559077	-0.992635
2019-10-14.15:23:51	158.765	2197.15	0.0637294	-1.22423
2019-10-14.15:23:52	158.546	2195.14	0.0899305	-0.825642
2019-10-14.15:23:53	158.167	2194	0.101724	-0.517865
2019-10-14.15:23:54	157.655	2193.65	0.0766891	-0.239509
2019-10-14.15:23:55	157.04	2193.98	0.0669678	-0.0036431
2019-10-14.15:23:56	156.399	2194.72	0.0754732	-0.101224
2019-10-14.15:23:57	155.898	2195.06	0.0618964	-0.298341
2019-10-14.15:23:58	155.547	2194.77	0.0557803	-0.535237
2019-10-14.15:23:59	155.355	2193.79	0.0663364	-0.798579
2019-10-14.15:24:00	155.313	2192.1	0.0737716	-0.858115
[State]	Climb
2019-10-14.15:24:01	155.178	2190.6	0.100243	-0.525373
2019-10-14.15:24:02	154.901	2189.88	0.101385	-0.247861
2019-10-14.15:24:03	154.5	2189.85	0.0782374	0.0056019
2019-10-14.15:24:04	153.999	2190.44	0.075214	0.223417
2019-10-14.15:24:05	153.464	2191.43	0.0835344	0.142126
2019-10-14.15:24:06	152.759	2193.14	7.19048	4.58851
2019-10-14.15:24:07	150.461	2203.63	15.1772	4.33078
2019-10-14.15:24:08	148.817	2213.43	23.6006	7.87281
2019-10-14.15:24:09	147.074	2225.9	30.0313	7.11064
2019-10-14.15:24:10	146.183	2235.81	30.0896	7.44002
2019-10-14.15:24:11	144.951	2247.09	30.0878	8.09427
2019-10-14.15:24:12	143.535	2259.49	30.08	8.13745
2019-10-14.15:24:13	142.298	2271.19	30.0804	7.88348
2019-10-14.15:24:14	141.346	2281.78	30.0801	7.30866
2019-10-14.15:24:15	140.585	2291.43	30.0823	7.61772
2019-10-14.15:24:16	139.67	2301.56	30.0813	7.95938
2019-10-14.15:24:17	138.673	2312.06	30.0823	8.15377
2019-10-14.15:24:18	137.677	2322.65	30.083	8.14277
2019-10-14.15:24:19	136.763	2333.03	30.0817	8.01669
2019-10-14.15:24:20	135.986	2342.9	30.0794	7.82147
2019-10-14.15:24:21	135.333	2352.17	30.0811	7.96912
2019-10-14.15:24:22	134.623	2361.57	30.0812	8.10716
2019-10-14.15:24:23	133.912	2371.06	30.0811	8.12962
2019-10-14.15:24:24	133.257	2380.41	30.0802	8.05639
2019-10-14.15:24:25	132.681	2389.46	30.0808	8.11422
2019-10-14.15:24:26	132.096	2398.51	30.0802	8.18907
2019-10-14.15:24:27	131.531	2407.55	26.0979	8.21231
2019-10-14.15:24:28	130.836	2417.63	18.77	8.67536
2019-10-14.15:24:29	129.753	2429.76	14.3421	8.56267
2019-10-14.15:24:30	128.922	2441.52	12.0312	8.4134
2019-10-14.15:24:31	128.267	2452.34	10.0294	8.19781
2019-10-14.15:24:32	127.812	2462.39	7.47979	7.90785
2019-10-14.15:24:33	127.442	2472.2	5.21317	8.08585
2019-10-14.15:24:34	126.978	2482.33	4.1881	8.26065
2019-10-14.15:24:35	126.491	2492.64	3.86923	8.37224
2019-10-14.15:24:36	125.957	2502.98	3.18798	8.41606
2019-10-14.15:24:37	125.473	2513.25	2.05517	8.36296
2019-10-14.15:24:38	125.073	2523.33	1.27071	8.25702
2019-10-14.15:24:39	124.762	2533.07	1.22366	8.12183
2019-10-14.15:24:40	124.471	2542.6	1.37099	8.31108
2019-10-14.15:24:41	124.101	2552.3	1.08579	8.41043
2019-10-14.15:24:42	123.736	2562.12	0.49202	8.45105
2019-10-14.15:24:43	123.399	2571.93	0.19978	8.43324
2019-10-14.15:24:44	123.106	2581.59	0.379512	8.34866
2019-10-14.15:24:45	122.873	2590.95	0.569518	8.02726
2019-10-14.15:24:46	122.888	2599.44	0.360425	7.4663
2019-10-14.15:24:47	123.217	2606.81	-0.0086849	6.9316
2019-10-14.15:24:48	123.812	2613.13	-0.0779872	6.43836
2019-10-14.15:24:49	124.625	2618.56	0.16136	6.01403
2019-10-14.15:24:50	125.57	2623.28	0.299508	5.71856
2019-10-14.15:24:51	126.586	2627.61	0.126787	5.55973
2019-10-14.15:24:52	127.622	2631.85	-0.0928992	5.53155
2019-10-14.15:24:53	128.598	2636.26	-0.0572946	5.46892
2019-10-14.15:24:54	129.63	2640.5	0.0961028	5.0711
2019-10-14.15:24:55	130.742	2644.26	0.107024	4.89018
2019-10-14.15:24:56	131.874	2647.84	-0.0224092	4.71349
2019-10-14.15:24:57	133.076	2651.16	-0.099973	4.48879
2019-10-14.15:24:58	134.308	2654.25	-0.0238975	4.2841
2019-10-14.15:24:59	135.562	2657.1	0.054719	4.11514
2019-10-14.15:25:00	136.831	2659.76	0.0071141	3.93703
2019-10-14.15:25:01	138.123	2662.23	-0.0783051	3.76633
2019-10-14.15:25:02	139.429	2664.53	-0.0665082	3.61168
2019-10-14.15:25:03	140.726	2666.67	0.0008598	3.46753
2019-10-14.15:25:04	142.013	2668.68	-8.74e-05	3.3295
2019-10-14.15:25:05	143.296	2670.56	-0.0596915	3.19821
2019-10-14.15:25:06	144.575	2672.32	-0.0725946	3.07514
2019-10-14.15:25:07	145.838	2673.97	-0.0302432	2.96005
2019-10-14.15:25:08	147.081	2675.52	-0.0186186	2.85121
2019-10-14.15:25:09	148.309	2676.98	-0.0545269	2.74734
2019-10-14.15:25:10	149.523	2678.36	-0.0693536	2.64906
2019-10-14.15:25:11	150.716	2679.65	-0.0447271	2.55679
2019-10-14.15:25:12	151.885	2680.87	-0.03514	2.46955
2019-10-14.15:25:13	153.033	2682.03	-0.0568408	2.38662
2019-10-14.15:25:14	154.157	2683.12	-0.0665308	2.30803
2019-10-14.15:25:15	155.254	2684.15	-0.0519302	2.23409
2019-10-14.15:25:16	156.322	2685.12	-0.0475312	2.16414
2019-10-14.15:25:17	157.363	2686.05	-0.0612098	2.09752
2019-10-14.15:25:18	158.378	2686.92	-0.06552	2.03432
2019-10-14.15:25:19	159.366	2687.75	-0.0567638	1.9746
2019-10-14.15:25:20	160.326	2688.54	-0.0565366	1.91791
2019-10-14.15:25:21	161.259	2689.28	-0.0650599	1.86394
2019-10-14.15:25:22	162.167	2689.98	-0.0657873	1.81274
2019-10-14.15:25:23	163.048	2690.65	-0.0610995	1.76425
2019-10-14.15:25:24	163.903	2691.29	-0.0631469	1.71812
2019-10-14.15:25:25	164.733	2691.89	-0.0679034	1.67421
2019-10-14.15:25:26	165.539	2692.46	-0.0670315	1.63251
2019-10-14.15:25:27	166.319	2693.01	-0.0653156	1.59291
2019-10-14.15:25:28	167.075	2693.52	-0.0679035	1.55519
2019-10-14.15:25:29	167.808	2694.01	-0.0700152	1.51927
2019-10-14.15:25:30	168.518	2694.48	-0.0690357	1.48513
2019-10-14.15:25:31	169.205	2694.92	-0.0691822	1.45263
2019-10-14.15:25:32	169.87	2695.34	-0.0712257	1.42165
2019-10-14.15:25:33	170.513	2695.74	-0.0718544	1.39215
2019-10-14.15:25:34	171.135	2696.13	-0.0714857	1.36406
2019-10-14.15:25:35	171.737	2696.49	-0.072408	1.33727
2019-10-14.15:25:36	172.318	2696.83	-0.0735955	1.31173
2019-10-14.15:25:37	172.881	2697.16	-0.0737245	1.28738
2019-10-14.15:25:38	173.424	2697.47	-0.0739818	1.26416
2019-10-14.15:25:39	173.948	2697.77	-0.0749148	1.24201
2019-10-14.15:25:40	174.455	2698.06	-0.0754789	1.22088
2019-10-14.15:25:41	174.944	2698.33	-0.0756609	1.20071
2019-10-14.15:25:42	175.416	2698.59	-0.0762093	1.18147
2019-10-14.15:25:43	175.871	2698.83	-0.0768565	1.1631
2019-10-14.15:25:44	176.31	2699.07	-0.0771724	1.14556
2019-10-14.15:25:45	176.733	2699.29	-0.0775135	1.12881
2019-10-14.15:25:46	177.436	2698.19	-0.149678	-1.0275
2019-10-14.15:25:47	178.81	2692.62	-0.117156	0.0341667
2019-10-14.15:25:48	179.96	2688.12	-0.0199484	-1.58959
2019-10-14.15:25:49	181.349	2681.59	-0.096742	-0.170295
2019-10-14.15:25:50	182.46	2676.65	-0.113203	-1.61216
2019-10-14.15:25:51	183.753	2669.98	-0.0680851	-0.330662
2019-10-14.15:25:52	184.709	2665.16	-0.0599011	-1.47953
2019-10-14.15:25:53	185.933	2658.36	-0.129658	-0.569103
2019-10-14.15:25:54	186.735	2653.72	-0.0488563	-1.27724
2019-10-14.15:25:55	187.892	2646.93	-0.115132	-0.845867
2019-10-14.15:25:56	188.587	2642.19	-0.0520994	-1.00801
2019-10-14.15:25:57	189.616	2635.8	-0.134951	-1.21084
2019-10-14.15:25:58	190.29	2630.5	-0.0440428	-0.606592
2019-10-14.15:25:59	191.111	2624.91	-0.117688	-1.61793
2019-10-14.15:26:00	191.848	2618.86	-0.083755	-0.40816
2019-10-14.15:26:01	192.446	2613.96	-0.0823829	-1.59906
2019-10-14.15:26:02	193.22	2607.46	-0.106949	-0.582916
2019-10-14.15:26:03	193.676	2602.88	-0.0719314	-1.46064
2019-10-14.15:26:04	194.427	2596.27	-0.116567	-0.706853
2019-10-14.15:26:05	194.796	2591.75	-0.065519	-1.40998
2019-10-14.15:26:06	195.495	2585.16	-0.120726	-0.721069
2019-10-14.15:26:07	195.812	2580.64	-0.0703896	-1.48936
[State]	Cruise
2019-10-14.15:26:08	196.438	2574.12	-0.110037	-0.569884
2019-10-14.15:26:09	196.754	2569.46	-0.0902955	-1.76862
2019-10-14.15:26:10	197.219	2563.37	-0.0828166	-0.369577
2019-10-14.15:26:11	197.697	2557.84	-0.123246	-1.35513
2019-10-14.15:26:12	197.895	2553	-0.0726649	-1.64483
2019-10-14.15:26:13	198.316	2546.87	-0.0786979	-0.14679
2019-10-14.15:26:14	198.747	2541.13	-0.11295	0.0865562
2019-10-14.15:26:15	198.999	2536.25	-0.13209	-0.47629
2019-10-14.15:26:16	199.127	2531.77	-0.146197	-0.869775
2019-10-14.15:26:17	199.063	2527.34	-0.16292	0.090714
2019-10-14.15:26:18	198.351	2522.7	-0.161451	4.46632
2019-10-14.15:26:19	196.432	2518.78	-0.0921575	10.5562
2019-10-14.15:26:20	194.054	2516.76	-0.0071079	12.3487
2019-10-14.15:26:21	191.81	2515.27	0.0057849	12.6334
2019-10-14.15:26:22	189.778	2513.83	0.0258392	12.5191
2019-10-14.15:26:23	187.947	2512.36	0.0550139	12.1438
2019-10-14.15:26:24	186.29	2510.89	0.0502326	11.3856
2019-10-14.15:26:25	184.785	2509.5	0.0360954	10.0071
2019-10-14.15:26:26	183.387	2508.26	0.0400664	7.79692
2019-10-14.15:26:27	182.03	2507.26	0.0506427	4.67031
2019-10-14.15:26:28	180.635	2506.53	0.0699054	0.829598
2019-10-14.15:26:29	179.114	2506.06	0.121898	-3.28621
2019-10-14.15:26:30	177.509	2505.76	0.20996	-7.05382
2019-10-14.15:26:31	175.942	2505.44	0.316198	-9.66573
2019-10-14.15:26:32	174.502	2504.87	0.427951	-10.5004
2019-10-14.15:26:33	173.227	2503.89	0.523454	-9.24875
2019-10-14.15:26:34	172.155	2502.38	0.571056	-5.9419
2019-10-14.15:26:35	171.268	2500.27	0.555969	-1.14309
2019-10-14.15:26:36	170.479	2497.67	0.478968	4.26651
2019-10-14.15:26:37	169.845	2494.96	0.355009	9.29936
2019-10-14.15:26:38	169.557	2492.69	0.217907	11.9255
2019-10-14.15:26:39	169.422	2491.37	0.107221	10.3955
2019-10-14.15:26:40	169.092	2491.2	0.0677367	4.51675
2019-10-14.15:26:41	168.206	2491.95	0.126689	-2.8658
2019-10-14.15:26:42	166.94	2492.88	0.272143	-8.19641
2019-10-14.15:26:43	165.83	2493.14	0.433492	-9.08538
2019-10-14.15:26:44	165.052	2492.26	0.521807	-5.45246
2019-10-14.15:26:45	164.568	2490.23	0.493171	1.07981
2019-10-14.15:26:46	164.239	2487.54	0.364045	7.78677
2019-10-14.15:26:47	164.288	2485.25	0.194793	11.5685
2019-10-14.15:26:48	164.516	2484.35	0.0627453	9.38516
2019-10-14.15:26:49	164.334	2485.07	0.0429387	1.74158
2019-10-14.15:26:50	163.379	2486.66	0.160782	-5.76013
2019-10-14.15:26:51	162.364	2487.74	0.342999	-8.1803
2019-10-14.15:26:52	161.762	2487.37	0.450249	-4.61437
2019-10-14.15:26:53	161.536	2485.52	0.413654	2.3413
2019-10-14.15:26:54	161.542	2483.08	0.26508	8.78966
2019-10-14.15:26:55	161.963	2481.48	0.0930811	10.6674
2019-10-14.15:26:56	162.288	2481.65	-0.0018972	5.56729
2019-10-14.15:26:57	161.873	2483.29	0.0500647	-2.53099
2019-10-14.15:26:58	161.005	2484.98	0.218478	-7.02423
2019-10-14.15:26:59	160.46	2485.3	0.358492	-4.99156
2019-10-14.15:27:00	160.355	2483.95	0.360015	1.35798
2019-10-14.15:27:01	160.496	2481.75	0.233413	7.82417
2019-10-14.15:27:02	161.029	2480.25	0.0658994	10.0662
2019-10-14.15:27:03	161.489	2480.51	-0.0325526	5.33968
2019-10-14.15:27:04	161.201	2482.27	0.0163285	-2.40713
2019-10-14.15:27:05	160.477	2484.02	0.181101	-6.45011
2019-10-14.15:27:06	160.088	2484.34	0.312476	-4.01592
2019-10-14.15:27:07	160.11	2482.99	0.305217	2.3012
2019-10-14.15:27:08	160.39	2480.97	0.175898	8.23333
2019-10-14.15:27:09	161.024	2479.84	0.0183255	9.34572
2019-10-14.15:27:10	161.447	2480.5	-0.0557906	3.75995
2019-10-14.15:27:11	161.081	2482.42	0.0187872	-3.47684
2019-10-14.15:27:12	160.449	2484	0.186956	-6.15727
2019-10-14.15:27:13	160.213	2484.02	0.295188	-2.70423
2019-10-14.15:27:14	160.32	2482.5	0.263852	3.69658
2019-10-14.15:27:15	160.698	2480.62	0.1259	8.86317
2019-10-14.15:27:16	161.359	2479.87	-0.0189084	8.53796
2019-10-14.15:27:17	161.653	2480.89	-0.0635955	2.15809
2019-10-14.15:27:18	161.173	2482.86	0.0373914	-4.476
2019-10-14.15:27:19	160.592	2484.2	0.205688	-5.89371
2019-10-14.15:27:20	160.436	2483.9	0.291955	-1.63303
2019-10-14.15:27:21	160.569	2482.24	0.240172	4.78987
2019-10-14.15:27:22	160.989	2480.46	0.0962713	9.29664
2019-10-14.15:27:23	161.623	2479.97	-0.0379565	7.90379
2019-10-14.15:27:24	161.788	2481.2	-0.0610055	1.0664
2019-10-14.15:27:25	161.222	2483.18	0.057895	-5.10928
2019-10-14.15:27:26	160.784	2483.2	-7.8758	-8.32739
2019-10-14.15:27:27	160.502	2478.25	-16.6025	-3.3966
2019-10-14.15:27:28	160.274	2470.29	-25.2556	3.54858
2019-10-14.15:27:29	160.656	2462.45	-30.1473	4.30865
2019-10-14.15:27:30	160.561	2457.15	-30.0399	-3.06731
2019-10-14.15:27:31	159.498	2452.15	-30.0678	-6.88627
2019-10-14.15:27:32	158.988	2444.67	-30.1037	-2.46986
2019-10-14.15:27:33	159.411	2435.92	-30.104	1.74909
2019-10-14.15:27:34	160.071	2429.29	-30.0778	-1.58741
2019-10-14.15:27:35	159.714	2423.96	-30.0736	-4.7184
2019-10-14.15:27:36	159.723	2416.34	-30.0927	-1.25314
2019-10-14.15:27:37	160.504	2408.35	-30.0905	-0.459407
2019-10-14.15:27:38	160.527	2402.83	-30.0716	-3.6946
2019-10-14.15:27:39	160.593	2395.39	-30.0892	-1.19694
2019-10-14.15:27:40	161.213	2388.13	-30.078	-2.07699
2019-10-14.15:27:41	161.069	2382.02	-30.0837	-1.96809
2019-10-14.15:27:42	161.626	2374.41	-30.0781	-2.18899
2019-10-14.15:27:43	161.609	2367.73	-30.0847	-1.3307
2019-10-14.15:27:44	161.754	2361.75	-30.0793	-2.28933
2019-10-14.15:27:45	162.219	2353.79	-30.0773	-2.2435
2019-10-14.15:27:46	162.399	2346.47	-30.0805	-1.7606
2019-10-14.15:27:47	162.325	2340.6	-30.0818	-1.55498
2019-10-14.15:27:48	162.37	2334.72	-30.0785	-1.90291
2019-10-14.15:27:49	162.587	2327.86	-30.0767	-2.23634
2019-10-14.15:27:50	162.955	2320.17	-26.1964	-2.54278
2019-10-14.15:27:51	163.308	2312.87	-20.3771	-2.41079
2019-10-14.15:27:52	163.299	2307.51	-16.41	-2.06544
2019-10-14.15:27:53	163.489	2302.05	-14.1039	-2.71731
2019-10-14.15:27:54	163.891	2295.01	-11.4115	-2.83868
2019-10-14.15:27:55	164.162	2288.46	-8.73353	-2.44245
2019-10-14.15:27:56	164.135	2283.43	-7.18901	-2.05432
2019-10-14.15:27:57	164.192	2278.52	-6.31562	-2.62484
2019-10-14.15:27:58	164.486	2272.23	-5.05992	-3.10772
2019-10-14.15:27:59	164.881	2265.24	-3.80517	-2.75373
2019-10-14.15:28:00	165.01	2259.35	-3.17666	-2.29726
2019-10-14.15:28:01	164.896	2254.7	-2.77602	-2.23754
2019-10-14.15:28:02	164.95	2249.66	-2.21872	-2.70693
2019-10-14.15:28:03	165.256	2243.37	-1.70004	-3.10379
2019-10-14.15:28:04	165.48	2236.92	-1.38056	-2.35682
2019-10-14.15:28:05	165.302	2232.36	-1.13955	-1.67977
2019-10-14.15:28:06	164.918	2229.28	-0.924135	-1.85549
2019-10-14.15:28:07	164.737	2225.54	-0.770986	-2.17456
2019-10-14.15:28:08	164.722	2220.91	-0.612054	-2.14188
2019-10-14.15:28:09	164.492	2216.96	-0.419198	-1.5359
2019-10-14.15:28:10	163.99	2214.6	-0.327731	-0.999327
2019-10-14.15:28:11	163.347	2213.36	-0.318966	-1.15529
2019-10-14.15:28:12	162.9	2211.49	-0.278759	-1.45902
2019-10-14.15:28:13	162.664	2208.68	-0.171182	-1.78187
2019-10-14.15:28:14	162.43	2205.61	-0.0824736	-1.25607
2019-10-14.15:28:15	161.955	2203.77	-0.061575	-0.811942
[State]	Descent
2019-10-14.15:28:16	161.279	2203.13	-0.0664925	-0.415573
2019-10-14.15:28:17	160.598	2202.99	-0.0555709	-0.711305
2019-10-14.15:28:18	160.123	2202.09	-0.0356991	-1.00987
2019-10-14.15:28:19	159.854	2200.28	-0.0094157	-1.34443
2019-10-14.15:28:20	159.656	2197.94	0.0264745	-0.979468
2019-10-14.15:28:21	159.259	2196.54	0.0621996	-0.608352
2019-10-14.15:28:22	158.698	2196.12	0.0467733	-0.264557
2019-10-14.15:28:23	158.009	2196.54	0.0323636	-0.144839
2019-10-14.15:28:24	157.431	2196.86	0.026367	-0.413717
2019-10-14.15:28:25	157.032	2196.43	0.0387332	-0.693192
2019-10-14.15:28:26	156.822	2195.18	0.0511187	-1.00164
2019-10-14.15:28:27	156.726	2193.27	0.0621498	-0.807454
2019-10-14.15:28:28	156.468	2192	0.0952185	-0.483356
2019-10-14.15:28:29	156.062	2191.57	0.0876778	-0.180677
2019-10-14.15:28:30	155.53	2191.91	0.0641148	0.0878596
2019-10-14.15:28:31	154.934	2192.78	0.0644114	0.0334898
2019-10-14.15:28:32	154.476	2193.3	0.0584866	-0.188277
2019-10-14.15:28:33	154.177	2193.15	0.0584848	-0.44364
2019-10-14.15:28:34	154.042	2192.27	0.064824	-0.721064
2019-10-14.15:28:35	154.054	2190.66	0.0702046	-0.757292
2019-10-14.15:28:36	153.964	2189.29	0.10202	-0.43582
2019-10-14.15:28:37	153.732	2188.68	0.104465	-0.158698
2019-10-14.15:28:38	153.371	2188.77	0.0780704	0.0979664
2019-10-14.15:28:39	152.904	2189.49	0.0743312	0.321959
2019-10-14.15:28:40	152.418	2190.54	0.0819545	0.17935
2019-10-14.15:28:41	152.07	2191.15	0.0647804	-0.0267719
2019-10-14.15:28:42	151.863	2191.14	0.059772	-0.262764
2019-10-14.15:28:43	151.803	2190.47	0.0735737	-0.514957
2019-10-14.15:28:44	151.885	2189.14	0.0790488	-0.724616
2019-10-14.15:28:45	151.944	2187.66	0.0946998	-0.409802
2019-10-14.15:28:46	151.857	2186.86	0.107607	-0.153739
2019-10-14.15:28:47	151.639	2186.73	0.0922154	0.0954068
2019-10-14.15:28:48	151.305	2187.21	0.0798288	0.324792
2019-10-14.15:28:49	150.882	2188.23	0.0886661	0.466914
2019-10-14.15:28:50	150.513	2189.29	0.0777718	0.24076
2019-10-14.15:28:51	150.279	2189.79	0.0598979	0.0284748
2019-10-14.15:28:52	150.18	2189.7	0.0689904	-0.203479
2019-10-14.15:28:53	150.217	2189	0.0841733	-0.443255
2019-10-14.15:28:54	150.378	2187.67	0.0795755	-0.61084
2019-10-14.15:28:55	150.491	2186.29	0.0932462	-0.316833
2019-10-14.15:28:56	150.463	2185.55	0.110642	-0.072535
2019-10-14.15:28:57	150.307	2185.45	0.0976506	0.169013
2019-10-14.15:28:58	150.033	2185.95	0.0816573	0.396189
2019-10-14.15:28:59	149.663	2186.99	0.0886351	0.571306
2019-10-14.15:29:00	149.329	2188.14	0.0824337	0.344584
2019-10-14.15:29:01	149.131	2188.77	0.0629151	0.132451
2019-10-14.15:29:02	149.064	2188.8	0.0684449	-0.0969262
2019-10-14.15:29:03	149.128	2188.23	0.085044	-0.331591
2019-10-14.15:29:04	149.313	2187.07	0.0833236	-0.5531
2019-10-14.15:29:05	149.5	2185.64	0.0886809	-0.310001
2019-10-14.15:29:06	149.797	2184.52	7.14436	-0.866377
2019-10-14.15:29:07	151.368	2179.56	15.1072	-1.74611
2019-10-14.15:29:08	153.175	2172.66	22.9424	0.0883126
2019-10-14.15:29:09	155.178	2166.51	30.0977	0.0108656
2019-10-14.15:29:10	157.796	2158.48	30.0564	-1.05031
2019-10-14.15:29:11	160.438	2149.58	30.0595	-0.536592
2019-10-14.15:29:12	162.544	2142.32	30.0585	0.332305
2019-10-14.15:29:13	164.431	2136	30.0572	-0.289132
2019-10-14.15:29:14	166.476	2128.66	30.0579	-0.730762
2019-10-14.15:29:15	168.545	2120.68	30.0561	-0.824459
2019-10-14.15:29:16	170.498	2112.53	30.0553	-0.723778
2019-10-14.15:29:17	172.272	2104.76	30.0568	-0.564374
2019-10-14.15:29:18	173.817	2097.8	30.0582	-0.247099
2019-10-14.15:29:19	175.096	2091.92	30.0577	-0.229375
2019-10-14.15:29:20	176.418	2085.76	30.0569	-0.504755
2019-10-14.15:29:21	177.781	2078.99	30.0562	-0.660234
2019-10-14.15:29:22	179.12	2071.93	30.0556	-0.691658
2019-10-14.15:29:23	180.381	2064.89	30.0557	-0.639379
2019-10-14.15:29:24	181.523	2058.17	30.0561	-0.501337
2019-10-14.15:29:25	182.504	2052.04	30.0567	-0.273813
2019-10-14.15:29:26	183.348	2046.54	30.0563	-0.377579
2019-10-14.15:29:27	184.252	2040.65	30.0556	-0.552751
2019-10-14.15:29:28	185.183	2034.32	30.0549	-0.648618
2019-10-14.15:29:29	186.102	2027.78	30.0545	-0.683828
2019-10-14.15:29:30	186.977	2021.22	30.0545	-0.663865
2019-10-14.15:29:31	187.781	2014.85	30.0545	-0.579471
2019-10-14.15:29:32	188.464	2009.07	24.8876	-0.405608
2019-10-14.15:29:33	189.204	2003.87	20.7091	-1.04192
2019-10-14.15:29:34	190.056	1997.77	17.6539	-1.06689
2019-10-14.15:29:35	190.821	1991.67	14.7661	-0.957127
2019-10-14.15:29:36	191.477	1986.32	12.1778	-0.703049
2019-10-14.15:29:37	192.035	1981.57	10.4093	-0.989899
2019-10-14.15:29:38	192.711	1975.92	8.82939	-1.25276
2019-10-14.15:29:39	193.492	1969.5	7.37795	-1.45603
2019-10-14.15:29:40	194.323	1962.58	6.27706	-1.54569
2019-10-14.15:29:41	195.084	1955.66	5.31604	-1.39089
2019-10-14.15:29:42	195.721	1949.3	4.42643	-1.20623
2019-10-14.15:29:43	196.218	1943.66	3.73399	-0.976673
2019-10-14.15:29:44	196.549	1938.87	3.16147	-0.796052
2019-10-14.15:29:45	196.903	1934.06	2.63699	-1.13491
2019-10-14.15:29:46	197.389	1928.31	2.23584	-1.39912
2019-10-14.15:29:47	197.987	1921.69	1.91285	-1.62852
2019-10-14.15:29:48	198.568	1914.84	1.59621	-1.36198
2019-10-14.15:29:49	198.974	1908.87	1.33851	-1.08647
2019-10-14.15:29:50	199.202	1903.89	1.11982	-0.80183
2019-10-14.15:29:51	199.402	1899.2	0.917244	-1.16637
2019-10-14.15:29:52	199.764	1893.41	0.765453	-1.48283
2019-10-14.15:29:53	200.269	1886.59	0.65519	-1.54604
2019-10-14.15:29:54	200.65	1880.18	0.552054	-1.18797
2019-10-14.15:29:55	200.82	1874.99	0.441321	-0.830394
2019-10-14.15:29:56	200.929	1870.32	0.340805	-1.22442
2019-10-14.15:29:57	201.246	1864.33	0.273507	-1.61998
2019-10-14.15:29:58	201.665	1857.44	0.248551	-1.34289
2019-10-14.15:29:59	201.842	1851.84	0.203547	-0.900012
2019-10-14.15:30:00	201.883	1847.22	0.11347	-1.2495
2019-10-14.15:30:01	202.174	1841.09	0.0747841	-1.73913
2019-10-14.15:30:02	202.494	1834.42	0.112664	-1.14839
2019-10-14.15:30:03	202.501	1829.59	0.0611767	-1.04249
2019-10-14.15:30:04	202.692	1823.97	-0.0410414	-1.72483
2019-10-14.15:30:05	202.993	1817.25	0.0427615	-1.08885
2019-10-14.15:30:06	202.965	1812.54	0.0241137	-1.27926
2019-10-14.15:30:07	203.263	1806.13	-0.117162	-1.55247
2019-10-14.15:30:08	203.311	1800.56	0.0409682	-0.828743
2019-10-14.15:30:09	203.496	1794.92	-0.0775866	-1.78598
2019-10-14.15:30:10	203.506	1789.43	-0.0510319	-0.648224
2019-10-14.15:30:11	203.637	1784.21	-0.0582776	-1.15121
2019-10-14.15:30:12	203.405	1780.4	-0.0471295	-1.17578
2019-10-14.15:30:13	203.382	1775.63	-0.0768821	0.200577
2019-10-14.15:30:14	203.272	1771.91	-0.0878958	-0.249782
2019-10-14.15:30:15	202.987	1769.03	-0.112116	-1.27039
2019-10-14.15:30:16	202.636	1766.31	-0.118408	-2.11544
2019-10-14.15:30:17	202.27	1763.46	-0.131461	-2.13946
2019-10-14.15:30:18	201.518	1760.03	-0.172309	1.52728
2019-10-14.15:30:19	199.446	1756.9	-0.122566	9.43617
2019-10-14.15:30:20	196.551	1756.1	-0.0102013	12.3899
2019-10-14.15:30:21	193.8	1755.89	0.0234948	12.9478
2019-10-14.15:30:22	191.329	1755.61	0.0689606	12.9117
2019-10-14.15:30:23	189.119	1755.13	0.121379	12.7839
2019-10-14.15:30:24	187.142	1754.44	0.129427	12.678
[State]	Landing
2019-10-14.15:30:25	185.379	1753.58	0.122923	12.5293
2019-10-14.15:30:26	183.807	1752.63	0.122572	12.1631
2019-10-14.15:30:27	182.396	1751.66	0.108387	11.3358
2019-10-14.15:30:28	181.114	1750.77	0.0852535	9.77507
2019-10-14.15:30:29	179.916	1750.04	0.0759106	7.27792
2019-10-14.15:30:30	178.732	1749.55	0.0840363	3.85973
2019-10-14.15:30:31	177.464	1749.32	0.109229	-0.15148
2019-10-14.15:30:32	176.062	1749.31	0.163859	-4.23644
2019-10-14.15:30:33	174.602	1749.39	0.253018	-7.68872
2019-10-14.15:30:34	173.211	1749.35	0.359107	-9.741
2019-10-14.15:30:35	171.951	1748.99	0.460968	-9.90484
2019-10-14.15:30:36	170.875	1748.17	0.535574	-8.0217
2019-10-14.15:30:37	169.991	1746.79	0.560612	-4.27374
2019-10-14.15:30:38	169.265	1744.85	0.52646	0.598932
2019-10-14.15:30:39	168.621	1742.51	0.435814	5.79192
2019-10-14.15:30:40	168.175	1740.18	0.309972	10.1167
2019-10-14.15:30:41	168.041	1738.4	0.181588	11.7275
2019-10-14.15:30:42	167.965	1737.56	0.0871611	9.30708
2019-10-14.15:30:43	167.65	1737.76	0.0644573	3.23086
2019-10-14.15:30:44	166.792	1738.72	0.132722	-3.62419
2019-10-14.15:30:45	165.659	1739.74	0.275017	-8.23077
2019-10-14.15:30:46	164.692	1740.07	0.423719	-8.69425
2019-10-14.15:30:47	164.035	1739.36	0.502361	-5.10312
2019-10-14.15:30:48	163.645	1737.6	0.475726	1.04995
2019-10-14.15:30:49	163.394	1735.22	0.358729	7.34585
2019-10-14.15:30:50	163.468	1733.14	0.2006	11.149
2019-10-14.15:30:51	163.753	1732.25	0.0680182	9.82212
2019-10-14.15:30:52	163.75	1732.82	0.0282118	3.25914
2019-10-14.15:30:53	163.05	1734.35	0.111771	-4.15776
2019-10-14.15:30:54	162.115	1735.72	0.275598	-7.88647
2019-10-14.15:30:55	161.481	1735.96	0.407631	-6.17067
2019-10-14.15:30:56	161.238	1734.81	0.424233	-0.454185
2019-10-14.15:30:57	161.198	1732.74	0.325826	6.08655
2019-10-14.15:30:58	161.461	1730.8	0.16721	10.2863
2019-10-14.15:30:59	161.953	1730.12	0.0304858	9.03268
2019-10-14.15:31:00	162.098	1730.99	-0.0059949	2.40836
2019-10-14.15:31:01	161.52	1732.78	0.0875652	-4.52604
2019-10-14.15:31:02	160.798	1734.16	0.25097	-7.03469
2019-10-14.15:31:03	160.44	1734.2	0.358423	-4.03271
2019-10-14.15:31:04	160.426	1732.83	0.342118	2.08521
2019-10-14.15:31:05	160.614	1730.86	0.221056	7.92288
2019-10-14.15:31:06	161.141	1729.51	0.0680412	9.98549
2019-10-14.15:31:07	161.63	1729.66	-0.0295288	6.03124
2019-10-14.15:31:08	161.511	1731.19	-0.0045762	-1.18266
2019-10-14.15:31:09	160.871	1733	0.134599	-6.15408
2019-10-14.15:31:10	160.392	1733.82	0.282679	-5.63143
2019-10-14.15:31:11	160.316	1733.14	0.329328	-0.646607
2019-10-14.15:31:12	160.459	1731.41	0.255961	5.52903
2019-10-14.15:31:13	160.875	1729.73	0.112335	9.55864
2019-10-14.15:31:14	161.485	1729.25	-0.0159447	8.22382
2019-10-14.15:31:15	161.707	1730.32	-0.0463259	1.8295
2019-10-14.15:31:16	161.233	1732.19	0.0507308	-4.55097
2019-10-14.15:31:17	160.65	1733.55	0.210797	-6.40651
2019-10-14.15:31:18	160.434	1733.54	0.309704	-3.03053
2019-10-14.15:31:19	160.509	1732.18	0.287909	2.96821
2019-10-14.15:31:20	160.788	1730.36	0.168089	8.30877
2019-10-14.15:31:21	161.373	1729.28	0.0251887	9.52807
2019-10-14.15:31:22	161.827	1729.71	-0.0547358	4.93267
2019-10-14.15:31:23	161.625	1731.37	-0.0121095	-2.07553
2019-10-14.15:31:24	161.002	1733.11	0.13467	-6.30922
2019-10-14.15:31:25	160.588	1733.77	0.275596	-5.11578
2019-10-14.15:31:26	160.549	1732.96	0.311098	0.108736
2019-10-14.15:31:27	160.705	1731.21	0.231175	6.1379
2019-10-14.15:31:28	161.143	1729.64	0.089159	9.69853
2019-10-14.15:31:29	161.723	1729.32	-0.0308168	7.80551
2019-10-14.15:31:30	161.871	1730.48	-0.0495896	1.23323
2019-10-14.15:31:31	161.346	1732.35	0.0563741	-4.91922
2019-10-14.15:31:32	160.761	1733.64	0.217407	-6.39971
2019-10-14.15:31:33	160.548	1733.53	0.311421	-2.78807
