DateTime	ASI:airspeed	Altimeter:altitude	RC:roll	HI:heading
[State]	Standing
2019-10-14.10:44:31	0.474726	1654.61	-0.0010306	0.0033878
[State]	Taxiing
2019-10-14.10:44:32	0.0731498	1654.75	-0.0268963	0.453951
2019-10-14.10:44:33	0.0572793	1654.78	-0.0383173	-0.11395
2019-10-14.10:44:34	1.63126	1654.79	-0.105679	-0.0721873
2019-10-14.10:44:35	5.00611	1654.79	-0.171809	0.152836
2019-10-14.10:44:36	8.86449	1654.79	-0.190993	0.247557
2019-10-14.10:44:37	12.7787	1654.79	-0.247276	0.296688
2019-10-14.10:44:38	16.614	1654.79	-0.44451	0.341623
2019-10-14.10:44:39	20.3879	1654.79	-0.829593	0.478771
2019-10-14.10:44:40	24.1016	1654.79	-1.2087	0.572093
2019-10-14.10:44:41	27.7403	1654.8	-1.52069	0.619471
2019-10-14.10:44:42	31.3096	1654.8	-1.71928	0.635074
2019-10-14.10:44:43	34.7754	1654.8	-1.88278	0.669183
2019-10-14.10:44:44	38.1083	1654.8	-2.02663	0.708235
2019-10-14.10:44:45	41.3168	1654.81	-2.12244	0.744098
2019-10-14.10:44:46	44.4241	1654.81	-2.16479	0.781836
2019-10-14.10:44:47	47.46	1654.81	-2.1614	0.829863
2019-10-14.10:44:48	50.4546	1654.82	-2.1002	0.889032
2019-10-14.10:44:49	53.4319	1654.82	-1.99578	0.951455
2019-10-14.10:44:50	56.4083	1654.83	-1.86274	1.01302
2019-10-14.10:44:51	59.3954	1654.83	-1.70814	1.07487
2019-10-14.10:44:52	62.4014	1654.84	-1.53601	1.13781
2019-10-14.10:44:53	65.4322	1654.84	-1.34885	1.20215
2019-10-14.10:44:54	68.4923	1654.85	-1.14847	1.26782
2019-10-14.10:44:55	71.585	1654.85	-0.936364	1.33466
2019-10-14.10:44:56	74.7123	1654.86	-0.7139	1.40245
2019-10-14.10:44:57	77.8752	1654.87	-0.482395	1.47092
2019-10-14.10:44:58	81.0736	1654.88	-0.24324	1.53978
2019-10-14.10:44:59	84.3327	1654.89	-0.150259	1.6004
2019-10-14.10:45:00	87.6683	1654.9	-0.0524857	2.36967
2019-10-14.10:45:01	90.7772	1655.18	0.0481568	9.85631
[State]	TakeOff
2019-10-14.10:45:02	91.0846	1660.73	4.28139	12.4797
2019-10-14.10:45:03	90.2022	1669.07	10.3757	11.5311
2019-10-14.10:45:04	89.3623	1675.76	17.0638	11.8879
2019-10-14.10:45:05	88.5301	1681.1	24.7095	12.8117
2019-10-14.10:45:06	87.8371	1685.28	30.3112	12.993
2019-10-14.10:45:07	87.3024	1688.37	30.3651	12.4517
2019-10-14.10:45:08	86.9707	1691.06	30.3764	11.6505
2019-10-14.10:45:09	86.7605	1693.47	30.3659	11.4474
2019-10-14.10:45:10	86.5835	1695.75	30.3526	11.7469
2019-10-14.10:45:11	86.3857	1697.95	30.3453	12.2191
2019-10-14.10:45:12	86.1663	1700.09	30.3465	12.4943
2019-10-14.10:45:13	85.9575	1702.15	30.3517	12.4673
2019-10-14.10:45:14	85.787	1704.13	30.355	12.2629
2019-10-14.10:45:15	85.6605	1706.01	30.3541	12.0839
2019-10-14.10:45:16	85.5625	1707.81	30.3501	12.0487
2019-10-14.10:45:17	85.449	1709.58	26.9426	12.1821
2019-10-14.10:45:18	85.0159	1712.35	20.3985	12.7233
2019-10-14.10:45:19	84.0225	1717.26	13.9	12.9344
2019-10-14.10:45:20	82.8778	1723.29	7.06598	12.839
2019-10-14.10:45:21	81.6875	1729.39	-0.338681	13.3859
2019-10-14.10:45:22	80.6077	1735.19	-1.07144	13.2805
2019-10-14.10:45:23	80.0103	1740.19	2.418	12.2659
2019-10-14.10:45:24	79.8959	1743.7	5.07994	12.0576
2019-10-14.10:45:25	79.8065	1746.35	4.69136	12.6302
2019-10-14.10:45:26	79.6947	1749.1	1.40366	12.3495
2019-10-14.10:45:27	79.6872	1752.07	-2.50378	12.4571
2019-10-14.10:45:28	79.5019	1755.22	-3.95374	12.9588
[State]	Climb
2019-10-14.10:45:29	79.2165	1758.57	-1.75277	12.8207
2019-10-14.10:45:30	79.1287	1761.85	2.47119	12.3779
2019-10-14.10:45:31	79.1091	1764.64	5.4224	12.4777
2019-10-14.10:45:32	79.1084	1766.87	4.68111	12.6538
2019-10-14.10:45:33	79.1328	1769.15	0.679844	12.3669
2019-10-14.10:45:34	79.2217	1771.75	-3.62624	12.6625
2019-10-14.10:45:35	79.0194	1774.69	-4.74816	13.3719
2019-10-14.10:45:36	78.6796	1777.97	-1.7087	13.1659
2019-10-14.10:45:37	78.5356	1781.29	3.12869	12.7695
2019-10-14.10:45:38	78.4288	1784.07	6.381	13.0496
2019-10-14.10:45:39	78.4073	1786.19	5.10858	12.7737
2019-10-14.10:45:40	78.5641	1788.1	0.173303	12.2756
2019-10-14.10:45:41	78.8125	1790.24	-4.73224	12.6589
2019-10-14.10:45:42	78.7132	1792.68	-5.60283	13.4749
2019-10-14.10:45:43	78.4698	1795.54	-1.67282	13.0854
2019-10-14.10:45:44	78.4264	1798.53	3.07188	12.7179
2019-10-14.10:45:45	78.3483	1801.07	7.03705	13.175
2019-10-14.10:45:46	78.3181	1802.98	6.1506	13.1125
2019-10-14.10:45:47	78.456	1804.78	0.370545	12.3015
2019-10-14.10:45:48	78.7142	1806.84	-5.4551	12.7938
2019-10-14.10:45:49	78.5706	1809.19	-6.56617	13.8151
2019-10-14.10:45:50	78.2705	1812	-2.19604	13.2329
2019-10-14.10:45:51	78.2417	1814.92	2.3717	12.6712
2019-10-14.10:45:52	78.1952	1817.35	6.01822	13.0648
2019-10-14.10:45:53	78.2248	1819.06	8.33762	13.4098
2019-10-14.10:45:54	78.3105	1820.61	2.06215	12.6809
2019-10-14.10:45:55	78.4995	1822.72	-4.67827	13.0091
2019-10-14.10:45:56	78.2276	1825.29	-7.37709	14.5149
2019-10-14.10:45:57	77.667	1828.41	-3.48917	14.1287
2019-10-14.10:45:58	77.4142	1831.73	1.1728	13.2019
2019-10-14.10:45:59	77.2852	1834.48	4.54373	13.302
2019-10-14.10:46:00	77.2768	1836.32	8.38698	13.4523
2019-10-14.10:46:01	77.5213	1837.33	5.35932	13.2526
2019-10-14.10:46:02	77.8666	1838.74	-1.91752	12.6293
2019-10-14.10:46:03	77.9045	1840.74	-7.72632	14.2427
2019-10-14.10:46:04	77.4067	1843.38	-5.81743	14.8712
2019-10-14.10:46:05	77.0009	1846.59	-0.607243	13.4392
2019-10-14.10:46:06	76.9987	1849.34	2.94286	13.0039
2019-10-14.10:46:07	77.0665	1851.15	6.26022	13.1351
2019-10-14.10:46:08	77.379	1852.01	9.90469	13.4995
2019-10-14.10:46:09	77.6811	1852.85	2.36723	12.9172
2019-10-14.10:46:10	77.877	1854.69	-3.99528	13.6355
2019-10-14.10:46:11	77.4249	1857.39	-7.94581	15.3838
2019-10-14.10:46:12	76.7762	1860.63	-3.63922	14.2503
2019-10-14.10:46:13	76.7073	1863.61	0.788137	12.8361
2019-10-14.10:46:14	76.9154	1865.55	3.97045	12.6023
2019-10-14.10:46:15	77.2763	1866.4	7.697	13.0396
2019-10-14.10:46:16	77.6511	1866.82	7.34796	13.5994
2019-10-14.10:46:17	77.8998	1868.12	-0.0132534	13.0268
2019-10-14.10:46:18	77.754	1870.53	-6.03226	14.5902
2019-10-14.10:46:19	77.1054	1873.65	-7.12223	15.2172
2019-10-14.10:46:20	76.6294	1876.89	-1.74416	13.5953
2019-10-14.10:46:21	76.7413	1879.5	2.02447	12.6531
2019-10-14.10:46:22	77.0114	1880.98	5.19682	12.6124
2019-10-14.10:46:23	77.4209	1881.51	9.49359	13.394
2019-10-14.10:46:24	77.7416	1882.09	4.39406	13.2271
2019-10-14.10:46:25	77.9474	1883.8	-2.30919	13.4313
2019-10-14.10:46:26	77.5479	1886.54	-8.30295	15.0651
2019-10-14.10:46:27	76.8826	1889.73	-5.14845	14.7319
2019-10-14.10:46:28	76.654	1892.82	-0.176928	13.0701
2019-10-14.10:46:29	76.8455	1895.02	3.15454	12.5953
2019-10-14.10:46:30	77.1766	1896.09	6.56881	12.781
2019-10-14.10:46:31	77.5931	1896.46	9.34286	13.6322
2019-10-14.10:46:32	77.8627	1897.4	1.73085	12.9598
2019-10-14.10:46:33	77.9052	1899.51	-4.4752	14.1023
2019-10-14.10:46:34	77.3345	1902.49	-7.74247	15.2927
2019-10-14.10:46:35	76.7437	1905.72	-3.06293	14.0388
2019-10-14.10:46:36	76.7457	1908.55	1.15883	12.7397
2019-10-14.10:46:37	76.9793	1910.32	4.30752	12.5793
2019-10-14.10:46:38	77.3653	1911.04	8.17953	13.1061
2019-10-14.10:46:39	77.7363	1911.44	6.45969	13.4755
2019-10-14.10:46:40	77.991	1912.83	-0.711426	13.0762
2019-10-14.10:46:41	77.7685	1915.31	-6.69611	14.7225
2019-10-14.10:46:42	77.1123	1918.43	-6.64863	15.0747
2019-10-14.10:46:43	76.7071	1921.62	-1.2583	13.3864
2019-10-14.10:46:44	76.8561	1924.09	2.36344	12.5957
2019-10-14.10:46:45	77.1435	1925.43	5.58821	12.6137
2019-10-14.10:46:46	77.5605	1925.89	10.0182	13.4484
2019-10-14.10:46:47	77.8649	1926.55	3.5403	13.0788
2019-10-14.10:46:48	78.036	1928.36	-2.98814	13.5842
2019-10-14.10:46:49	77.5774	1931.18	-8.60138	15.1328
2019-10-14.10:46:50	76.9252	1934.37	-4.47813	14.486
2019-10-14.10:46:51	76.7774	1937.39	0.264686	12.9073
2019-10-14.10:46:52	76.9823	1939.44	3.52332	12.5553
2019-10-14.10:46:53	77.3317	1940.38	7.06957	12.84
2019-10-14.10:46:54	77.7381	1940.73	8.45699	13.5979
2019-10-14.10:46:55	78.0001	1941.81	0.888085	12.9159
2019-10-14.10:46:56	77.9642	1944.03	-5.21479	14.2918
2019-10-14.10:46:57	77.3556	1947.06	-7.48182	15.2314
2019-10-14.10:46:58	76.817	1950.28	-2.42717	13.7662
2019-10-14.10:46:59	76.8802	1952.99	1.58198	12.637
2019-10-14.10:47:00	77.1304	1954.6	4.73915	12.5436
2019-10-14.10:47:01	77.5294	1955.21	8.8158	13.1974
2019-10-14.10:47:02	77.8765	1955.67	5.40597	13.3036
2019-10-14.10:47:03	78.1153	1957.21	-1.53092	13.1772
2019-10-14.10:47:04	77.8013	1959.81	-7.5123	14.854
2019-10-14.10:47:05	77.1373	1962.95	-5.90054	14.8622
2019-10-14.10:47:06	76.8204	1966.08	-0.691204	13.158
2019-10-14.10:47:07	76.9977	1968.4	2.78432	12.5392
2019-10-14.10:47:08	77.3064	1969.59	6.10634	12.6389
2019-10-14.10:47:09	77.7254	1969.98	9.95448	13.5133
2019-10-14.10:47:10	78.0079	1970.77	2.52959	12.9382
2019-10-14.10:47:11	78.1176	1972.73	-3.81313	13.8066
2019-10-14.10:47:12	77.5947	1975.63	-8.17297	15.1897
2019-10-14.10:47:13	76.9706	1978.83	-3.69117	14.1813
2019-10-14.10:47:14	76.9115	1981.74	0.774387	12.7452
2019-10-14.10:47:15	77.132	1983.62	3.97433	12.5161
2019-10-14.10:47:16	77.5018	1984.42	7.70523	12.9356
2019-10-14.10:47:17	77.8883	1984.77	7.2953	13.4955
2019-10-14.10:47:18	78.1472	1986.02	-0.0692382	12.9308
2019-10-14.10:47:19	78.0043	1988.39	-6.08883	14.5002
2019-10-14.10:47:20	77.3638	1991.46	-7.1178	15.1015
2019-10-14.10:47:21	76.9007	1994.65	-1.72148	13.4727
2019-10-14.10:47:22	77.0213	1997.21	2.06297	12.5486
2019-10-14.10:47:23	77.2922	1998.65	5.26271	12.5251
2019-10-14.10:47:24	77.7022	1999.15	9.59843	13.3031
2019-10-14.10:47:25	78.0209	1999.71	4.19764	13.0991
2019-10-14.10:47:26	78.2237	2001.41	-2.47814	13.3609
2019-10-14.10:47:27	77.8149	2004.14	-8.43424	14.9856
2019-10-14.10:47:28	77.1542	2007.3	-4.98925	14.5705
2019-10-14.10:47:29	76.9482	2010.35	-0.0604906	12.9309
2019-10-14.10:47:30	77.143	2012.49	3.28095	12.496
2019-10-14.10:47:31	77.4758	2013.51	6.75302	12.7162
2019-10-14.10:47:32	77.8855	2013.86	9.00888	13.5433
2019-10-14.10:47:33	78.1491	2014.83	1.3746	12.8511
2019-10-14.10:47:34	78.1642	2016.96	-4.79552	14.0904
2019-10-14.10:47:35	77.5779	2019.93	-7.6008	15.1887
2019-10-14.10:47:36	77.0076	2023.14	-2.80109	13.8356
2019-10-14.10:47:37	77.0366	2025.91	1.35613	12.6115
2019-10-14.10:47:38	77.2757	2027.59	4.53144	12.4888
2019-10-14.10:47:39	77.6641	2028.24	8.51119	13.0826
2019-10-14.10:47:40	78.0182	2028.66	5.88705	13.3186
2019-10-14.10:47:41	78.2642	2030.11	-1.17102	13.0486
2019-10-14.10:47:42	77.9932	2032.63	-7.15212	14.7262
2019-10-14.10:47:43	77.3305	2035.75	-6.23269	14.8892
2019-10-14.10:47:44	76.9725	2038.89	-0.94017	13.1858
2019-10-14.10:47:45	77.1378	2041.26	2.62029	12.4954
2019-10-14.10:47:46	77.4346	2042.5	5.91576	12.5664
2019-10-14.10:47:47	77.8492	2042.9	10.0902	13.4355
2019-10-14.10:47:48	78.135	2043.62	2.87581	12.9239
2019-10-14.10:47:49	78.2685	2045.51	-3.53636	13.6601
2019-10-14.10:47:50	77.7675	2048.36	-8.3626	15.119
2019-10-14.10:47:51	77.1305	2051.54	-3.96593	14.2257
2019-10-14.10:47:52	77.0413	2054.47	0.610569	12.7388
2019-10-14.10:47:53	77.2548	2056.39	3.84468	12.4756
2019-10-14.10:47:54	77.6149	2057.22	7.52518	12.8583
2019-10-14.10:47:55	78.0032	2057.56	7.60882	13.4843
2019-10-14.10:47:56	78.2597	2058.74	0.170261	12.8691
2019-10-14.10:47:57	78.1475	2061.04	-5.87022	14.3973
2019-10-14.10:47:58	77.513	2064.08	-7.24765	15.0923
2019-10-14.10:47:59	77.028	2067.27	-1.90405	13.4973
2019-10-14.10:48:00	77.1341	2069.85	1.95182	12.5225
2019-10-14.10:48:01	77.3977	2071.31	5.15097	12.4864
2019-10-14.10:48:02	77.8018	2071.82	9.4303	13.2444
[State]	Cruise
2019-10-14.10:48:03	78.1224	2072.34	4.44169	13.1031
2019-10-14.10:48:04	78.333	2073.99	-2.29173	13.2748
2019-10-14.10:48:05	77.9428	2076.67	-8.28416	14.9228
2019-10-14.10:48:06	77.2793	2079.81	-5.17644	14.5916
2019-10-14.10:48:07	77.051	2082.85	-0.180322	12.9327
2019-10-14.10:48:08	77.2422	2085.01	3.1971	12.4658
2019-10-14.10:48:09	77.569	2086.03	6.64603	12.6661
2019-10-14.10:48:10	77.9786	2086.37	9.19144	13.5115
2019-10-14.10:48:11	78.2428	2087.29	1.54751	12.8237
2019-10-14.10:48:12	78.275	2089.36	-4.64912	14.0082
2019-10-14.10:48:13	77.698	2092.3	-7.65669	15.1604
2019-10-14.10:48:14	77.1182	2095.49	-2.94025	13.8502
2019-10-14.10:48:15	77.1353	2098.25	1.27429	12.5927
2019-10-14.10:48:16	77.3709	2099.95	4.45994	12.4604
2019-10-14.10:48:17	77.7554	2100.59	8.40727	13.0314
2019-10-14.10:48:18	78.1122	2100.97	6.06308	13.3132
2019-10-14.10:48:19	78.3605	2102.38	-1.03866	12.9942
2019-10-14.10:48:20	78.1057	2104.86	-7.02088	14.667
2019-10-14.10:48:21	77.4453	2107.94	-6.36155	14.8859
2019-10-14.10:48:22	77.0741	2111.07	-1.03515	13.1833
2019-10-14.10:48:23	77.2355	2113.44	2.55997	12.4677
2019-10-14.10:48:24	77.528	2114.67	5.84855	12.53
2019-10-14.10:48:25	77.941	2115.07	10.1096	13.3934
2019-10-14.10:48:26	78.2287	2115.75	2.99538	12.9068
2019-10-14.10:48:27	78.3706	2117.6	-3.44248	13.5954
2019-10-14.10:48:28	77.8785	2120.4	-8.42248	15.078
2019-10-14.10:48:29	77.2389	2123.56	-4.06415	14.2242
2019-10-14.10:48:30	77.1405	2126.48	0.555027	12.7204
2019-10-14.10:48:31	77.3523	2128.4	3.80561	12.4474
2019-10-14.10:48:32	77.7091	2129.22	7.4723	12.8175
2019-10-14.10:48:33	78.0981	2129.53	7.70644	13.4633
2019-10-14.10:48:34	78.3544	2130.68	0.244162	12.833
2019-10-14.10:48:35	78.2522	2132.94	-5.80347	14.3466
2019-10-14.10:48:36	77.621	2135.95	-7.28823	15.0703
2019-10-14.10:48:37	77.1307	2139.11	-1.95932	13.4841
2019-10-14.10:48:38	77.2335	2141.68	1.92379	12.4952
2019-10-14.10:48:39	77.4949	2143.14	5.12708	12.4585
2019-10-14.10:48:40	77.8971	2143.63	9.39338	13.2088
2019-10-14.10:48:41	78.2182	2144.12	4.4939	13.0826
2019-10-14.10:48:42	78.4309	2145.74	-2.25431	13.2326
2019-10-14.10:48:43	78.0459	2148.38	-8.2497	14.886
2019-10-14.10:48:44	77.3829	2151.5	-5.22271	14.5721
2019-10-14.10:48:45	77.1509	2154.53	-0.206373	12.9082
2019-10-14.10:48:46	77.3418	2156.66	3.18489	12.4371
2019-10-14.10:48:47	77.6666	2157.67	6.63381	12.6354
2019-10-14.10:48:48	78.0755	2157.99	9.21907	13.4833
2019-10-14.10:48:49	78.3395	2158.88	1.5721	12.7946
2019-10-14.10:48:50	78.3744	2160.93	-4.6286	13.9706
2019-10-14.10:48:51	77.7995	2163.84	-7.67582	15.1312
2019-10-14.10:48:52	77.2192	2167.01	-2.96197	13.825
2019-10-14.10:48:53	77.2355	2169.75	1.2671	12.5633
2019-10-14.10:48:54	77.4704	2171.42	4.45966	12.4338
2019-10-14.10:48:55	77.8534	2172.05	8.40819	13.0025
2019-10-14.10:48:56	78.2093	2172.41	6.04939	13.2842
2019-10-14.10:48:57	78.4576	2173.79	-1.05389	12.9646
2019-10-14.10:48:58	78.203	2176.25	-7.0359	14.6395
2019-10-14.10:48:59	77.5433	2179.31	-6.3517	14.8525
2019-10-14.10:49:00	77.1743	2182.41	-1.02698	13.1483
2019-10-14.10:49:01	77.3368	2184.75	2.57493	12.4378
2019-10-14.10:49:02	77.6291	2185.96	5.87181	12.5052
2019-10-14.10:49:03	78.0411	2186.33	10.1009	13.3698
2019-10-14.10:49:04	78.3271	2187	2.93987	12.873
2019-10-14.10:49:05	78.4665	2188.83	-3.49156	13.5773
2019-10-14.10:49:06	77.9723	2191.62	-8.38437	15.0536
2019-10-14.10:49:07	77.335	2194.76	-4.02541	14.1774
2019-10-14.10:49:08	77.2424	2197.64	0.587747	12.6825
2019-10-14.10:49:09	77.4553	2199.53	3.84351	12.4197
2019-10-14.10:49:10	77.8123	2200.32	7.52667	12.8001
2019-10-14.10:49:11	78.1987	2200.61	7.60768	13.4298
2019-10-14.10:49:12	78.4545	2201.75	0.159667	12.8083
2019-10-14.10:49:13	78.3441	2204.01	-5.88223	14.3371
2019-10-14.10:49:14	77.711	2207	-7.25374	15.0307
2019-10-14.10:49:15	77.2285	2210.13	-1.90212	13.4309
2019-10-14.10:49:16	77.3366	2212.66	1.97084	12.4613
2019-10-14.10:49:17	77.5995	2214.08	5.18498	12.4345
2019-10-14.10:49:18	78.0016	2214.55	9.47945	13.1957
2019-10-14.10:49:19	78.3189	2215.03	4.36197	13.0367
2019-10-14.10:49:20	78.5274	2216.64	-2.36107	13.2282
2019-10-14.10:49:21	78.1333	2219.28	-8.34353	14.8745
2019-10-14.10:49:22	77.472	2222.37	-5.12649	14.5111
2019-10-14.10:49:23	77.2533	2225.37	-0.134946	12.8565
2019-10-14.10:49:24	77.4464	2227.46	3.25014	12.4083
2019-10-14.10:49:25	77.7732	2228.43	6.72274	12.6237
2019-10-14.10:49:26	78.1797	2228.72	9.05968	13.4595
2019-10-14.10:49:27	78.4414	2229.62	1.40795	12.7619
2019-10-14.10:49:28	78.4631	2231.67	-4.77315	13.9839
2019-10-14.10:49:29	77.8812	2234.57	-7.62671	15.0993
2019-10-14.10:49:30	77.3111	2237.71	-2.84122	13.7489
2019-10-14.10:49:31	77.34	2240.41	1.35483	12.5203
2019-10-14.10:49:32	77.5779	2242.03	4.55373	12.4076
2019-10-14.10:49:33	77.9626	2242.62	8.54496	13.0023
2019-10-14.10:49:34	78.3125	2242.97	5.8152	13.2277
2019-10-14.10:49:35	78.5575	2244.36	-1.23995	12.9648
2019-10-14.10:49:36	78.2837	2246.82	-7.22042	14.6486
2019-10-14.10:49:37	77.6228	2249.87	-6.18117	14.7827
2019-10-14.10:49:38	77.2743	2252.93	-0.896908	13.0754
2019-10-14.10:49:39	77.4434	2255.22	2.67943	12.4057
2019-10-14.10:49:40	77.7399	2256.38	6.00277	12.4946
2019-10-14.10:49:41	78.1514	2256.72	10.0364	13.3675
2019-10-14.10:49:42	78.4315	2257.4	2.68986	12.8212
2019-10-14.10:49:43	78.5557	2259.24	-3.69841	13.6127
2019-10-14.10:49:44	78.0467	2262.03	-8.24269	15.0458
2019-10-14.10:49:45	77.418	2265.14	-3.83635	14.0809
2019-10-14.10:49:46	77.3474	2267.98	0.716524	12.6236
2019-10-14.10:49:47	77.5641	2269.81	3.96449	12.3931
2019-10-14.10:49:48	77.9253	2270.54	7.69828	12.8087
2019-10-14.10:49:49	78.3051	2270.82	7.29398	13.3793
2019-10-14.10:49:50	78.5607	2271.99	-0.0939009	12.7989
2019-10-14.10:49:51	78.4215	2274.26	-6.11754	14.3712
2019-10-14.10:49:52	77.7819	2277.24	-7.11787	14.9706
2019-10-14.10:49:53	77.3216	2280.34	-1.71664	13.335
2019-10-14.10:49:54	77.4439	2282.81	2.10569	12.4219
2019-10-14.10:49:55	77.712	2284.16	5.33898	12.4174
2019-10-14.10:49:56	78.1157	2284.58	9.70748	13.2074
2019-10-14.10:49:57	78.4247	2285.08	4.0299	12.9642
2019-10-14.10:49:58	78.6207	2286.72	-2.62428	13.2685
2019-10-14.10:49:59	78.2028	2289.36	-8.52582	14.8891
2019-10-14.10:50:00	77.5455	2292.44	-4.88045	14.405
2019-10-14.10:50:01	77.3581	2295.39	0.0374037	12.7774
2019-10-14.10:50:02	77.556	2297.41	3.39512	12.3801
2019-10-14.10:50:03	77.889	2298.32	6.91798	12.6336
2019-10-14.10:50:04	78.2906	2298.58	8.71655	13.4348
2019-10-14.10:50:05	78.5493	2299.51	1.08493	12.7311
2019-10-14.10:50:06	78.541	2301.59	-5.0549	14.0441
2019-10-14.10:50:07	77.9447	2304.49	-7.55532	15.0609
2019-10-14.10:50:08	77.3953	2307.6	-2.59757	13.6306
2019-10-14.10:50:09	77.4477	2310.23	1.52124	12.468
2019-10-14.10:50:10	77.6912	2311.78	4.72543	12.3837
2019-10-14.10:50:11	78.0799	2312.31	8.79732	13.0259
2019-10-14.10:50:12	78.4199	2312.67	5.40232	13.1453
2019-10-14.10:50:13	78.6577	2314.1	-1.56073	12.9958
2019-10-14.10:50:14	78.3494	2316.58	-7.54221	14.685
2019-10-14.10:50:15	77.6871	2319.62	-5.89155	14.6805
2019-10-14.10:50:16	77.375	2322.64	-0.675317	12.9744
2019-10-14.10:50:17	77.5536	2324.85	2.85007	12.3734
2019-10-14.10:50:18	77.8577	2325.93	6.21681	12.4983
2019-10-14.10:50:19	78.2681	2326.23	9.82727	13.3757
2019-10-14.10:50:20	78.5405	2326.94	2.28635	12.7608
2019-10-14.10:50:21	78.6371	2328.83	-4.03332	13.6927
2019-10-14.10:50:22	78.1046	2331.62	-8.00685	15.0434
2019-10-14.10:50:23	77.4917	2334.72	-3.52393	13.9426
2019-10-14.10:50:24	78.2946	2336.81	1.23166	5.94382
2019-10-14.10:50:25	82.6811	2331.64	-2.1942	0.0272902
2019-10-14.10:50:26	89.6849	2318.97	-12.2424	-4.56857
2019-10-14.10:50:27	98.7468	2299.65	-18.4653	-5.58742
2019-10-14.10:50:28	108.161	2275.66	-19.1545	-6.4261
2019-10-14.10:50:29	117.472	2249.22	-26.1152	-7.65606
2019-10-14.10:50:30	126.636	2221.06	-29.042	-9.09991
2019-10-14.10:50:31	135.026	2192.82	-29.072	-8.06201
2019-10-14.10:50:32	141.939	2167.98	-29.0757	-4.63968
2019-10-14.10:50:33	146.626	2150.25	-29.0937	-0.664699
2019-10-14.10:50:34	148.966	2142.33	-29.1302	3.02571
2019-10-14.10:50:35	149.037	2145.3	-29.1585	7.0609
2019-10-14.10:50:36	146.812	2159.16	-29.1808	11.5279
2019-10-14.10:50:37	142.453	2182.88	-29.2111	15.639
2019-10-14.10:50:38	136.391	2214.36	-29.2392	18.9262
2019-10-14.10:50:39	129.126	2250.71	-29.2544	21.4102
2019-10-14.10:50:40	121.195	2288.85	-29.2613	23.0264
2019-10-14.10:50:41	113.2	2325.85	-29.2651	23.4871
2019-10-14.10:50:42	105.808	2359.25	-29.266	22.613
2019-10-14.10:50:43	99.6745	2387.26	-29.2596	20.4439
2019-10-14.10:50:44	95.4297	2408.52	-29.2438	16.9792
[State]	StraightAndLevel
2019-10-14.10:50:45	93.6392	2422.04	-26.8696	12.3889
2019-10-14.10:50:46	94.4711	2427.9	-21.4251	7.33277
2019-10-14.10:50:47	97.5096	2427.15	-15.6143	3.24213
2019-10-14.10:50:48	101.865	2421.47	-9.4419	1.12453
2019-10-14.10:50:49	106.695	2413.22	-3.88028	0.838187
2019-10-14.10:50:50	111.305	2404.92	-4.54784	1.52826
2019-10-14.10:50:51	115.24	2398.4	-5.0553	2.93691
2019-10-14.10:50:52	118.044	2395.11	-3.40124	4.70577
2019-10-14.10:50:53	119.684	2396.08	-0.847932	6.73057
2019-10-14.10:50:54	119.898	2401.79	-0.0126497	9.18709
2019-10-14.10:50:55	118.807	2412.61	-1.12972	11.6937
2019-10-14.10:50:56	116.548	2428.14	-1.96324	14.0572
2019-10-14.10:50:57	113.222	2447.46	-1.08009	16.033
2019-10-14.10:50:58	109.192	2469.22	0.472191	17.4619
2019-10-14.10:50:59	104.699	2491.94	0.91992	18.3897
2019-10-14.10:51:00	100.219	2514.2	-0.0522304	18.4921
2019-10-14.10:51:01	96.2886	2534.47	-1.25126	17.6346
2019-10-14.10:51:02	93.287	2551.44	-1.40855	15.8847
2019-10-14.10:51:03	91.6754	2564.2	-0.355735	13.2428
2019-10-14.10:51:04	91.7229	2572.15	0.952292	10.1415
2019-10-14.10:51:05	93.3786	2575.24	1.31748	7.11574
2019-10-14.10:51:06	96.4519	2573.98	0.375154	4.51946
2019-10-14.10:51:07	100.56	2569.37	-0.943297	2.74011
2019-10-14.10:51:08	105.055	2562.77	-1.20191	1.99171
2019-10-14.10:51:09	109.447	2555.81	-0.08046	2.10463
2019-10-14.10:51:10	113.287	2549.91	1.08162	2.97186
2019-10-14.10:51:11	116.206	2546.42	0.891579	4.48347
2019-10-14.10:51:12	118.079	2546.6	-0.262237	6.40599
2019-10-14.10:51:13	118.766	2551.14	-0.771855	8.58376
2019-10-14.10:51:14	118.223	2560.28	-0.0425994	10.7841
2019-10-14.10:51:15	116.514	2573.67	0.809681	12.9052
2019-10-14.10:51:16	113.772	2590.68	0.653277	14.8317
2019-10-14.10:51:17	110.3	2610.38	-0.213917	16.3662
2019-10-14.10:51:18	106.385	2631.57	-0.670543	17.3835
2019-10-14.10:51:19	102.331	2652.87	-0.22154	17.7125
2019-10-14.10:51:20	98.5711	2672.81	0.5603	17.1707
2019-10-14.10:51:21	95.5225	2690.05	0.814872	15.8109
2019-10-14.10:51:22	93.6146	2703.66	0.269532	13.7006
2019-10-14.10:51:23	93.1496	2713.09	-0.576667	11.093
2019-10-14.10:51:24	94.1555	2718.18	-0.929918	8.37523
2019-10-14.10:51:25	96.4997	2719.2	-0.419554	5.86694
2019-10-14.10:51:26	99.9002	2716.81	0.494082	3.92228
2019-10-14.10:51:27	103.848	2712.04	0.897323	2.86497
2019-10-14.10:51:28	107.871	2706.37	0.388374	2.71042
2019-10-14.10:51:29	111.571	2701.3	-0.391308	3.30639
2019-10-14.10:51:30	114.584	2698.11	-0.484813	4.46687
2019-10-14.10:51:31	116.69	2697.81	0.168592	6.01949
2019-10-14.10:51:32	117.698	2701.13	0.663324	7.89675
2019-10-14.10:51:33	117.572	2708.5	0.378391	9.93131
2019-10-14.10:51:34	116.4	2719.94	-0.228123	11.9345
2019-10-14.10:51:35	114.295	2734.96	-0.340097	13.7467
2019-10-14.10:51:36	111.413	2752.73	0.127351	15.2332
2019-10-14.10:51:37	107.969	2772.2	0.533449	16.3172
2019-10-14.10:51:38	104.272	2792.25	0.389077	16.8813
2019-10-14.10:51:39	100.715	2811.61	-0.124	16.7111
2019-10-14.10:51:40	97.7122	2829.04	-0.462664	15.7489
2019-10-14.10:51:41	95.6122	2843.51	-0.308205	14.069
2019-10-14.10:51:42	94.6946	2854.32	0.161952	11.8458
2019-10-14.10:51:43	95.0764	2861.15	0.48	9.39927
2019-10-14.10:51:44	96.7237	2864.12	0.330881	7.0563
2019-10-14.10:51:45	99.437	2863.74	-0.135502	5.1313
2019-10-14.10:51:46	102.865	2860.88	-0.417872	3.86173
2019-10-14.10:51:47	106.55	2856.71	-0.181888	3.37039
2019-10-14.10:51:48	110.051	2852.54	0.32108	3.62432
2019-10-14.10:51:49	113.013	2849.57	0.507021	4.47085
2019-10-14.10:51:50	115.221	2848.88	0.184756	5.77684
2019-10-14.10:51:51	116.541	2851.29	-0.192672	7.39076
2019-10-14.10:51:52	116.885	2857.27	-0.13952	9.16282
2019-10-14.10:51:53	116.218	2866.88	0.227459	10.9724
2019-10-14.10:51:54	114.603	2879.88	0.399682	12.7017
2019-10-14.10:51:55	112.209	2895.69	0.172942	14.2069
2019-10-14.10:51:56	109.261	2913.5	-0.141933	15.3544
2019-10-14.10:51:57	106.008	2932.29	-0.16915	16.0378
2019-10-14.10:51:58	102.728	2950.94	0.0908568	16.1343
2019-10-14.10:51:59	99.7687	2968.25	0.316003	15.533
2019-10-14.10:52:00	97.4899	2983.21	0.246441	14.269
2019-10-14.10:52:01	96.1989	2995.07	-0.0629403	12.4582
2019-10-14.10:52:02	96.0809	3003.43	-0.318671	10.3165
2019-10-14.10:52:03	97.1527	3008.21	-0.270524	8.12748
2019-10-14.10:52:04	99.11	3009.83	-6.15929	6.18379
2019-10-14.10:52:05	101.293	3009.3	-14.5714	5.27567
2019-10-14.10:52:06	103.473	3006.95	-22.86	4.54665
2019-10-14.10:52:07	105.94	3002.19	-29.5061	2.67493
2019-10-14.10:52:08	109.1	2994.34	-29.4791	-0.49787
2019-10-14.10:52:09	113.042	2983.71	-29.4808	-2.92898
2019-10-14.10:52:10	117.185	2971.17	-29.4748	-3.27348
2019-10-14.10:52:11	121.001	2958.39	-29.4647	-2.04898
2019-10-14.10:52:12	123.935	2947.31	-29.4689	-0.492331
2019-10-14.10:52:13	125.861	2939.38	-29.4868	0.816409
2019-10-14.10:52:14	126.79	2935.32	-29.5036	2.28906
2019-10-14.10:52:15	126.678	2935.39	-29.5137	4.26875
2019-10-14.10:52:16	125.503	2939.64	-29.5239	6.42622
2019-10-14.10:52:17	123.405	2947.67	-29.5382	8.21589
2019-10-14.10:52:18	120.662	2958.62	-29.5513	9.4364
2019-10-14.10:52:19	117.588	2971.3	-29.5581	10.1732
2019-10-14.10:52:20	114.478	2984.46	-29.5598	10.4748
2019-10-14.10:52:21	111.617	2996.97	-29.5591	10.2606
2019-10-14.10:52:22	109.266	3007.89	-25.7765	9.52605
2019-10-14.10:52:23	107.433	3017.43	-19.797	8.71351
2019-10-14.10:52:24	105.82	3026.27	-13.8302	8.56085
2019-10-14.10:52:25	104.185	3034.99	-7.62945	9.06174
2019-10-14.10:52:26	102.478	3043.94	-3.96184	9.66982
2019-10-14.10:52:27	100.821	3053.04	-4.16814	9.89524
2019-10-14.10:52:28	99.3637	3061.72	-4.2379	9.77741
2019-10-14.10:52:29	98.1844	3069.48	-3.03214	9.22526
2019-10-14.10:52:30	97.5249	3075.91	-0.983166	8.27445
2019-10-14.10:52:31	97.3804	3080.65	0.473757	7.30434
2019-10-14.10:52:32	97.7349	3083.68	0.358379	6.36652
2019-10-14.10:52:33	98.5944	3085.26	-0.871736	5.52059
2019-10-14.10:52:34	99.7958	3085.69	-1.72676	4.93524
2019-10-14.10:52:35	101.115	3085.44	-1.1446	4.57518
2019-10-14.10:52:36	102.505	3084.94	0.395106	4.39092
2019-10-14.10:52:37	103.727	3084.59	1.37042	4.60299
2019-10-14.10:52:38	104.639	3084.92	0.862237	5.08957
2019-10-14.10:52:39	105.228	3086.43	-0.445723	5.75332
2019-10-14.10:52:40	105.371	3089.34	-1.04612	6.57488
2019-10-14.10:52:41	105.061	3093.75	-0.292868	7.34305
2019-10-14.10:52:42	104.418	3099.43	0.934751	7.98962
2019-10-14.10:52:43	103.442	3106.05	1.30067	8.57228
2019-10-14.10:52:44	102.299	3113.32	0.471727	8.93518
2019-10-14.10:52:45	101.173	3120.85	-0.622668	9.05884
2019-10-14.10:52:46	100.107	3128.19	-0.837043	8.97113
2019-10-14.10:52:47	99.2701	3134.95	0.0177566	8.56062
2019-10-14.10:52:48	98.7766	3140.73	1.04772	7.9522
2019-10-14.10:52:49	98.6244	3145.29	1.22071	7.29068
2019-10-14.10:52:50	98.8636	3148.66	0.382245	6.5922
2019-10-14.10:52:51	99.4842	3150.97	-0.612529	5.96586
2019-10-14.10:52:52	100.317	3152.41	-0.751383	5.51275
2019-10-14.10:52:53	101.307	3153.3	0.0990968	5.16493
2019-10-14.10:52:54	102.336	3153.91	1.04419	5.03963
2019-10-14.10:52:55	103.235	3154.6	1.10431	5.18808
2019-10-14.10:52:56	103.951	3155.82	0.257102	5.51978
2019-10-14.10:52:57	104.432	3157.87	-0.553482	6.00432
2019-10-14.10:52:58	104.563	3160.95	-0.458391	6.58747
2019-10-14.10:52:59	104.402	3165.09	0.390943	7.11838
2019-10-14.10:53:00	103.937	3170.15	1.03776	7.64827
2019-10-14.10:53:01	103.227	3175.95	0.799804	8.09455
2019-10-14.10:53:02	102.409	3182.31	-0.0314334	8.38177
2019-10-14.10:53:03	101.574	3188.89	-0.563322	8.50145
2019-10-14.10:53:04	100.779	3195.38	-0.259542	8.42187
2019-10-14.10:53:05	100.166	3201.43	0.53267	8.11682
2019-10-14.10:53:06	99.7553	3206.75	0.988149	7.72006
2019-10-14.10:53:07	99.6056	3211.23	0.654633	7.24383
2019-10-14.10:53:08	99.7645	3214.86	-0.114493	6.73572
2019-10-14.10:53:09	100.184	3217.68	-0.53218	6.27846
2019-10-14.10:53:10	100.781	3219.84	-0.176325	5.89423
2019-10-14.10:53:11	101.52	3221.53	0.574626	5.60577
2019-10-14.10:53:12	102.261	3222.95	0.940318	5.52492
2019-10-14.10:53:13	102.935	3224.44	0.559087	5.61293
2019-10-14.10:53:14	103.503	3226.31	-0.1376	5.84005
2019-10-14.10:53:15	103.88	3228.77	-0.397952	6.18858
2019-10-14.10:53:16	104.024	3231.96	0.0367983	6.57923
2019-10-14.10:53:17	103.934	3235.89	0.667669	6.98596
2019-10-14.10:53:18	103.599	3240.52	0.811679	7.40107
2019-10-14.10:53:19	103.094	3245.75	0.337705	7.74254
2019-10-14.10:53:20	102.513	3251.42	-0.229343	7.96782
2019-10-14.10:53:21	101.891	3257.29	-0.295335	8.06759
2019-10-14.10:53:22	101.315	3263.11	0.184888	7.99487
2019-10-14.10:53:23	100.836	3268.6	0.691474	7.80804
[State]	Climb
2019-10-14.10:53:24	100.498	3273.59	0.702803	7.53708
2019-10-14.10:53:25	100.366	3277.99	0.220434	7.19413
2019-10-14.10:53:26	100.467	3281.77	-0.252781	6.81913
2019-10-14.10:53:27	100.749	3284.94	-0.233787	6.46893
2019-10-14.10:53:28	101.193	3287.58	0.248669	6.1486
2019-10-14.10:53:29	101.716	3289.82	0.689546	5.94632
2019-10-14.10:53:30	102.254	3291.87	0.639531	5.87702
2019-10-14.10:53:31	102.768	3293.96	0.170644	5.92454
2019-10-14.10:53:32	103.214	3296.3	-0.208739	6.07373
2019-10-14.10:53:33	103.519	3299.05	-0.100793	6.30871
2019-10-14.10:53:34	103.66	3302.31	0.360244	6.58201
2019-10-14.10:53:35	103.602	3306.1	0.669634	6.90384
2019-10-14.10:53:36	103.369	3310.43	0.506279	7.21926
2019-10-14.10:53:37	103.019	3315.25	0.0623614	7.47927
2019-10-14.10:53:38	102.604	3320.4	-0.185732	7.65254
2019-10-14.10:53:39	102.156	3325.72	0.0105625	7.72233
2019-10-14.10:53:40	101.724	3331	0.426039	7.68652
2019-10-14.10:53:41	101.344	3336.07	0.620225	7.57475
2019-10-14.10:53:42	101.074	3340.8	0.399101	7.38668
2019-10-14.10:53:43	100.964	3345.12	0.0010414	7.13755
2019-10-14.10:53:44	101.022	3348.98	-0.161936	6.85651
2019-10-14.10:53:45	101.224	3352.36	0.0715423	6.57616
2019-10-14.10:53:46	101.534	3355.32	0.452352	6.34163
2019-10-14.10:53:47	101.902	3357.98	0.586952	6.19241
2019-10-14.10:53:48	102.298	3360.48	0.346925	6.12934
2019-10-14.10:53:49	102.693	3363	-0.003208	6.14799
2019-10-14.10:53:50	103.042	3365.69	-0.0919087	6.2392
2019-10-14.10:53:51	103.294	3368.64	0.16531	6.39154
2019-10-14.10:53:52	103.408	3371.95	0.484361	6.60218
2019-10-14.10:53:53	103.376	3375.66	0.526579	6.84607
2019-10-14.10:53:54	103.223	3379.79	0.258962	7.08205
2019-10-14.10:53:55	102.985	3384.28	-0.0249338	7.27656
2019-10-14.10:53:56	102.692	3389.04	-0.0286488	7.40545
2019-10-14.10:53:57	102.365	3393.93	0.237839	7.46329
2019-10-14.10:53:58	102.032	3398.8	0.484226	7.45782
2019-10-14.10:53:59	101.736	3403.54	0.453955	7.38855
2019-10-14.10:54:00	101.528	3408.06	0.186452	7.25564
2019-10-14.10:54:01	101.439	3412.28	-0.0361539	7.07126
2019-10-14.10:54:02	101.473	3416.14	0.0132164	6.85684
2019-10-14.10:54:03	101.607	3419.65	0.276074	6.64723
2019-10-14.10:54:04	101.817	3422.83	0.476702	6.47706
2019-10-14.10:54:05	102.08	3425.78	0.411949	6.36103
2019-10-14.10:54:06	102.378	3428.61	0.159505	6.30226
2019-10-14.10:54:07	102.683	3431.44	-0.0101201	6.30057
2019-10-14.10:54:08	102.954	3434.35	0.0785676	6.35369
2019-10-14.10:54:09	103.148	3437.45	0.324224	6.4627
2019-10-14.10:54:10	103.24	3440.81	0.463723	6.61977
2019-10-14.10:54:11	103.231	3444.46	0.35516	6.79928
2019-10-14.10:54:12	103.14	3448.43	0.12251	6.9723
2019-10-14.10:54:13	102.983	3452.68	0.0140283	7.11537
2019-10-14.10:54:14	102.774	3457.12	0.136706	7.21483
2019-10-14.10:54:15	102.53	3461.67	0.351334	7.26946
2019-10-14.10:54:16	102.277	3466.22	0.429095	7.27768
2019-10-14.10:54:17	102.054	3470.7	0.292912	7.2338
2019-10-14.10:54:18	101.899	3475.03	0.0901723	7.13853
2019-10-14.10:54:19	101.828	3479.14	0.0317074	7.00182
2019-10-14.10:54:20	101.841	3482.99	0.172791	6.844
2019-10-14.10:54:21	101.924	3486.57	0.361795	6.69236
2019-10-14.10:54:22	102.066	3489.9	0.40299	6.56621
2019-10-14.10:54:23	102.258	3493.06	0.259918	6.47371
2019-10-14.10:54:24	102.484	3496.11	0.0884292	6.41937
2019-10-14.10:54:25	102.718	3499.15	0.0690855	6.40617
2019-10-14.10:54:26	102.923	3502.24	0.217818	6.43821
2019-10-14.10:54:27	103.072	3505.44	0.373954	6.51699
2019-10-14.10:54:28	103.149	3508.84	0.374461	6.63139
2019-10-14.10:54:29	103.159	3512.45	0.22526	6.76112
2019-10-14.10:54:30	103.109	3516.3	0.0884918	6.88636
2019-10-14.10:54:31	103.006	3520.36	0.106159	6.99213
2019-10-14.10:54:32	102.857	3524.56	0.252457	7.07166
2019-10-14.10:54:33	102.675	3528.85	0.368243	7.12173
2019-10-14.10:54:34	102.486	3533.17	0.332816	7.13563
2019-10-14.10:54:35	102.322	3537.44	0.187544	7.1077
2019-10-14.10:54:36	102.206	3541.61	0.0861167	7.03914
2019-10-14.10:54:37	102.148	3545.62	0.131347	6.93945
2019-10-14.10:54:38	102.145	3549.44	0.271162	6.82616
2019-10-14.10:54:39	102.195	3553.05	0.357971	6.71675
2019-10-14.10:54:40	102.293	3556.48	0.304351	6.62156
2019-10-14.10:54:41	102.434	3559.78	0.171463	6.54672
2019-10-14.10:54:42	102.605	3563	0.100892	6.4976
2019-10-14.10:54:43	102.781	3566.18	0.164841	6.48008
2019-10-14.10:54:44	102.935	3569.39	0.292795	6.49984
2019-10-14.10:54:45	103.049	3572.68	0.349635	6.55565
2019-10-14.10:54:46	103.117	3576.1	0.279244	6.63675
2019-10-14.10:54:47	103.139	3579.69	0.160443	6.72876
2019-10-14.10:54:48	103.116	3583.44	0.119287	6.81879
2019-10-14.10:54:49	103.049	3587.35	0.195216	6.8984
2019-10-14.10:54:50	102.941	3591.37	0.303437	6.96301
2019-10-14.10:54:51	102.808	3595.47	0.328798	7.00663
2019-10-14.10:54:52	102.671	3599.6	0.247142	7.02164
2019-10-14.10:54:53	102.552	3603.7	0.14658	7.00379
2019-10-14.10:54:54	102.465	3607.74	0.131506	6.95507
2019-10-14.10:54:55	102.415	3611.66	0.213948	6.88445
2019-10-14.10:54:56	102.403	3615.44	0.304766	6.80447
2019-10-14.10:54:57	102.432	3619.07	0.309646	6.72491
2019-10-14.10:54:58	102.501	3622.56	0.226893	6.65194
2019-10-14.10:54:59	102.605	3625.96	0.145974	6.59103
2019-10-14.10:55:00	102.733	3629.27	0.151573	6.54838
2019-10-14.10:55:01	102.863	3632.56	0.235546	6.53092
2019-10-14.10:55:02	102.979	3635.85	0.308314	6.5427
2019-10-14.10:55:03	103.069	3639.2	0.295031	6.58068
2019-10-14.10:55:04	103.129	3642.64	0.213285	6.63646
2019-10-14.10:55:05	103.157	3646.21	0.151324	6.70062
2019-10-14.10:55:06	103.15	3649.89	0.173045	6.76562
2019-10-14.10:55:07	103.106	3653.68	0.252104	6.82661
2019-10-14.10:55:08	103.03	3657.57	0.303111	6.87872
2019-10-14.10:55:09	102.935	3661.51	0.273275	6.91495
2019-10-14.10:55:10	102.838	3665.49	0.196121	6.92881
2019-10-14.10:55:11	102.752	3669.46	0.153095	6.91766
2019-10-14.10:55:12	102.685	3673.39	0.187082	6.88425
2019-10-14.10:55:13	102.642	3677.22	0.259518	6.83573
2019-10-14.10:55:14	102.627	3680.96	0.293588	6.77954
2019-10-14.10:55:15	102.644	3684.59	0.255317	6.72095
2019-10-14.10:55:16	102.693	3688.12	0.187231	6.66439
2019-10-14.10:55:17	102.77	3691.57	0.161492	6.61515
2019-10-14.10:55:18	102.864	3694.96	0.203848	6.57973
2019-10-14.10:55:19	102.959	3698.31	0.268328	6.5641
2019-10-14.10:55:20	103.047	3701.66	0.287512	6.57007
2019-10-14.10:55:21	103.119	3705.05	0.243576	6.59444
2019-10-14.10:55:22	103.172	3708.51	0.185111	6.63155
2019-10-14.10:55:23	103.202	3712.05	0.173885	6.67588
2019-10-14.10:55:24	103.203	3715.67	0.219751	6.72335
2019-10-14.10:55:25	103.176	3719.38	0.272337	6.77034
2019-10-14.10:55:26	103.124	3723.15	0.27609	6.8115
2019-10-14.10:55:27	103.058	3726.99	0.228521	6.84042
2019-10-14.10:55:28	102.991	3730.85	0.180692	6.85232
2019-10-14.10:55:29	102.928	3734.7	0.181925	6.84605
2019-10-14.10:55:30	102.877	3738.53	0.228633	6.82434
2019-10-14.10:55:31	102.841	3742.29	0.270191	6.79175
2019-10-14.10:55:32	102.826	3745.99	0.263387	6.75208
2019-10-14.10:55:33	102.836	3749.61	0.217024	6.70839
2019-10-14.10:55:34	102.872	3753.15	0.180849	6.66442
2019-10-14.10:55:35	102.928	3756.63	0.192364	6.62534
2019-10-14.10:55:36	102.995	3760.06	0.238212	6.59696
2019-10-14.10:55:37	103.066	3763.45	0.269815	6.58335
2019-10-14.10:55:38	103.133	3766.84	0.255189	6.58493
2019-10-14.10:55:39	103.192	3770.26	0.211683	6.59929
2019-10-14.10:55:40	103.238	3773.72	0.186053	6.62317
2019-10-14.10:55:41	103.266	3777.23	0.204506	6.6538
2019-10-14.10:55:42	103.272	3780.81	0.246061	6.6888
2019-10-14.10:55:43	103.256	3784.45	0.266279	6.72467
2019-10-14.10:55:44	103.223	3788.14	0.244619	6.75633
2019-10-14.10:55:45	103.179	3791.88	0.204973	6.77872
2019-10-14.10:55:46	103.133	3795.64	0.189001	6.78873
2019-10-14.10:55:47	103.088	3799.41	0.212054	6.78617
2019-10-14.10:55:48	103.048	3803.15	0.24828	6.77294
2019-10-14.10:55:49	103.02	3806.85	0.259181	6.75128
2019-10-14.10:55:50	103.007	3810.51	0.234179	6.72295
2019-10-14.10:55:51	103.013	3814.11	0.200559	6.6901
2019-10-14.10:55:52	103.038	3817.65	0.193682	6.65618
2019-10-14.10:55:53	103.078	3821.13	0.219886	6.62585
2019-10-14.10:55:54	103.127	3824.58	0.250917	6.60354
2019-10-14.10:55:55	103.179	3828	0.254565	6.5916
2019-10-14.10:55:56	103.232	3831.42	0.228353	6.58999
2019-10-14.10:55:57	103.28	3834.84	0.201011	6.59736
2019-10-14.10:55:58	103.319	3838.3	0.201318	6.6123
2019-10-14.10:55:59	103.344	3841.79	0.228009	6.63357
2019-10-14.10:56:00	103.353	3845.33	0.252209	6.6593
2019-10-14.10:56:01	103.346	3848.91	0.248655	6.68615
[State]	Cruise
2019-10-14.10:56:02	103.326	3852.54	0.221956	6.70986
2019-10-14.10:56:03	103.299	3856.2	0.200632	6.72687
2019-10-14.10:56:04	103.267	3859.88	0.20644	6.73539
2019-10-14.10:56:05	103.235	3863.57	0.231982	6.73547
2019-10-14.10:56:06	103.205	3867.24	0.249598	6.72794
2019-10-14.10:56:07	103.183	3870.89	0.241002	6.71351
2019-10-14.10:56:08	103.173	3874.5	0.215979	6.69303
2019-10-14.10:56:09	103.177	3878.07	0.201137	6.66834
2019-10-14.10:56:10	103.195	3881.6	0.211574	6.64257
2019-10-14.10:56:11	103.223	3885.08	0.235578	6.61946
2019-10-14.10:56:12	103.258	3888.54	0.247798	6.60194
2019-10-14.10:56:13	103.298	3891.97	0.236141	6.59131
2019-10-14.10:56:14	103.339	3895.39	0.213876	6.5876
2019-10-14.10:56:15	103.379	3898.82	0.20483	6.59044
2019-10-14.10:56:16	103.411	3902.27	0.218096	6.59956
2019-10-14.10:56:17	103.433	3905.74	0.239067	6.6143
2019-10-14.10:56:18	103.444	3909.25	0.245568	6.63292
2019-10-14.10:56:19	103.443	3912.78	0.231316	6.65248
2019-10-14.10:56:20	103.433	3916.35	0.211875	6.66983
2019-10-14.10:56:21	103.416	3919.95	0.207567	6.68268
2019-10-14.10:56:22	103.395	3923.56	0.222092	6.69004
2019-10-14.10:56:23	103.372	3927.18	0.239341	6.69174
2019-10-14.10:56:24	103.351	3930.79	0.240997	6.68773
2019-10-14.10:56:25	103.335	3934.39	0.225742	6.67798
2019-10-14.10:56:26	103.328	3937.96	0.209987	6.66308
2019-10-14.10:56:27	103.331	3941.5	0.210102	6.64469
2019-10-14.10:56:28	103.343	3945.01	0.225363	6.62545
2019-10-14.10:56:29	103.363	3948.48	0.239346	6.608
2019-10-14.10:56:30	103.389	3951.93	0.237625	6.5941
2019-10-14.10:56:31	103.42	3955.36	0.222723	6.58456
2019-10-14.10:56:32	103.453	3958.79	0.210837	6.57972
2019-10-14.10:56:33	103.484	3962.21	0.2144	6.57989
2019-10-14.10:56:34	103.511	3965.65	0.229221	6.58527
2019-10-14.10:56:35	103.53	3969.1	0.239469	6.59529
2019-10-14.10:56:36	103.542	3972.57	0.234641	6.60836
2019-10-14.10:56:37	103.545	3976.07	0.220329	6.62219
2019-10-14.10:56:38	103.542	3979.59	0.211766	6.63467
2019-10-14.10:56:39	103.533	3983.13	0.217545	6.64442
2019-10-14.10:56:40	103.52	3986.69	0.230919	6.65076
2019-10-14.10:56:41	103.504	3990.24	0.237459	6.65318
2019-10-14.10:56:42	103.489	3993.8	0.230431	6.65117
2019-10-14.10:56:43	103.479	3997.35	0.217538	6.64447
2019-10-14.10:56:44	103.474	4000.88	0.21234	6.63365
2019-10-14.10:56:45	103.476	4004.39	0.219896	6.62018
2019-10-14.10:56:46	103.485	4007.87	0.231817	6.606
2019-10-14.10:56:47	103.499	4011.33	0.235524	6.59278
2019-10-14.10:56:48	103.519	4014.77	0.227522	6.58159
2019-10-14.10:56:49	103.543	4018.19	0.216694	6.57309
2019-10-14.10:56:50	103.569	4021.61	0.214553	6.5679
2019-10-14.10:56:51	103.594	4025.02	0.223105	6.56665
2019-10-14.10:56:52	103.616	4028.44	0.233097	6.56957
2019-10-14.10:56:53	103.634	4031.87	0.234096	6.57609
2019-10-14.10:56:54	103.645	4035.31	0.225426	6.58488
2019-10-14.10:56:55	103.652	4038.77	0.216499	6.59436
2019-10-14.10:56:56	103.653	4042.25	0.216595	6.60324
2019-10-14.10:56:57	103.649	4045.75	0.22517	6.61067
2019-10-14.10:56:58	103.641	4049.25	0.232822	6.61599
2019-10-14.10:56:59	103.631	4052.76	0.23146	6.61848
2019-10-14.10:57:00	103.622	4056.27	0.222721	6.61749
2019-10-14.10:57:01	103.615	4059.77	0.215891	6.61284
2019-10-14.10:57:02	103.613	4063.26	0.21793	6.60508
2019-10-14.10:57:03	103.614	4066.74	0.226302	6.59536
2019-10-14.10:57:04	103.621	4070.19	0.231993	6.58495
2019-10-14.10:57:05	103.632	4073.63	0.229166	6.57483
2019-10-14.10:57:06	103.647	4077.06	0.221128	6.56571
2019-10-14.10:57:07	103.666	4080.47	0.216524	6.55827
2019-10-14.10:57:08	103.687	4083.87	0.2201	6.55327
2019-10-14.10:57:09	103.708	4087.26	0.227877	6.55133
2019-10-14.10:57:10	103.726	4090.66	0.231631	6.55257
2019-10-14.10:57:11	103.741	4094.07	0.227638	6.55646
2019-10-14.10:57:12	103.753	4097.49	0.220386	6.56205
2019-10-14.10:57:13	103.761	4100.91	0.217568	6.56836
2019-10-14.10:57:14	103.764	4104.35	0.221916	6.57463
2019-10-14.10:57:15	103.764	4107.81	0.22854	6.58024
2019-10-14.10:57:16	103.76	4111.27	0.23034	6.58451
2019-10-14.10:57:17	103.755	4114.73	0.22552	6.58668
2019-10-14.10:57:18	103.75	4118.19	0.219266	6.58618
2019-10-14.10:57:19	103.747	4121.66	0.218069	6.58295
2019-10-14.10:57:20	103.746	4125.11	0.222901	6.57748
2019-10-14.10:57:21	103.747	4128.55	0.22842	6.57052
2019-10-14.10:57:22	103.753	4131.98	0.228797	6.56282
2019-10-14.10:57:23	103.762	4135.39	0.223823	6.55495
2019-10-14.10:57:24	103.774	4138.79	0.218908	6.5475
2019-10-14.10:57:25	103.789	4142.18	0.219215	6.54114
2019-10-14.10:57:26	103.806	4145.57	0.224263	6.53659
2019-10-14.10:57:27	103.823	4148.95	0.228642	6.53435
2019-10-14.10:57:28	103.838	4152.32	0.227841	6.53442
2019-10-14.10:57:29	103.852	4155.71	0.222927	6.53639
2019-10-14.10:57:30	103.863	4159.09	0.219208	6.53967
2019-10-14.10:57:31	103.872	4162.49	0.220516	6.54373
2019-10-14.10:57:32	103.877	4165.9	0.225259	6.54809
2019-10-14.10:57:33	103.879	4169.31	0.228293	6.55223
2019-10-14.10:57:34	103.879	4172.73	0.226444	6.55546
2019-10-14.10:57:35	103.877	4176.15	0.221756	6.55713
2019-10-14.10:57:36	103.875	4179.58	0.219154	6.55685
2019-10-14.10:57:37	103.874	4183	0.221198	6.55463
2019-10-14.10:57:38	103.874	4186.42	0.2255	6.55081
2019-10-14.10:57:39	103.876	4189.82	0.227419	6.54581
2019-10-14.10:57:40	103.881	4193.22	0.225001	6.54001
2019-10-14.10:57:41	103.889	4196.61	0.22092	6.53382
2019-10-14.10:57:42	103.899	4199.99	0.2195	6.52774
2019-10-14.10:57:43	103.911	4203.36	0.222136	6.52242
2019-10-14.10:57:44	103.925	4206.72	0.225937	6.51842
2019-10-14.10:57:45	103.939	4210.07	0.226912	6.51606
2019-10-14.10:57:46	103.952	4213.43	0.224175	6.51531
2019-10-14.10:57:47	103.965	4216.79	0.22075	6.51593
2019-10-14.10:57:48	103.975	4220.15	0.220251	6.51763
2019-10-14.10:57:49	103.984	4223.52	0.223079	6.52011
2019-10-14.10:57:50	103.99	4226.89	0.226122	6.52304
2019-10-14.10:57:51	103.994	4230.27	0.22615	6.52594
2019-10-14.10:57:52	103.996	4233.65	0.223197	6.52822
2019-10-14.10:57:53	103.997	4237.03	0.220405	6.52938
2019-10-14.10:57:54	103.997	4240.42	0.22062	6.52919
2019-10-14.10:57:55	103.998	4243.8	0.223435	6.52766
2019-10-14.10:57:56	103.999	4247.19	0.225742	6.52497
2019-10-14.10:57:57	104.002	4250.56	0.225098	6.5213
2019-10-14.10:57:58	104.007	4253.93	0.222249	6.51685
2019-10-14.10:57:59	104.013	4257.29	0.220234	6.51194
2019-10-14.10:58:00	104.022	4260.64	0.221115	6.50702
2019-10-14.10:58:01	104.032	4263.98	0.223857	6.50261
2019-10-14.10:58:02	104.044	4267.32	0.225529	6.49912
2019-10-14.10:58:03	104.056	4270.66	0.224436	6.49674
2019-10-14.10:58:04	104.067	4273.99	0.22184	6.49547
2019-10-14.10:58:05	104.079	4277.32	0.220525	6.4952
2019-10-14.10:58:06	104.089	4280.66	0.221817	6.49583
2019-10-14.10:58:07	104.097	4283.99	0.224254	6.4972
2019-10-14.10:58:08	104.104	4287.33	0.225222	6.49904
2019-10-14.10:58:09	104.109	4290.68	0.223732	6.50091
2019-10-14.10:58:10	104.112	4294.03	0.221396	6.50237
2019-10-14.10:58:11	104.115	4297.38	0.220642	6.50308
2019-10-14.10:58:12	104.117	4300.73	0.22214	6.50291
2019-10-14.10:58:13	104.119	4304.08	0.224181	6.50182
2019-10-14.10:58:14	104.121	4307.42	0.224555	6.49986
2019-10-14.10:58:15	104.125	4310.76	0.222887	6.49707
2019-10-14.10:58:16	104.13	4314.1	0.220964	6.49359
2019-10-14.10:58:17	104.136	4317.43	0.220778	6.48968
2019-10-14.10:58:18	104.144	4320.76	0.222438	6.48571
2019-10-14.10:58:19	104.152	4324.08	0.224125	6.48207
2019-10-14.10:58:20	104.162	4327.39	0.224071	6.47901
2019-10-14.10:58:21	104.172	4330.7	0.222402	6.47667
2019-10-14.10:58:22	104.183	4334.01	0.220929	6.47509
2019-10-14.10:58:23	104.193	4337.31	0.221189	6.47427
2019-10-14.10:58:24	104.202	4340.62	0.222837	6.47421
2019-10-14.10:58:25	104.21	4343.93	0.224084	6.47479
2019-10-14.10:58:26	104.217	4347.24	0.223622	6.47577
[State]	Descent
2019-10-14.10:58:27	104.223	4350.55	0.221973	6.47681
2019-10-14.10:58:28	104.228	4353.87	0.220875	6.47761
2019-10-14.10:58:29	104.232	4357.18	0.221413	6.47796
2019-10-14.10:58:30	104.235	4360.5	0.222915	6.47775
2019-10-14.10:58:31	104.238	4363.81	0.223723	6.4769
2019-10-14.10:58:32	104.241	4367.13	0.222973	6.47538
2019-10-14.10:58:33	104.245	4370.44	0.221466	6.47318
2019-10-14.10:58:34	104.25	4373.75	0.220774	6.47041
2019-10-14.10:58:35	104.256	4377.05	0.221558	6.46727
2019-10-14.10:58:36	104.263	4380.34	0.222917	6.46407
2019-10-14.10:58:37	104.271	4383.64	0.223392	6.46103
2019-10-14.10:58:38	104.28	4386.92	0.222508	6.45833
2019-10-14.10:58:39	104.289	4390.21	0.221239	6.45608
2019-10-14.10:58:40	104.298	4393.49	0.220923	6.45436
2019-10-14.10:58:41	104.307	4396.77	0.22185	6.45323
2019-10-14.10:58:42	104.316	4400.05	0.222992	6.45272
2019-10-14.10:58:43	104.324	4403.33	0.223133	6.45272
2019-10-14.10:58:44	104.435	4406.54	5.36892	6.51478
2019-10-14.10:58:45	104.9	4409.18	12.4528	6.76715
2019-10-14.10:58:46	105.968	4410.28	19.5098	6.72924
2019-10-14.10:58:47	107.993	4408.79	26.9388	5.5541
2019-10-14.10:58:48	111.273	4403.4	30.3649	2.89782
2019-10-14.10:58:49	115.607	4394.1	30.3431	-0.121468
2019-10-14.10:58:50	120.673	4381.59	30.3358	-1.81231
2019-10-14.10:58:51	125.936	4366.98	30.3234	-1.83671
2019-10-14.10:58:52	130.802	4352.09	30.3185	-0.900836
2019-10-14.10:58:53	134.88	4338.95	30.3282	0.234312
2019-10-14.10:58:54	137.968	4329.27	30.3427	1.65594
2019-10-14.10:58:55	139.879	4324.28	30.3525	3.71806
2019-10-14.10:58:56	140.45	4324.8	30.3614	6.25108
2019-10-14.10:58:57	139.666	4331.14	30.3755	8.74406
2019-10-14.10:58:58	137.666	4343.03	30.3898	10.9433
2019-10-14.10:58:59	134.652	4359.62	30.3983	12.8669
2019-10-14.10:59:00	130.869	4379.64	30.4023	14.4635
2019-10-14.10:59:01	126.613	4401.6	30.4046	15.5341
2019-10-14.10:59:02	122.239	4423.95	30.4046	15.9109
2019-10-14.10:59:03	118.091	4445.33	25.7359	15.6446
2019-10-14.10:59:04	114.251	4465.8	19.1168	15.363
2019-10-14.10:59:05	110.551	4485.73	12.1853	15.5514
2019-10-14.10:59:06	106.888	4505.13	8.80189	15.8629
2019-10-14.10:59:07	103.577	4523.32	8.01312	15.5506
2019-10-14.10:59:08	100.868	4539.13	7.16984	14.517
2019-10-14.10:59:09	99.0873	4551.78	5.19192	12.7322
2019-10-14.10:59:10	98.514	4560.86	2.62349	10.5222
2019-10-14.10:59:11	99.1159	4566.25	0.928648	8.3553
2019-10-14.10:59:12	100.787	4568.14	1.00805	6.32281
2019-10-14.10:59:13	103.432	4567	2.17329	4.59606
2019-10-14.10:59:14	106.621	4563.5	2.70759	3.56916
2019-10-14.10:59:15	109.98	4558.84	1.6619	3.19912
2019-10-14.10:59:16	113.239	4554.28	-0.0196395	3.42482
2019-10-14.10:59:17	116.009	4550.87	-0.562926	4.21246
2019-10-14.10:59:18	118.128	4549.55	0.410547	5.30037
2019-10-14.10:59:19	119.438	4550.9	1.38202	6.69346
2019-10-14.10:59:20	119.814	4555.41	0.989809	8.30939
2019-10-14.10:59:21	119.345	4563.37	-0.210982	9.95813
2019-10-14.10:59:22	118.038	4574.59	-0.661833	11.5471
2019-10-14.10:59:23	116.014	4588.57	0.0780355	12.8801
2019-10-14.10:59:24	113.436	4604.47	0.913528	13.9234
2019-10-14.10:59:25	110.497	4621.45	0.773419	14.6289
2019-10-14.10:59:26	107.501	4638.66	-0.13998	14.8809
2019-10-14.10:59:27	104.72	4655.15	-0.773273	14.5966
2019-10-14.10:59:28	102.406	4669.92	-0.47694	13.7002
2019-10-14.10:59:29	100.88	4682.16	0.377669	12.2394
2019-10-14.10:59:30	100.279	4691.28	0.878182	10.4805
2019-10-14.10:59:31	100.699	4697.12	0.504114	8.58964
2019-10-14.10:59:32	102.129	4699.84	-0.368359	6.79983
2019-10-14.10:59:33	104.355	4699.89	-0.824586	5.3675
2019-10-14.10:59:34	107.082	4698	-0.358092	4.40356
2019-10-14.10:59:35	110.023	4695.06	0.521188	3.98798
2019-10-14.10:59:36	112.818	4691.99	0.817303	4.13449
2019-10-14.10:59:37	115.257	4689.78	0.228616	4.73157
2019-10-14.10:59:38	117.19	4689.3	-0.462575	5.6824
2019-10-14.10:59:39	118.423	4691.18	-0.388107	6.89773
2019-10-14.10:59:40	118.897	4695.81	0.286445	8.23645
2019-10-14.10:59:41	118.544	4703.31	0.64064	9.6749
2019-10-14.10:59:42	117.439	4713.63	0.252891	11.0734
2019-10-14.10:59:43	115.727	4726.42	-0.319238	12.2999
2019-10-14.10:59:44	113.533	4741.06	-0.353499	13.2583
2019-10-14.10:59:45	111.035	4756.76	0.138803	13.8608
2019-10-14.10:59:46	108.415	4772.7	0.525895	14.1014
2019-10-14.10:59:47	105.917	4788.08	0.359172	13.9169
2019-10-14.10:59:48	103.833	4802.1	-0.166873	13.209
2019-10-14.10:59:49	102.406	4814.01	-0.494374	12.0428
2019-10-14.10:59:50	101.781	4823.32	-0.29634	10.5462
2019-10-14.10:59:51	102.045	4829.78	0.209239	8.88814
2019-10-14.10:59:52	103.14	4833.43	0.497737	7.32235
2019-10-14.10:59:53	104.942	4834.65	0.277037	6.02102
2019-10-14.10:59:54	107.254	4834.06	-0.19541	5.12447
2019-10-14.10:59:55	109.801	4832.47	-0.374567	4.71353
2019-10-14.10:59:56	112.303	4830.69	-0.0502929	4.72481
2019-10-14.10:59:57	114.525	4829.47	0.384009	5.13583
2019-10-14.10:59:58	116.277	4829.57	0.41061	5.90746
2019-10-14.10:59:59	117.455	4831.62	0.0357165	6.93784
2019-10-14.11:00:00	117.998	4836.04	-0.236536	8.11769
2019-10-14.11:00:01	117.863	4842.99	-0.0742352	9.34765
2019-10-14.11:00:02	117.05	4852.38	0.274561	10.5561
2019-10-14.11:00:03	115.634	4863.95	0.351083	11.6616
2019-10-14.11:00:04	113.759	4877.24	0.078668	12.563
2019-10-14.11:00:05	111.603	4891.64	-0.19134	13.1742
2019-10-14.11:00:06	109.342	4906.44	-0.148429	13.4367
2019-10-14.11:00:07	107.154	4920.92	0.128232	13.3311
2019-10-14.11:00:08	105.244	4934.34	0.304757	12.8106
2019-10-14.11:00:09	103.836	4946.05	0.177212	11.8864
2019-10-14.11:00:10	103.113	4955.57	-0.123042	10.6522
2019-10-14.11:00:11	103.166	4962.64	-0.284009	9.2497
2019-10-14.11:00:12	103.978	4967.25	-0.138134	7.85149
2019-10-14.11:00:13	105.432	4969.63	0.164335	6.64358
2019-10-14.11:00:14	107.344	4970.26	0.308795	5.77441
2019-10-14.11:00:15	109.499	4969.85	0.156539	5.32166
2019-10-14.11:00:16	111.684	4969.11	-0.0946509	5.25003
2019-10-14.11:00:17	113.707	4968.73	-0.1396	5.51177
2019-10-14.11:00:18	115.386	4969.32	0.069801	6.07536
2019-10-14.11:00:19	116.576	4971.42	0.267826	6.89623
2019-10-14.11:00:20	117.197	4975.47	0.216006	7.89794
2019-10-14.11:00:21	117.227	4981.7	0.0017619	8.98321
2019-10-14.11:00:22	116.685	4990.11	-0.0947093	10.0565
2019-10-14.11:00:23	115.614	5000.51	0.0325976	11.0374
2019-10-14.11:00:24	114.1	5012.51	0.202622	11.8618
2019-10-14.11:00:25	112.274	5025.61	0.199057	12.4665
2019-10-14.11:00:26	110.305	5039.25	0.0308137	12.7923
2019-10-14.11:00:27	108.369	5052.83	-0.105177	12.8008
2019-10-14.11:00:28	106.635	5065.71	-0.0664174	12.461
2019-10-14.11:00:29	105.28	5077.29	0.0840535	11.7569
2019-10-14.11:00:30	104.455	5087.07	0.167452	10.7678
2019-10-14.11:00:31	104.264	5094.77	0.0885846	9.60315
2019-10-14.11:00:32	104.736	5100.32	-0.0677748	8.39788
2019-10-14.11:00:33	105.814	5103.86	-0.129395	7.29576
2019-10-14.11:00:34	107.36	5105.74	-0.0218222	6.42936
2019-10-14.11:00:35	109.182	5106.49	0.146027	5.89921
2019-10-14.11:00:36	111.083	5106.72	0.197772	5.70988
2019-10-14.11:00:37	112.895	5107.03	0.0894713	5.82947
2019-10-14.11:00:38	114.474	5108	-0.0352234	6.22712
2019-10-14.11:00:39	115.692	5110.12	-0.0205456	6.85433
2019-10-14.11:00:40	116.447	5113.8	0.109018	7.65684
2019-10-14.11:00:41	116.685	5119.28	0.187121	8.57127
2019-10-14.11:00:42	116.401	5126.65	0.121733	9.51959
2019-10-14.11:00:43	115.639	5135.84	0.003696	10.4193
2019-10-14.11:00:44	114.471	5146.57	-0.0217563	11.1961
2019-10-14.11:00:45	112.993	5158.44	0.063472	11.792
2019-10-14.11:00:46	111.328	5170.98	0.142854	12.1638
2019-10-14.11:00:47	109.621	5183.66	0.11621	12.2788
2019-10-14.11:00:48	108.027	5195.98	0.0120644	12.1183
2019-10-14.11:00:49	106.701	5207.42	-0.0579163	11.6511
2019-10-14.11:00:50	105.785	5217.49	-0.0288479	10.8999
2019-10-14.11:00:51	105.38	5225.85	0.0563254	9.95389
2019-10-14.11:00:52	105.53	5232.36	0.100551	8.92531
2019-10-14.11:00:53	106.218	5237.06	0.0582233	7.93474
2019-10-14.11:00:54	107.367	5240.17	-0.0168703	7.09598
2019-10-14.11:00:55	108.839	5242.1	-0.0315613	6.50236
2019-10-14.11:00:56	110.467	5243.33	0.0403188	6.19094
2019-10-14.11:00:57	112.093	5244.36	0.122894	6.14587
2019-10-14.11:00:58	113.576	5245.69	0.127543	6.36165
2019-10-14.11:00:59	114.799	5247.8	0.0598914	6.80567
2019-10-14.11:01:00	115.67	5251.1	0.0105028	7.42825
2019-10-14.11:01:01	116.121	5255.85	0.0404795	8.17241
2019-10-14.11:01:02	116.122	5262.21	0.107714	8.9786
2019-10-14.11:01:03	115.68	5270.17	0.125957	9.78319
2019-10-14.11:01:04	114.846	5279.6	0.0743464	10.5196
2019-10-14.11:01:05	113.698	5290.22	0.016849	11.1258
2019-10-14.11:01:06	112.336	5301.65	0.0174166	11.5519
2019-10-14.11:01:07	110.875	5313.45	0.0650544	11.7645
2019-10-14.11:01:08	109.439	5325.17	0.0946518	11.7468
2019-10-14.11:01:09	108.156	5336.37	0.066363	11.4958
2019-10-14.11:01:10	107.152	5346.65	0.0069469	10.9954
2019-10-14.11:01:11	106.541	5355.63	-0.0252887	10.2818
