DateTime	ASI:airspeed	Altimeter:altitude	RC:roll	HI:heading
[State]	Standing
2019-10-11.17:47:55	0.474726	1654.61	-0.0010306	0.0033878
[State]	Taxiing
2019-10-11.17:47:56	0.0731498	1654.75	-0.0268963	0.453951
2019-10-11.17:47:57	0.0572793	1654.78	-0.0383173	-0.11395
2019-10-11.17:47:58	1.63126	1654.79	-0.105679	-0.0721873
2019-10-11.17:47:59	5.00611	1654.79	-0.171809	0.152836
2019-10-11.17:48:00	8.86449	1654.79	-0.190993	0.247557
2019-10-11.17:48:01	12.7787	1654.79	-0.247276	0.296688
2019-10-11.17:48:02	16.614	1654.79	-0.44451	0.341623
2019-10-11.17:48:03	20.3879	1654.79	-0.829593	0.478771
2019-10-11.17:48:04	24.1016	1654.79	-1.2087	0.572093
2019-10-11.17:48:05	27.7403	1654.8	-1.52069	0.619471
2019-10-11.17:48:06	31.3096	1654.8	-1.71928	0.635074
2019-10-11.17:48:07	34.7754	1654.8	-1.88278	0.669183
2019-10-11.17:48:08	38.1083	1654.8	-2.02663	0.708235
2019-10-11.17:48:09	41.3168	1654.81	-2.12244	0.744098
2019-10-11.17:48:10	44.4241	1654.81	-2.16479	0.781836
2019-10-11.17:48:11	47.46	1654.81	-2.1614	0.829863
2019-10-11.17:48:12	50.4546	1654.82	-2.1002	0.889032
2019-10-11.17:48:13	53.4319	1654.82	-1.99578	0.951455
2019-10-11.17:48:14	56.4083	1654.83	-1.86274	1.01302
2019-10-11.17:48:15	59.3954	1654.83	-1.70814	1.07487
2019-10-11.17:48:16	62.4014	1654.84	-1.53601	1.13781
2019-10-11.17:48:17	65.4322	1654.84	-1.34885	1.20215
2019-10-11.17:48:18	68.4923	1654.85	-1.14847	1.26782
2019-10-11.17:48:19	71.585	1654.85	-0.936364	1.33466
2019-10-11.17:48:20	74.7123	1654.86	-0.7139	1.40245
2019-10-11.17:48:21	77.8752	1654.87	-0.482395	1.47092
[State]	TakeOff
2019-10-11.17:48:22	81.0736	1654.88	-0.24324	1.53978
2019-10-11.17:48:23	84.3327	1654.89	-0.150259	1.6004
2019-10-11.17:48:24	87.6683	1654.9	-0.0524857	2.36967
2019-10-11.17:48:25	90.7772	1655.18	0.0481568	9.85631
2019-10-11.17:48:26	91.0846	1660.73	4.28139	12.4797
2019-10-11.17:48:27	90.2022	1669.07	10.3757	11.5311
2019-10-11.17:48:28	89.3623	1675.76	17.0638	11.8879
2019-10-11.17:48:29	88.5301	1681.1	24.7095	12.8117
2019-10-11.17:48:30	87.8371	1685.28	30.3112	12.993
2019-10-11.17:48:31	87.3024	1688.37	30.3651	12.4517
2019-10-11.17:48:32	86.9707	1691.06	30.3764	11.6505
2019-10-11.17:48:33	86.7605	1693.47	30.3659	11.4474
2019-10-11.17:48:34	86.5835	1695.75	30.3526	11.7469
2019-10-11.17:48:35	86.3857	1697.95	30.3453	12.2191
2019-10-11.17:48:36	86.1663	1700.09	30.3465	12.4943
2019-10-11.17:48:37	85.9575	1702.15	30.3517	12.4673
2019-10-11.17:48:38	85.787	1704.13	30.355	12.2629
2019-10-11.17:48:39	85.6605	1706.01	30.3541	12.0839
2019-10-11.17:48:40	85.5625	1707.81	30.3501	12.0487
2019-10-11.17:48:41	85.449	1709.58	26.9426	12.1821
2019-10-11.17:48:42	85.0159	1712.35	20.3985	12.7233
2019-10-11.17:48:43	84.0225	1717.26	13.9	12.9344
2019-10-11.17:48:44	82.8778	1723.29	7.06598	12.839
2019-10-11.17:48:45	81.6875	1729.39	-0.338681	13.3859
2019-10-11.17:48:46	80.6077	1735.19	-1.07144	13.2805
2019-10-11.17:48:47	80.0103	1740.19	2.418	12.2659
2019-10-11.17:48:48	79.8959	1743.7	5.07994	12.0576
2019-10-11.17:48:49	79.8065	1746.35	4.69136	12.6302
2019-10-11.17:48:50	79.6947	1749.1	1.40366	12.3495
2019-10-11.17:48:51	79.6872	1752.07	-2.50378	12.4571
2019-10-11.17:48:52	79.5019	1755.22	-3.95374	12.9588
[State]	Climb
2019-10-11.17:48:53	79.2165	1758.57	-1.75277	12.8207
2019-10-11.17:48:54	79.1287	1761.85	2.47119	12.3779
2019-10-11.17:48:55	79.1091	1764.64	5.4224	12.4777
2019-10-11.17:48:56	79.1084	1766.87	4.68111	12.6538
2019-10-11.17:48:57	79.1328	1769.15	0.679844	12.3669
2019-10-11.17:48:58	79.2217	1771.75	-3.62624	12.6625
2019-10-11.17:48:59	79.0194	1774.69	-4.74816	13.3719
2019-10-11.17:49:00	78.6796	1777.97	-1.7087	13.1659
2019-10-11.17:49:01	78.5356	1781.29	3.12869	12.7695
2019-10-11.17:49:02	78.4288	1784.07	6.381	13.0496
2019-10-11.17:49:03	78.4073	1786.19	5.10858	12.7737
2019-10-11.17:49:04	78.5641	1788.1	0.173303	12.2756
2019-10-11.17:49:05	78.8125	1790.24	-4.73224	12.6589
2019-10-11.17:49:06	78.7132	1792.68	-5.60283	13.4749
2019-10-11.17:49:07	78.4698	1795.54	-1.67282	13.0854
2019-10-11.17:49:08	78.4264	1798.53	3.07188	12.7179
2019-10-11.17:49:09	78.3483	1801.07	7.03705	13.175
2019-10-11.17:49:10	78.3181	1802.98	6.1506	13.1125
2019-10-11.17:49:11	78.456	1804.78	0.370545	12.3015
2019-10-11.17:49:12	78.7142	1806.84	-5.4551	12.7938
2019-10-11.17:49:13	78.5706	1809.19	-6.56617	13.8151
2019-10-11.17:49:14	78.2705	1812	-2.19604	13.2329
2019-10-11.17:49:15	78.2417	1814.92	2.3717	12.6712
2019-10-11.17:49:16	78.1952	1817.35	6.01822	13.0648
2019-10-11.17:49:17	78.2248	1819.06	8.33762	13.4098
2019-10-11.17:49:18	78.3105	1820.61	2.06215	12.6809
2019-10-11.17:49:19	78.4995	1822.72	-4.67827	13.0091
2019-10-11.17:49:20	78.2276	1825.29	-7.37709	14.5149
2019-10-11.17:49:21	77.667	1828.41	-3.48917	14.1287
2019-10-11.17:49:22	77.4142	1831.73	1.1728	13.2019
2019-10-11.17:49:23	77.2852	1834.48	4.54373	13.302
2019-10-11.17:49:24	77.2768	1836.32	8.38698	13.4523
2019-10-11.17:49:25	77.5213	1837.33	5.35932	13.2526
2019-10-11.17:49:26	77.8666	1838.74	-1.91752	12.6293
2019-10-11.17:49:27	77.9045	1840.74	-7.72632	14.2427
2019-10-11.17:49:28	77.4067	1843.38	-5.81743	14.8712
2019-10-11.17:49:29	77.0009	1846.59	-0.607243	13.4392
2019-10-11.17:49:30	76.9987	1849.34	2.94286	13.0039
2019-10-11.17:49:31	77.0665	1851.15	6.26022	13.1351
2019-10-11.17:49:32	77.379	1852.01	9.90469	13.4995
2019-10-11.17:49:33	77.6811	1852.85	2.36723	12.9172
2019-10-11.17:49:34	77.877	1854.69	-3.99528	13.6355
2019-10-11.17:49:35	77.4249	1857.39	-7.94581	15.3838
2019-10-11.17:49:36	76.7762	1860.63	-3.63922	14.2503
2019-10-11.17:49:37	76.7073	1863.61	0.788137	12.8361
2019-10-11.17:49:38	76.9154	1865.55	3.97045	12.6023
2019-10-11.17:49:39	77.2763	1866.4	7.697	13.0396
2019-10-11.17:49:40	77.6511	1866.82	7.34796	13.5994
2019-10-11.17:49:41	77.8998	1868.12	-0.0132534	13.0268
2019-10-11.17:49:42	77.754	1870.53	-6.03226	14.5902
2019-10-11.17:49:43	77.1054	1873.65	-7.12223	15.2172
2019-10-11.17:49:44	76.6294	1876.89	-1.74416	13.5953
2019-10-11.17:49:45	76.7413	1879.5	2.02447	12.6531
2019-10-11.17:49:46	77.0114	1880.98	5.19682	12.6124
2019-10-11.17:49:47	77.4209	1881.51	9.49359	13.394
2019-10-11.17:49:48	77.7416	1882.09	4.39406	13.2271
2019-10-11.17:49:49	77.9474	1883.8	-2.30919	13.4313
2019-10-11.17:49:50	77.5479	1886.54	-8.30295	15.0651
2019-10-11.17:49:51	76.8826	1889.73	-5.14845	14.7319
2019-10-11.17:49:52	76.654	1892.82	-0.176928	13.0701
2019-10-11.17:49:53	76.8455	1895.02	3.15454	12.5953
2019-10-11.17:49:54	77.1766	1896.09	6.56881	12.781
2019-10-11.17:49:55	77.5931	1896.46	9.34286	13.6322
2019-10-11.17:49:56	77.8627	1897.4	1.73085	12.9598
2019-10-11.17:49:57	77.9052	1899.51	-4.4752	14.1023
2019-10-11.17:49:58	77.3345	1902.49	-7.74247	15.2927
2019-10-11.17:49:59	76.7437	1905.72	-3.06293	14.0388
2019-10-11.17:50:00	76.7457	1908.55	1.15883	12.7397
2019-10-11.17:50:01	76.9793	1910.32	4.30752	12.5793
2019-10-11.17:50:02	77.3653	1911.04	8.17953	13.1061
2019-10-11.17:50:03	77.7363	1911.44	6.45969	13.4755
2019-10-11.17:50:04	77.991	1912.83	-0.711426	13.0762
2019-10-11.17:50:05	77.7685	1915.31	-6.69611	14.7225
2019-10-11.17:50:06	77.1123	1918.43	-6.64863	15.0747
2019-10-11.17:50:07	76.7071	1921.62	-1.2583	13.3864
2019-10-11.17:50:08	76.8561	1924.09	2.36344	12.5957
2019-10-11.17:50:09	77.1435	1925.43	5.58821	12.6137
2019-10-11.17:50:10	77.5605	1925.89	10.0182	13.4484
2019-10-11.17:50:11	77.8649	1926.55	3.5403	13.0788
2019-10-11.17:50:12	78.036	1928.36	-2.98814	13.5842
2019-10-11.17:50:13	77.5774	1931.18	-8.60138	15.1328
2019-10-11.17:50:14	76.9252	1934.37	-4.47813	14.486
2019-10-11.17:50:15	76.7774	1937.39	0.264686	12.9073
2019-10-11.17:50:16	76.9823	1939.44	3.52332	12.5553
2019-10-11.17:50:17	77.3317	1940.38	7.06957	12.84
2019-10-11.17:50:18	77.7381	1940.73	8.45699	13.5979
2019-10-11.17:50:19	78.0001	1941.81	0.888085	12.9159
2019-10-11.17:50:20	77.9642	1944.03	-5.21479	14.2918
2019-10-11.17:50:21	77.3556	1947.06	-7.48182	15.2314
2019-10-11.17:50:22	76.817	1950.28	-2.42717	13.7662
2019-10-11.17:50:23	76.8802	1952.99	1.58198	12.637
2019-10-11.17:50:24	77.1304	1954.6	4.73915	12.5436
2019-10-11.17:50:25	77.5294	1955.21	8.8158	13.1974
2019-10-11.17:50:26	77.8765	1955.67	5.40597	13.3036
2019-10-11.17:50:27	78.1153	1957.21	-1.53092	13.1772
2019-10-11.17:50:28	77.8013	1959.81	-7.5123	14.854
2019-10-11.17:50:29	77.1373	1962.95	-5.90054	14.8622
2019-10-11.17:50:30	76.8204	1966.08	-0.691204	13.158
2019-10-11.17:50:31	76.9977	1968.4	2.78432	12.5392
2019-10-11.17:50:32	77.3064	1969.59	6.10634	12.6389
2019-10-11.17:50:33	77.7254	1969.98	9.95448	13.5133
2019-10-11.17:50:34	78.0079	1970.77	2.52959	12.9382
2019-10-11.17:50:35	78.1176	1972.73	-3.81313	13.8066
2019-10-11.17:50:36	77.5947	1975.63	-8.17297	15.1897
2019-10-11.17:50:37	76.9706	1978.83	-3.69117	14.1813
2019-10-11.17:50:38	76.9115	1981.74	0.774387	12.7452
2019-10-11.17:50:39	77.132	1983.62	3.97433	12.5161
2019-10-11.17:50:40	77.5018	1984.42	7.70523	12.9356
2019-10-11.17:50:41	77.8883	1984.77	7.2953	13.4955
2019-10-11.17:50:42	78.1472	1986.02	-0.0692382	12.9308
2019-10-11.17:50:43	78.0043	1988.39	-6.08883	14.5002
2019-10-11.17:50:44	77.3638	1991.46	-7.1178	15.1015
2019-10-11.17:50:45	76.9007	1994.65	-1.72148	13.4727
2019-10-11.17:50:46	77.0213	1997.21	2.06297	12.5486
2019-10-11.17:50:47	77.2922	1998.65	5.26271	12.5251
2019-10-11.17:50:48	77.7022	1999.15	9.59843	13.3031
2019-10-11.17:50:49	78.0209	1999.71	4.19764	13.0991
2019-10-11.17:50:50	78.2237	2001.41	-2.47814	13.3609
2019-10-11.17:50:51	77.8149	2004.14	-8.43424	14.9856
2019-10-11.17:50:52	77.1542	2007.3	-4.98925	14.5705
2019-10-11.17:50:53	76.9482	2010.35	-0.0604906	12.9309
2019-10-11.17:50:54	77.143	2012.49	3.28095	12.496
2019-10-11.17:50:55	77.4758	2013.51	6.75302	12.7162
2019-10-11.17:50:56	77.8855	2013.86	9.00888	13.5433
2019-10-11.17:50:57	78.1491	2014.83	1.3746	12.8511
2019-10-11.17:50:58	78.1642	2016.96	-4.79552	14.0904
2019-10-11.17:50:59	77.5779	2019.93	-7.6008	15.1887
2019-10-11.17:51:00	77.0076	2023.14	-2.80109	13.8356
2019-10-11.17:51:01	77.0366	2025.91	1.35613	12.6115
2019-10-11.17:51:02	77.2757	2027.59	4.53144	12.4888
2019-10-11.17:51:03	77.6641	2028.24	8.51119	13.0826
2019-10-11.17:51:04	78.0182	2028.66	5.88705	13.3186
2019-10-11.17:51:05	78.2642	2030.11	-1.17102	13.0486
2019-10-11.17:51:06	77.9932	2032.63	-7.15212	14.7262
2019-10-11.17:51:07	77.3305	2035.75	-6.23269	14.8892
2019-10-11.17:51:08	76.9725	2038.89	-0.94017	13.1858
2019-10-11.17:51:09	77.1378	2041.26	2.62029	12.4954
2019-10-11.17:51:10	77.4346	2042.5	5.91576	12.5664
2019-10-11.17:51:11	77.8492	2042.9	10.0902	13.4355
2019-10-11.17:51:12	78.135	2043.62	2.87581	12.9239
2019-10-11.17:51:13	78.2685	2045.51	-3.53636	13.6601
2019-10-11.17:51:14	77.7675	2048.36	-8.3626	15.119
2019-10-11.17:51:15	77.1305	2051.54	-3.96593	14.2257
2019-10-11.17:51:16	77.0413	2054.47	0.610569	12.7388
2019-10-11.17:51:17	77.2548	2056.39	3.84468	12.4756
2019-10-11.17:51:18	77.6149	2057.22	7.52518	12.8583
2019-10-11.17:51:19	78.0032	2057.56	7.60882	13.4843
2019-10-11.17:51:20	78.2597	2058.74	0.170261	12.8691
2019-10-11.17:51:21	78.1475	2061.04	-5.87022	14.3973
2019-10-11.17:51:22	77.513	2064.08	-7.24765	15.0923
2019-10-11.17:51:23	77.028	2067.27	-1.90405	13.4973
2019-10-11.17:51:24	77.1341	2069.85	1.95182	12.5225
2019-10-11.17:51:25	77.3977	2071.31	5.15097	12.4864
[State]	Cruise
2019-10-11.17:51:26	77.8018	2071.82	9.4303	13.2444
2019-10-11.17:51:27	78.1224	2072.34	4.44169	13.1031
2019-10-11.17:51:28	78.333	2073.99	-2.29173	13.2748
2019-10-11.17:51:29	77.9428	2076.67	-8.28416	14.9228
2019-10-11.17:51:30	77.2793	2079.81	-5.17644	14.5916
2019-10-11.17:51:31	77.051	2082.85	-0.180322	12.9327
2019-10-11.17:51:32	77.2422	2085.01	3.1971	12.4658
2019-10-11.17:51:33	77.569	2086.03	6.64603	12.6661
2019-10-11.17:51:34	77.9786	2086.37	9.19144	13.5115
2019-10-11.17:51:35	78.2428	2087.29	1.54751	12.8237
2019-10-11.17:51:36	78.275	2089.36	-4.64912	14.0082
2019-10-11.17:51:37	77.698	2092.3	-7.65669	15.1604
2019-10-11.17:51:38	77.1182	2095.49	-2.94025	13.8502
2019-10-11.17:51:39	77.1353	2098.25	1.27429	12.5927
2019-10-11.17:51:40	77.3709	2099.95	4.45994	12.4604
2019-10-11.17:51:41	77.7554	2100.59	8.40727	13.0314
2019-10-11.17:51:42	78.1122	2100.97	6.06308	13.3132
2019-10-11.17:51:43	78.3605	2102.38	-1.03866	12.9942
2019-10-11.17:51:44	78.1057	2104.86	-7.02088	14.667
2019-10-11.17:51:45	77.4453	2107.94	-6.36155	14.8859
2019-10-11.17:51:46	77.0741	2111.07	-1.03515	13.1833
2019-10-11.17:51:47	77.2355	2113.44	2.55997	12.4677
2019-10-11.17:51:48	77.528	2114.67	5.84855	12.53
2019-10-11.17:51:49	77.941	2115.07	10.1096	13.3934
2019-10-11.17:51:50	78.2287	2115.75	2.99538	12.9068
2019-10-11.17:51:51	78.3706	2117.6	-3.44248	13.5954
2019-10-11.17:51:52	77.8785	2120.4	-8.42248	15.078
2019-10-11.17:51:53	77.2389	2123.56	-4.06415	14.2242
2019-10-11.17:51:54	77.1405	2126.48	0.555027	12.7204
2019-10-11.17:51:55	77.3523	2128.4	3.80561	12.4474
2019-10-11.17:51:56	77.7091	2129.22	7.4723	12.8175
2019-10-11.17:51:57	78.0981	2129.53	7.70644	13.4633
2019-10-11.17:51:58	78.3544	2130.68	0.244162	12.833
2019-10-11.17:51:59	78.2522	2132.94	-5.80347	14.3466
2019-10-11.17:52:00	77.621	2135.95	-7.28823	15.0703
2019-10-11.17:52:01	77.1307	2139.11	-1.95932	13.4841
2019-10-11.17:52:02	77.2335	2141.68	1.92379	12.4952
2019-10-11.17:52:03	77.4949	2143.14	5.12708	12.4585
2019-10-11.17:52:04	77.8971	2143.63	9.39338	13.2088
2019-10-11.17:52:05	78.2182	2144.12	4.4939	13.0826
2019-10-11.17:52:06	78.4309	2145.74	-2.25431	13.2326
2019-10-11.17:52:07	78.0459	2148.38	-8.2497	14.886
2019-10-11.17:52:08	77.3829	2151.5	-5.22271	14.5721
2019-10-11.17:52:09	77.1509	2154.53	-0.206373	12.9082
2019-10-11.17:52:10	77.3418	2156.66	3.18489	12.4371
2019-10-11.17:52:11	77.6666	2157.67	6.63381	12.6354
2019-10-11.17:52:12	78.0755	2157.99	9.21907	13.4833
2019-10-11.17:52:13	78.3395	2158.88	1.5721	12.7946
2019-10-11.17:52:14	78.3744	2160.93	-4.6286	13.9706
2019-10-11.17:52:15	77.7995	2163.84	-7.67582	15.1312
2019-10-11.17:52:16	77.2192	2167.01	-2.96197	13.825
2019-10-11.17:52:17	77.2355	2169.75	1.2671	12.5633
2019-10-11.17:52:18	77.4704	2171.42	4.45966	12.4338
2019-10-11.17:52:19	77.8534	2172.05	8.40819	13.0025
2019-10-11.17:52:20	78.2093	2172.41	6.04939	13.2842
2019-10-11.17:52:21	78.4576	2173.79	-1.05389	12.9646
2019-10-11.17:52:22	78.203	2176.25	-7.0359	14.6395
2019-10-11.17:52:23	77.5433	2179.31	-6.3517	14.8525
2019-10-11.17:52:24	77.1743	2182.41	-1.02698	13.1483
2019-10-11.17:52:25	77.3368	2184.75	2.57493	12.4378
2019-10-11.17:52:26	77.6291	2185.96	5.87181	12.5052
2019-10-11.17:52:27	78.0411	2186.33	10.1009	13.3698
2019-10-11.17:52:28	78.3271	2187	2.93987	12.873
2019-10-11.17:52:29	78.4665	2188.83	-3.49156	13.5773
2019-10-11.17:52:30	77.9723	2191.62	-8.38437	15.0536
2019-10-11.17:52:31	77.335	2194.76	-4.02541	14.1774
2019-10-11.17:52:32	77.2424	2197.64	0.587747	12.6825
2019-10-11.17:52:33	77.4553	2199.53	3.84351	12.4197
2019-10-11.17:52:34	77.8123	2200.32	7.52667	12.8001
2019-10-11.17:52:35	78.1987	2200.61	7.60768	13.4298
2019-10-11.17:52:36	78.4545	2201.75	0.159667	12.8083
2019-10-11.17:52:37	78.3441	2204.01	-5.88223	14.3371
2019-10-11.17:52:38	77.711	2207	-7.25374	15.0307
2019-10-11.17:52:39	77.2285	2210.13	-1.90212	13.4309
2019-10-11.17:52:40	77.3366	2212.66	1.97084	12.4613
2019-10-11.17:52:41	77.5995	2214.08	5.18498	12.4345
2019-10-11.17:52:42	78.0016	2214.55	9.47945	13.1957
2019-10-11.17:52:43	78.3189	2215.03	4.36197	13.0367
2019-10-11.17:52:44	78.5274	2216.64	-2.36107	13.2282
2019-10-11.17:52:45	78.1333	2219.28	-8.34353	14.8745
2019-10-11.17:52:46	77.472	2222.37	-5.12649	14.5111
2019-10-11.17:52:47	77.2533	2225.37	-0.134946	12.8565
2019-10-11.17:52:48	77.4464	2227.46	3.25014	12.4083
2019-10-11.17:52:49	77.7732	2228.43	6.72274	12.6237
2019-10-11.17:52:50	78.1797	2228.72	9.05968	13.4595
2019-10-11.17:52:51	78.4414	2229.62	1.40795	12.7619
2019-10-11.17:52:52	78.4631	2231.67	-4.77315	13.9839
2019-10-11.17:52:53	77.8812	2234.57	-7.62671	15.0993
2019-10-11.17:52:54	77.3111	2237.71	-2.84122	13.7489
2019-10-11.17:52:55	77.34	2240.41	1.35483	12.5203
2019-10-11.17:52:56	77.5779	2242.03	4.55373	12.4076
2019-10-11.17:52:57	77.9626	2242.62	8.54496	13.0023
2019-10-11.17:52:58	78.3125	2242.97	5.8152	13.2277
2019-10-11.17:52:59	78.5575	2244.36	-1.23995	12.9648
2019-10-11.17:53:00	78.2837	2246.82	-7.22042	14.6486
2019-10-11.17:53:01	77.6228	2249.87	-6.18117	14.7827
2019-10-11.17:53:02	77.2743	2252.93	-0.896908	13.0754
2019-10-11.17:53:03	77.4434	2255.22	2.67943	12.4057
2019-10-11.17:53:04	77.7399	2256.38	6.00277	12.4946
2019-10-11.17:53:05	78.1514	2256.72	10.0364	13.3675
2019-10-11.17:53:06	78.4315	2257.4	2.68986	12.8212
2019-10-11.17:53:07	78.5557	2259.24	-3.69841	13.6127
2019-10-11.17:53:08	78.0467	2262.03	-8.24269	15.0458
2019-10-11.17:53:09	77.418	2265.14	-3.83635	14.0809
2019-10-11.17:53:10	77.3474	2267.98	0.716524	12.6236
2019-10-11.17:53:11	77.5641	2269.81	3.96449	12.3931
2019-10-11.17:53:12	77.9253	2270.54	7.69828	12.8087
2019-10-11.17:53:13	78.3051	2270.82	7.29398	13.3793
2019-10-11.17:53:14	78.5607	2271.99	-0.0939009	12.7989
2019-10-11.17:53:15	78.4215	2274.26	-6.11754	14.3712
2019-10-11.17:53:16	77.7819	2277.24	-7.11787	14.9706
2019-10-11.17:53:17	77.3216	2280.34	-1.71664	13.335
2019-10-11.17:53:18	77.4439	2282.81	2.10569	12.4219
2019-10-11.17:53:19	77.712	2284.16	5.33898	12.4174
2019-10-11.17:53:20	78.1157	2284.58	9.70748	13.2074
2019-10-11.17:53:21	78.4247	2285.08	4.0299	12.9642
2019-10-11.17:53:22	78.6207	2286.72	-2.62428	13.2685
2019-10-11.17:53:23	78.2028	2289.36	-8.52582	14.8891
2019-10-11.17:53:24	77.5455	2292.44	-4.88045	14.405
2019-10-11.17:53:25	77.3581	2295.39	0.0374037	12.7774
2019-10-11.17:53:26	77.556	2297.41	3.39512	12.3801
2019-10-11.17:53:27	77.889	2298.32	6.91798	12.6336
2019-10-11.17:53:28	78.2906	2298.58	8.71655	13.4348
2019-10-11.17:53:29	78.5493	2299.51	1.08493	12.7311
2019-10-11.17:53:30	78.541	2301.59	-5.0549	14.0441
2019-10-11.17:53:31	77.9447	2304.49	-7.55532	15.0609
2019-10-11.17:53:32	77.3953	2307.6	-2.59757	13.6306
2019-10-11.17:53:33	77.4477	2310.23	1.52124	12.468
2019-10-11.17:53:34	77.6912	2311.78	4.72543	12.3837
2019-10-11.17:53:35	78.0799	2312.31	8.79732	13.0259
2019-10-11.17:53:36	78.4199	2312.67	5.40232	13.1453
2019-10-11.17:53:37	78.6577	2314.1	-1.56073	12.9958
2019-10-11.17:53:38	78.3494	2316.58	-7.54221	14.685
2019-10-11.17:53:39	77.6871	2319.62	-5.89155	14.6805
2019-10-11.17:53:40	77.375	2322.64	-0.675317	12.9744
2019-10-11.17:53:41	77.5536	2324.85	2.85007	12.3734
2019-10-11.17:53:42	77.8577	2325.93	6.21681	12.4983
2019-10-11.17:53:43	78.2681	2326.23	9.82727	13.3757
2019-10-11.17:53:44	78.5405	2326.94	2.28635	12.7608
2019-10-11.17:53:45	78.6371	2328.83	-4.03332	13.6927
2019-10-11.17:53:46	78.1046	2331.62	-8.00685	15.0434
2019-10-11.17:53:47	77.4917	2334.72	-3.52393	13.9426
2019-10-11.17:53:48	78.2946	2336.81	1.23166	5.94382
2019-10-11.17:53:49	82.6811	2331.64	-2.1942	0.0272902
2019-10-11.17:53:50	89.6849	2318.97	-12.2424	-4.56857
2019-10-11.17:53:51	98.7468	2299.65	-18.4653	-5.58742
2019-10-11.17:53:52	108.161	2275.66	-19.1545	-6.4261
2019-10-11.17:53:53	117.472	2249.22	-26.1152	-7.65606
2019-10-11.17:53:54	126.636	2221.06	-29.042	-9.09991
2019-10-11.17:53:55	135.026	2192.82	-29.072	-8.06201
2019-10-11.17:53:56	141.939	2167.98	-29.0757	-4.63968
2019-10-11.17:53:57	146.626	2150.25	-29.0937	-0.664699
2019-10-11.17:53:58	148.966	2142.33	-29.1302	3.02571
2019-10-11.17:53:59	149.037	2145.3	-29.1585	7.0609
2019-10-11.17:54:00	146.812	2159.16	-29.1808	11.5279
2019-10-11.17:54:01	142.453	2182.88	-29.2111	15.639
2019-10-11.17:54:02	136.391	2214.36	-29.2392	18.9262
2019-10-11.17:54:03	129.126	2250.71	-29.2544	21.4102
2019-10-11.17:54:04	121.195	2288.85	-29.2613	23.0264
2019-10-11.17:54:05	113.2	2325.85	-29.2651	23.4871
2019-10-11.17:54:06	105.808	2359.25	-29.266	22.613
2019-10-11.17:54:07	99.6745	2387.26	-29.2596	20.4439
2019-10-11.17:54:08	95.4297	2408.52	-29.2438	16.9792
2019-10-11.17:54:09	93.6392	2422.04	-26.8696	12.3889
2019-10-11.17:54:10	94.4711	2427.9	-21.4251	7.33277
2019-10-11.17:54:11	97.5096	2427.15	-15.6143	3.24213
2019-10-11.17:54:12	101.865	2421.47	-9.4419	1.12453
2019-10-11.17:54:13	106.695	2413.22	-3.88028	0.838187
2019-10-11.17:54:14	111.305	2404.92	-4.54784	1.52826
[State]	StraightAndLevel
2019-10-11.17:54:15	115.24	2398.4	-5.0553	2.93691
2019-10-11.17:54:16	118.044	2395.11	-3.40124	4.70577
2019-10-11.17:54:17	119.684	2396.08	-0.847932	6.73057
2019-10-11.17:54:18	119.898	2401.79	-0.0126497	9.18709
2019-10-11.17:54:19	118.807	2412.61	-1.12972	11.6937
2019-10-11.17:54:20	116.548	2428.14	-1.96324	14.0572
2019-10-11.17:54:21	113.222	2447.46	-1.08009	16.033
2019-10-11.17:54:22	109.192	2469.22	0.472191	17.4619
2019-10-11.17:54:23	104.699	2491.94	0.91992	18.3897
2019-10-11.17:54:24	100.219	2514.2	-0.0522304	18.4921
2019-10-11.17:54:25	96.2886	2534.47	-1.25126	17.6346
2019-10-11.17:54:26	93.287	2551.44	-1.40855	15.8847
2019-10-11.17:54:27	91.6754	2564.2	-0.355735	13.2428
2019-10-11.17:54:28	91.7229	2572.15	0.952292	10.1415
2019-10-11.17:54:29	93.3786	2575.24	1.31748	7.11574
2019-10-11.17:54:30	96.4519	2573.98	0.375154	4.51946
2019-10-11.17:54:31	100.56	2569.37	-0.943297	2.74011
2019-10-11.17:54:32	105.055	2562.77	-1.20191	1.99171
2019-10-11.17:54:33	109.447	2555.81	-0.08046	2.10463
2019-10-11.17:54:34	113.287	2549.91	1.08162	2.97186
2019-10-11.17:54:35	116.206	2546.42	0.891579	4.48347
2019-10-11.17:54:36	118.079	2546.6	-0.262237	6.40599
2019-10-11.17:54:37	118.766	2551.14	-0.771855	8.58376
2019-10-11.17:54:38	118.223	2560.28	-0.0425994	10.7841
2019-10-11.17:54:39	116.514	2573.67	0.809681	12.9052
2019-10-11.17:54:40	113.772	2590.68	0.653277	14.8317
2019-10-11.17:54:41	110.3	2610.38	-0.213917	16.3662
2019-10-11.17:54:42	106.385	2631.57	-0.670543	17.3835
2019-10-11.17:54:43	102.331	2652.87	-0.22154	17.7125
2019-10-11.17:54:44	98.5711	2672.81	0.5603	17.1707
2019-10-11.17:54:45	95.5225	2690.05	0.814872	15.8109
2019-10-11.17:54:46	93.6146	2703.66	0.269532	13.7006
2019-10-11.17:54:47	93.1496	2713.09	-0.576667	11.093
2019-10-11.17:54:48	94.1555	2718.18	-0.929918	8.37523
2019-10-11.17:54:49	96.4997	2719.2	-0.419554	5.86694
2019-10-11.17:54:50	99.9002	2716.81	0.494082	3.92228
2019-10-11.17:54:51	103.848	2712.04	0.897323	2.86497
2019-10-11.17:54:52	107.871	2706.37	0.388374	2.71042
2019-10-11.17:54:53	111.571	2701.3	-0.391308	3.30639
2019-10-11.17:54:54	114.584	2698.11	-0.484813	4.46687
2019-10-11.17:54:55	116.69	2697.81	0.168592	6.01949
2019-10-11.17:54:56	117.698	2701.13	0.663324	7.89675
2019-10-11.17:54:57	117.572	2708.5	0.378391	9.93131
2019-10-11.17:54:58	116.4	2719.94	-0.228123	11.9345
2019-10-11.17:54:59	114.295	2734.96	-0.340097	13.7467
2019-10-11.17:55:00	111.413	2752.73	0.127351	15.2332
2019-10-11.17:55:01	107.969	2772.2	0.533449	16.3172
2019-10-11.17:55:02	104.272	2792.25	0.389077	16.8813
2019-10-11.17:55:03	100.715	2811.61	-0.124	16.7111
2019-10-11.17:55:04	97.7122	2829.04	-0.462664	15.7489
2019-10-11.17:55:05	95.6122	2843.51	-0.308205	14.069
2019-10-11.17:55:06	94.6946	2854.32	0.161952	11.8458
2019-10-11.17:55:07	95.0764	2861.15	0.48	9.39927
2019-10-11.17:55:08	96.7237	2864.12	0.330881	7.0563
2019-10-11.17:55:09	99.437	2863.74	-0.135502	5.1313
2019-10-11.17:55:10	102.865	2860.88	-0.417872	3.86173
2019-10-11.17:55:11	106.55	2856.71	-0.181888	3.37039
2019-10-11.17:55:12	110.051	2852.54	0.32108	3.62432
2019-10-11.17:55:13	113.013	2849.57	0.507021	4.47085
2019-10-11.17:55:14	115.221	2848.88	0.184756	5.77684
2019-10-11.17:55:15	116.541	2851.29	-0.192672	7.39076
2019-10-11.17:55:16	116.885	2857.27	-0.13952	9.16282
2019-10-11.17:55:17	116.218	2866.88	0.227459	10.9724
2019-10-11.17:55:18	114.603	2879.88	0.399682	12.7017
2019-10-11.17:55:19	112.209	2895.69	0.172942	14.2069
2019-10-11.17:55:20	109.261	2913.5	-0.141933	15.3544
2019-10-11.17:55:21	106.008	2932.29	-0.16915	16.0378
2019-10-11.17:55:22	102.728	2950.94	0.0908568	16.1343
2019-10-11.17:55:23	99.7687	2968.25	0.316003	15.533
2019-10-11.17:55:24	97.4899	2983.21	0.246441	14.269
2019-10-11.17:55:25	96.1989	2995.07	-0.0629403	12.4582
2019-10-11.17:55:26	96.0809	3003.43	-0.318671	10.3165
2019-10-11.17:55:27	97.1527	3008.21	-0.270524	8.12748
2019-10-11.17:55:28	99.11	3009.83	-6.15929	6.18379
2019-10-11.17:55:29	101.293	3009.3	-14.5714	5.27567
2019-10-11.17:55:30	103.473	3006.95	-22.86	4.54665
2019-10-11.17:55:31	105.94	3002.19	-29.5061	2.67493
2019-10-11.17:55:32	109.1	2994.34	-29.4791	-0.49787
2019-10-11.17:55:33	113.042	2983.71	-29.4808	-2.92898
2019-10-11.17:55:34	117.185	2971.17	-29.4748	-3.27348
2019-10-11.17:55:35	121.001	2958.39	-29.4647	-2.04898
2019-10-11.17:55:36	123.935	2947.31	-29.4689	-0.492331
2019-10-11.17:55:37	125.861	2939.38	-29.4868	0.816409
2019-10-11.17:55:38	126.79	2935.32	-29.5036	2.28906
2019-10-11.17:55:39	126.678	2935.39	-29.5137	4.26875
2019-10-11.17:55:40	125.503	2939.64	-29.5239	6.42622
2019-10-11.17:55:41	123.405	2947.67	-29.5382	8.21589
2019-10-11.17:55:42	120.662	2958.62	-29.5513	9.4364
2019-10-11.17:55:43	117.588	2971.3	-29.5581	10.1732
2019-10-11.17:55:44	114.478	2984.46	-29.5598	10.4748
2019-10-11.17:55:45	111.617	2996.97	-29.5591	10.2606
2019-10-11.17:55:46	109.266	3007.89	-25.7765	9.52605
2019-10-11.17:55:47	107.433	3017.43	-19.797	8.71351
2019-10-11.17:55:48	105.82	3026.27	-13.8302	8.56085
2019-10-11.17:55:49	104.185	3034.99	-7.62945	9.06174
2019-10-11.17:55:50	102.478	3043.94	-3.96184	9.66982
2019-10-11.17:55:51	100.821	3053.04	-4.16814	9.89524
2019-10-11.17:55:52	99.3637	3061.72	-4.2379	9.77741
2019-10-11.17:55:53	98.1844	3069.48	-3.03214	9.22526
2019-10-11.17:55:54	97.5249	3075.91	-0.983166	8.27445
2019-10-11.17:55:55	97.3804	3080.65	0.473757	7.30434
2019-10-11.17:55:56	97.7349	3083.68	0.358379	6.36652
2019-10-11.17:55:57	98.5944	3085.26	-0.871736	5.52059
2019-10-11.17:55:58	99.7958	3085.69	-1.72676	4.93524
2019-10-11.17:55:59	101.115	3085.44	-1.1446	4.57518
2019-10-11.17:56:00	102.505	3084.94	0.395106	4.39092
2019-10-11.17:56:01	103.727	3084.59	1.37042	4.60299
2019-10-11.17:56:02	104.639	3084.92	0.862237	5.08957
2019-10-11.17:56:03	105.228	3086.43	-0.445723	5.75332
2019-10-11.17:56:04	105.371	3089.34	-1.04612	6.57488
2019-10-11.17:56:05	105.061	3093.75	-0.292868	7.34305
2019-10-11.17:56:06	104.418	3099.43	0.934751	7.98962
2019-10-11.17:56:07	103.442	3106.05	1.30067	8.57228
2019-10-11.17:56:08	102.299	3113.32	0.471727	8.93518
2019-10-11.17:56:09	101.173	3120.85	-0.622668	9.05884
2019-10-11.17:56:10	100.107	3128.19	-0.837043	8.97113
2019-10-11.17:56:11	99.2701	3134.95	0.0177566	8.56062
2019-10-11.17:56:12	98.7766	3140.73	1.04772	7.9522
2019-10-11.17:56:13	98.6244	3145.29	1.22071	7.29068
2019-10-11.17:56:14	98.8636	3148.66	0.382245	6.5922
2019-10-11.17:56:15	99.4842	3150.97	-0.612529	5.96586
2019-10-11.17:56:16	100.317	3152.41	-0.751383	5.51275
2019-10-11.17:56:17	101.307	3153.3	0.0990968	5.16493
2019-10-11.17:56:18	102.336	3153.91	1.04419	5.03963
2019-10-11.17:56:19	103.235	3154.6	1.10431	5.18808
2019-10-11.17:56:20	103.951	3155.82	0.257102	5.51978
2019-10-11.17:56:21	104.432	3157.87	-0.553482	6.00432
2019-10-11.17:56:22	104.563	3160.95	-0.458391	6.58747
2019-10-11.17:56:23	104.402	3165.09	0.390943	7.11838
2019-10-11.17:56:24	103.937	3170.15	1.03776	7.64827
2019-10-11.17:56:25	103.227	3175.95	0.799804	8.09455
2019-10-11.17:56:26	102.409	3182.31	-0.0314334	8.38177
2019-10-11.17:56:27	101.574	3188.89	-0.563322	8.50145
2019-10-11.17:56:28	100.779	3195.38	-0.259542	8.42187
2019-10-11.17:56:29	100.166	3201.43	0.53267	8.11682
2019-10-11.17:56:30	99.7553	3206.75	0.988149	7.72006
2019-10-11.17:56:31	99.6056	3211.23	0.654633	7.24383
2019-10-11.17:56:32	99.7645	3214.86	-0.114493	6.73572
2019-10-11.17:56:33	100.184	3217.68	-0.53218	6.27846
2019-10-11.17:56:34	100.781	3219.84	-0.176325	5.89423
2019-10-11.17:56:35	101.52	3221.53	0.574626	5.60577
2019-10-11.17:56:36	102.261	3222.95	0.940318	5.52492
2019-10-11.17:56:37	102.935	3224.44	0.559087	5.61293
2019-10-11.17:56:38	103.503	3226.31	-0.1376	5.84005
2019-10-11.17:56:39	103.88	3228.77	-0.397952	6.18858
2019-10-11.17:56:40	104.024	3231.96	0.0367983	6.57923
2019-10-11.17:56:41	103.934	3235.89	0.667669	6.98596
2019-10-11.17:56:42	103.599	3240.52	0.811679	7.40107
2019-10-11.17:56:43	103.094	3245.75	0.337705	7.74254
2019-10-11.17:56:44	102.513	3251.42	-0.229343	7.96782
2019-10-11.17:56:45	101.891	3257.29	-0.295335	8.06759
2019-10-11.17:56:46	101.315	3263.11	0.184888	7.99487
2019-10-11.17:56:47	100.836	3268.6	0.691474	7.80804
2019-10-11.17:56:48	100.498	3273.59	0.702803	7.53708
2019-10-11.17:56:49	100.366	3277.99	0.220434	7.19413
2019-10-11.17:56:50	100.467	3281.77	-0.252781	6.81913
2019-10-11.17:56:51	100.749	3284.94	-0.233787	6.46893
2019-10-11.17:56:52	101.193	3287.58	0.248669	6.1486
2019-10-11.17:56:53	101.716	3289.82	0.689546	5.94632
2019-10-11.17:56:54	102.254	3291.87	0.639531	5.87702
2019-10-11.17:56:55	102.768	3293.96	0.170644	5.92454
2019-10-11.17:56:56	103.214	3296.3	-0.208739	6.07373
2019-10-11.17:56:57	103.519	3299.05	-0.100793	6.30871
2019-10-11.17:56:58	103.66	3302.31	0.360244	6.58201
2019-10-11.17:56:59	103.602	3306.1	0.669634	6.90384
2019-10-11.17:57:00	103.369	3310.43	0.506279	7.21926
[State]	Descent
2019-10-11.17:57:01	103.019	3315.25	0.0623614	7.47927
2019-10-11.17:57:02	102.604	3320.4	-0.185732	7.65254
2019-10-11.17:57:03	102.156	3325.72	0.0105625	7.72233
2019-10-11.17:57:04	101.724	3331	0.426039	7.68652
2019-10-11.17:57:05	101.344	3336.07	0.620225	7.57475
2019-10-11.17:57:06	101.074	3340.8	0.399101	7.38668
2019-10-11.17:57:07	100.964	3345.12	0.0010414	7.13755
2019-10-11.17:57:08	101.125	3348.92	5.03024	6.89913
2019-10-11.17:57:09	101.772	3351.71	12.0556	6.86817
2019-10-11.17:57:10	103.104	3352.66	18.9571	6.74193
2019-10-11.17:57:11	105.407	3350.92	26.2161	5.59517
2019-10-11.17:57:12	108.956	3345.33	30.6384	2.95888
2019-10-11.17:57:13	113.568	3335.79	30.5925	-0.198678
2019-10-11.17:57:14	118.917	3323.04	30.5864	-2.01596
2019-10-11.17:57:15	124.446	3308.24	30.5736	-2.03489
2019-10-11.17:57:16	129.523	3293.27	30.5674	-0.946636
2019-10-11.17:57:17	133.719	3280.28	30.5769	0.368995
2019-10-11.17:57:18	136.83	3271.08	30.5924	1.93227
2019-10-11.17:57:19	138.683	3266.94	30.6029	4.13169
2019-10-11.17:57:20	139.116	3268.65	30.612	6.82598
2019-10-11.17:57:21	138.116	3276.48	30.6264	9.47441
2019-10-11.17:57:22	135.84	3290.04	30.6411	11.7857
2019-10-11.17:57:23	132.524	3308.34	30.6493	13.7738
2019-10-11.17:57:24	128.438	3329.98	30.6524	15.3919
2019-10-11.17:57:25	123.907	3353.35	30.6536	16.4379
2019-10-11.17:57:26	119.311	3376.81	30.04	16.7426
2019-10-11.17:57:27	114.946	3399.3	23.6447	16.5069
2019-10-11.17:57:28	110.817	3421.13	17.1329	16.462
2019-10-11.17:57:29	106.751	3442.41	10.1363	16.8125
2019-10-11.17:57:30	102.797	3462.88	7.53697	16.945
2019-10-11.17:57:31	99.375	3481.47	7.11618	16.2245
2019-10-11.17:57:32	96.7849	3496.98	6.39675	14.7139
2019-10-11.17:57:33	95.3829	3508.68	4.46563	12.4402
2019-10-11.17:57:34	95.4154	3516.29	1.96805	9.82138
2019-10-11.17:57:35	96.7647	3519.83	0.406015	7.38756
2019-10-11.17:57:36	99.2357	3519.75	0.675928	5.25001
2019-10-11.17:57:37	102.626	3516.73	2.01592	3.61945
2019-10-11.17:57:38	106.395	3511.73	2.59852	2.87906
2019-10-11.17:57:39	110.111	3506.2	1.48136	2.90348
2019-10-11.17:57:40	113.49	3501.56	-0.22222	3.55848
2019-10-11.17:57:41	116.131	3498.92	-0.635586	4.77827
2019-10-11.17:57:42	117.912	3499.23	0.469778	6.25756
2019-10-11.17:57:43	118.681	3502.94	1.39219	8.01029
2019-10-11.17:57:44	118.384	3510.41	0.856392	9.899
2019-10-11.17:57:45	117.167	3521.67	-0.361413	11.7296
2019-10-11.17:57:46	115.075	3536.21	-0.682541	13.3992
2019-10-11.17:57:47	112.311	3553.24	0.160335	14.6903
2019-10-11.17:57:48	109.081	3571.69	0.979936	15.5912
2019-10-11.17:57:49	105.65	3590.52	0.769781	16.0285
2019-10-11.17:57:50	102.402	3608.66	-0.201202	15.8006
2019-10-11.17:57:51	99.6949	3624.97	-0.88383	14.8843
2019-10-11.17:57:52	97.8001	3638.53	-0.605328	13.3314
2019-10-11.17:57:53	97.0219	3648.68	0.317366	11.2527
2019-10-11.17:57:54	97.4203	3655.09	0.953884	9.03142
2019-10-11.17:57:55	98.9532	3657.9	0.663586	6.92319
2019-10-11.17:57:56	101.464	3657.62	-0.265586	5.19112
2019-10-11.17:57:57	104.611	3655.08	-0.846064	4.07418
2019-10-11.17:57:58	107.964	3651.38	-0.421773	3.63334
2019-10-11.17:57:59	111.197	3647.64	0.519002	3.79208
2019-10-11.17:58:00	113.949	3644.87	0.861974	4.522
2019-10-11.17:58:01	116.036	3644.13	0.247472	5.6806
2019-10-11.17:58:02	117.352	3646.19	-0.471788	7.12746
2019-10-11.17:58:03	117.759	3651.5	-0.374333	8.74105
2019-10-11.17:58:04	117.268	3660.16	0.327508	10.3614
2019-10-11.17:58:05	115.887	3671.92	0.667019	11.9486
2019-10-11.17:58:06	113.776	3686.36	0.244844	13.3498
2019-10-11.17:58:07	111.157	3702.79	-0.351317	14.433
2019-10-11.17:58:08	108.23	3720.28	-0.3958	15.1057
2019-10-11.17:58:09	105.239	3737.87	0.114072	15.2779
2019-10-11.17:58:10	102.455	3754.47	0.558609	14.8705
2019-10-11.17:58:11	100.21	3769.14	0.44002	13.8665
2019-10-11.17:58:12	98.8058	3781.13	-0.124354	12.3467
2019-10-11.17:58:13	98.433	3790	-0.570469	10.49
2019-10-11.17:58:14	99.1067	3795.59	-0.451529	8.53696
2019-10-11.17:58:15	100.768	3798.08	0.121792	6.70903
2019-10-11.17:58:16	103.17	3797.95	0.572435	5.30882
2019-10-11.17:58:17	106.011	3796.02	0.442307	4.47979
2019-10-11.17:58:18	108.982	3793.37	-0.0902746	4.26859
2019-10-11.17:58:19	111.777	3791.01	-0.3835	4.57531
2019-10-11.17:58:20	114.131	3789.84	-0.0961756	5.29438
2019-10-11.17:58:21	115.84	3790.6	0.386474	6.36596
2019-10-11.17:58:22	116.768	3793.92	0.454144	7.71027
2019-10-11.17:58:23	116.889	3800.17	0.0635478	9.18691
2019-10-11.17:58:24	116.237	3809.42	-0.2469	10.6603
2019-10-11.17:58:25	114.865	3821.39	-0.0970099	12.013
2019-10-11.17:58:26	112.87	3835.55	0.276942	13.1653
2019-10-11.17:58:27	110.418	3851.23	0.389821	14.0387
2019-10-11.17:58:28	107.739	3867.64	0.117795	14.5437
2019-10-11.17:58:29	105.089	3883.96	-0.21118	14.5896
2019-10-11.17:58:30	102.742	3899.22	-0.244301	14.0685
2019-10-11.17:58:31	100.953	3912.57	0.0236418	13.0266
2019-10-11.17:58:32	99.9256	3923.39	0.289019	11.5856
2019-10-11.17:58:33	99.7971	3931.34	0.268271	9.913
2019-10-11.17:58:34	100.601	3936.37	-0.0194895	8.21172
2019-10-11.17:58:35	102.247	3938.74	-0.271111	6.69623
2019-10-11.17:58:36	104.522	3938.96	-0.207014	5.5523
2019-10-11.17:58:37	107.124	3937.8	0.119824	4.91938
2019-10-11.17:58:38	109.736	3936.19	0.359339	4.83879
2019-10-11.17:58:39	112.109	3935.01	0.256478	5.20446
2019-10-11.17:58:40	114.062	3935.08	-0.0373329	5.93834
2019-10-11.17:58:41	115.449	3937.05	-0.147006	6.94958
2019-10-11.17:58:42	116.154	3941.37	0.0495357	8.1484
2019-10-11.17:58:43	116.12	3948.26	0.279594	9.45158
2019-10-11.17:58:44	115.369	3957.74	0.250416	10.7566
2019-10-11.17:58:45	113.995	3969.56	0.0190144	11.949
2019-10-11.17:58:46	112.127	3983.24	-0.116976	12.9263
2019-10-11.17:58:47	109.919	3998.14	-0.00812	13.6103
2019-10-11.17:58:48	107.548	4013.52	0.190658	13.952
2019-10-11.17:58:49	105.226	4028.62	0.235707	13.8905
2019-10-11.17:58:50	103.214	4042.63	0.0695722	13.3405
2019-10-11.17:58:51	101.755	4054.85	-0.137835	12.3471
2019-10-11.17:58:52	101.024	4064.75	-0.179963	11.0173
2019-10-11.17:58:53	101.103	4072.08	-0.0225929	9.51352
2019-10-11.17:58:54	101.974	4076.82	0.169235	8.03322
2019-10-11.17:58:55	103.53	4079.26	0.201511	6.76392
2019-10-11.17:58:56	105.584	4079.93	0.0548607	5.85313
2019-10-11.17:58:57	107.895	4079.56	-0.0895766	5.39178
2019-10-11.17:58:58	110.198	4078.95	-0.0521948	5.37871
2019-10-11.17:58:59	112.266	4078.85	0.126996	5.73498
2019-10-11.17:59:00	113.919	4079.93	0.23518	6.41951
2019-10-11.17:59:01	115.035	4082.74	0.152621	7.35726
2019-10-11.17:59:02	115.545	4087.7	-0.0009376	8.45319
2019-10-11.17:59:03	115.424	4094.97	-0.0291121	9.61006
2019-10-11.17:59:04	114.685	4104.48	0.0898735	10.7398
2019-10-11.17:59:05	113.395	4115.99	0.192449	11.7616
2019-10-11.17:59:06	111.671	4129.04	0.149449	12.5937
2019-10-11.17:59:07	109.674	4143.09	0.0167019	13.1613
2019-10-11.17:59:08	107.58	4157.49	-0.0524431	13.4092
2019-10-11.17:59:09	105.573	4171.56	0.0074713	13.2809
2019-10-11.17:59:10	103.865	4184.58	0.110057	12.7287
2019-10-11.17:59:11	102.656	4195.92	0.12834	11.8085
2019-10-11.17:59:12	102.093	4205.17	0.0342303	10.6201
2019-10-11.17:59:13	102.251	4212.13	-0.0769483	9.30233
2019-10-11.17:59:14	103.112	4216.84	-0.0872833	8.01759
2019-10-11.17:59:15	104.56	4219.56	0.0203453	6.92847
2019-10-11.17:59:16	106.412	4220.77	0.140538	6.16839
2019-10-11.17:59:17	108.447	4221.15	0.155999	5.81493
2019-10-11.17:59:18	110.449	4221.42	0.0681158	5.84402
2019-10-11.17:59:19	112.241	4222.21	-0.0069885	6.18902
2019-10-11.17:59:20	113.671	4224.1	0.0247854	6.80566
2019-10-11.17:59:21	114.621	4227.55	0.122015	7.63567
2019-10-11.17:59:22	115.021	4232.88	0.163569	8.60744
2019-10-11.17:59:23	114.855	4240.24	0.103547	9.63615
2019-10-11.17:59:24	114.155	4249.57	0.0227682	10.6334
2019-10-11.17:59:25	112.988	4260.64	0.0182914	11.5181
2019-10-11.17:59:26	111.453	4273.03	0.0843415	12.2224
2019-10-11.17:59:27	109.684	4286.24	0.130613	12.6915
2019-10-11.17:59:28	107.835	4299.71	0.0968685	12.8831
2019-10-11.17:59:29	106.081	4312.86	0.0175071	12.7481
2019-10-11.17:59:30	104.61	4325.06	-0.0289734	12.2403
2019-10-11.17:59:31	103.592	4335.77	-0.0055491	11.4128
2019-10-11.17:59:32	103.142	4344.62	0.0516728	10.361
2019-10-11.17:59:33	103.314	4351.44	0.0767401	9.21154
2019-10-11.17:59:34	104.087	4356.29	0.0446305	8.10382
2019-10-11.17:59:35	105.369	4359.41	-0.0027522	7.17066
