DateTime	ASI:airspeed	Altimeter:altitude	RC:roll	HI:heading
[State]	Standing
2019-10-14.15:52:53	0.474726	1654.61	-0.0010306	0.0033878
[State]	Taxiing
2019-10-14.15:52:54	0.208784	1654.69	-0.0116103	0.300921
2019-10-14.15:52:55	0.0692161	1654.78	-0.032265	0.159822
2019-10-14.15:52:56	0.530153	1654.79	-0.0565028	-0.138206
2019-10-14.15:52:57	3.1992	1654.79	-0.156565	0.0610376
2019-10-14.15:52:58	6.91487	1654.79	-0.182314	0.211978
2019-10-14.15:52:59	10.8239	1654.79	-0.208354	0.273083
2019-10-14.15:53:00	14.7056	1654.79	-0.348826	0.321916
2019-10-14.15:53:01	18.5068	1654.79	-0.655462	0.428487
2019-10-14.15:53:02	22.2531	1654.79	-1.02392	0.530552
2019-10-14.15:53:03	25.9302	1654.79	-1.37924	0.602735
2019-10-14.15:53:04	29.5331	1654.8	-1.63917	0.631034
2019-10-14.15:53:05	33.0592	1654.8	-1.80087	0.648608
2019-10-14.15:53:06	36.4584	1654.8	-1.95998	0.689149
2019-10-14.15:53:07	39.7269	1654.81	-2.08175	0.726636
2019-10-14.15:53:08	42.8813	1654.81	-2.14894	0.761506
2019-10-14.15:53:09	45.949	1654.81	-2.16923	0.805039
2019-10-14.15:53:10	48.9607	1654.82	-2.13977	0.856487
2019-10-14.15:53:11	51.9442	1654.82	-2.05227	0.920329
2019-10-14.15:53:12	54.9194	1654.82	-1.9323	0.982271
2019-10-14.15:53:13	57.9	1654.83	-1.78783	1.04385
2019-10-14.15:53:14	60.8956	1654.83	-1.62409	1.10617
2019-10-14.15:53:15	63.9134	1654.84	-1.44419	1.16981
2019-10-14.15:53:16	66.9583	1654.84	-1.25021	1.23483
2019-10-14.15:53:17	70.0344	1654.85	-1.04379	1.3011
2019-10-14.15:53:18	73.1443	1654.86	-0.826345	1.36845
2019-10-14.15:53:19	76.2893	1654.87	-0.599193	1.43662
2019-10-14.15:53:20	79.47	1654.87	-0.363683	1.50532
2019-10-14.15:53:21	82.6923	1654.88	-0.180425	1.56844
2019-10-14.15:53:22	85.9963	1654.89	-0.116071	1.68131
[State]	TakeOff
2019-10-14.15:53:23	89.3276	1654.95	0.0169367	4.50303
2019-10-14.15:53:24	91.3553	1656.94	1.32556	13.1475
2019-10-14.15:53:25	90.6412	1665.08	7.2775	11.4665
2019-10-14.15:53:26	89.7557	1672.63	13.6155	11.6024
2019-10-14.15:53:27	88.9587	1678.53	20.7696	12.4692
2019-10-14.15:53:28	88.1457	1683.4	28.8511	12.8903
2019-10-14.15:53:29	87.5513	1686.88	30.3377	12.8987
2019-10-14.15:53:30	87.1123	1689.76	30.3754	11.9723
2019-10-14.15:53:31	86.8574	1692.28	30.3723	11.482
2019-10-14.15:53:32	86.672	1694.62	30.3589	11.5459
2019-10-14.15:53:33	86.4886	1696.85	30.3478	11.9904
2019-10-14.15:53:34	86.277	1699.03	30.345	12.3941
2019-10-14.15:53:35	86.0584	1701.13	30.349	12.515
2019-10-14.15:53:36	85.8665	1703.15	30.3538	12.3741
2019-10-14.15:53:37	85.7189	1705.08	30.3551	12.1596
2019-10-14.15:53:38	85.6094	1706.92	30.3523	12.0465
2019-10-14.15:53:39	85.517	1708.68	29.9881	12.0891
2019-10-14.15:53:40	85.2991	1710.74	23.6414	12.3392
2019-10-14.15:53:41	84.568	1714.53	17.183	13.128
2019-10-14.15:53:42	83.453	1720.25	10.534	12.6992
2019-10-14.15:53:43	82.2852	1726.35	3.45297	13.1427
2019-10-14.15:53:44	81.1178	1732.36	-2.45628	13.5009
2019-10-14.15:53:45	80.2257	1737.84	0.591881	12.7976
2019-10-14.15:53:46	79.914	1742.15	4.04331	11.8812
2019-10-14.15:53:47	79.8698	1745.04	5.30445	12.4939
2019-10-14.15:53:48	79.7383	1747.7	3.31723	12.4936
2019-10-14.15:53:49	79.6865	1750.56	-0.679344	12.3288
2019-10-14.15:53:50	79.6236	1753.62	-3.67971	12.7259
2019-10-14.15:53:51	79.3514	1756.88	-3.26782	12.9916
[State]	Climb
2019-10-14.15:53:52	79.1445	1760.25	0.297663	12.5641
2019-10-14.15:53:53	79.1158	1763.33	4.30986	12.3866
2019-10-14.15:53:54	79.1101	1765.79	5.5615	12.5949
2019-10-14.15:53:55	79.1087	1767.97	2.94955	12.5202
2019-10-14.15:53:56	79.1923	1770.41	-1.67951	12.3974
2019-10-14.15:53:57	79.1592	1773.18	-4.72869	13.0772
2019-10-14.15:53:58	78.8414	1776.3	-3.67555	13.3841
2019-10-14.15:53:59	78.5883	1779.66	0.760684	12.8946
2019-10-14.15:54:00	78.4793	1782.77	5.28879	12.8813
2019-10-14.15:54:01	78.3984	1785.19	6.32936	13.0172
2019-10-14.15:54:02	78.4614	1787.13	2.91662	12.4953
2019-10-14.15:54:03	78.7165	1789.14	-2.57377	12.2982
2019-10-14.15:54:04	78.806	1791.41	-5.81759	13.1744
2019-10-14.15:54:05	78.5807	1794.06	-4.12668	13.4024
2019-10-14.15:54:06	78.4374	1797.06	0.874226	12.7837
2019-10-14.15:54:07	78.3915	1799.87	5.0595	12.9139
2019-10-14.15:54:08	78.3243	1802.08	7.53885	13.3439
2019-10-14.15:54:09	78.3553	1803.86	3.59811	12.6557
2019-10-14.15:54:10	78.6188	1805.78	-2.88344	12.3217
2019-10-14.15:54:11	78.6916	1807.97	-6.76944	13.4514
2019-10-14.15:54:12	78.4057	1810.54	-4.89222	13.6849
2019-10-14.15:54:13	78.2324	1813.49	0.298824	12.8138
2019-10-14.15:54:14	78.2248	1816.21	4.20411	12.8258
2019-10-14.15:54:15	78.1865	1818.3	8.02998	13.2497
2019-10-14.15:54:16	78.2553	1819.77	5.57358	13.1765
2019-10-14.15:54:17	78.4234	1821.6	-1.46698	12.5575
2019-10-14.15:54:18	78.4308	1823.95	-6.96751	13.8571
2019-10-14.15:54:19	77.9448	1826.79	-6.1043	14.5803
2019-10-14.15:54:20	77.4818	1830.1	-0.904026	13.5556
2019-10-14.15:54:21	77.3504	1833.21	2.91192	13.1719
2019-10-14.15:54:22	77.2479	1835.52	6.30381	13.4102
2019-10-14.15:54:23	77.3935	1836.87	9.32837	13.5006
2019-10-14.15:54:24	77.6666	1837.95	1.46678	12.6726
2019-10-14.15:54:25	77.967	1839.67	-4.97352	13.2762
2019-10-14.15:54:26	77.6975	1841.96	-7.58108	14.9145
2019-10-14.15:54:27	77.1367	1844.96	-3.02617	14.2084
2019-10-14.15:54:28	76.995	1848.07	1.31526	13.0395
2019-10-14.15:54:29	77.0128	1850.37	4.51261	13.0832
2019-10-14.15:54:30	77.1908	1851.69	8.37202	13.2041
2019-10-14.15:54:31	77.5411	1852.3	6.21116	13.4361
2019-10-14.15:54:32	77.8431	1853.66	-0.975073	12.9241
2019-10-14.15:54:33	77.7197	1855.95	-6.97114	14.6653
2019-10-14.15:54:34	77.0669	1858.97	-6.42067	15.1556
2019-10-14.15:54:35	76.6562	1862.22	-1.16995	13.3777
2019-10-14.15:54:36	76.7975	1864.72	2.42409	12.6335
2019-10-14.15:54:37	77.0771	1866.09	5.66225	12.6608
2019-10-14.15:54:38	77.4821	1866.6	10.0822	13.5182
2019-10-14.15:54:39	77.7713	1867.32	3.42279	13.1108
2019-10-14.15:54:40	77.9276	1869.2	-3.07741	13.6552
2019-10-14.15:54:41	77.4542	1872.05	-8.56452	15.2017
2019-10-14.15:54:42	76.7959	1875.29	-4.36657	14.5074
2019-10-14.15:54:43	76.6526	1878.32	0.329517	12.9436
2019-10-14.15:54:44	76.8567	1880.38	3.5677	12.5977
2019-10-14.15:54:45	77.2093	1881.32	7.12368	12.9038
2019-10-14.15:54:46	77.6118	1881.69	8.38068	13.6487
2019-10-14.15:54:47	77.8702	1882.8	0.828893	12.971
2019-10-14.15:54:48	77.8241	1885.06	-5.26373	14.3626
2019-10-14.15:54:49	77.2101	1888.11	-7.46462	15.2852
2019-10-14.15:54:50	76.6723	1891.34	-2.38325	13.8088
2019-10-14.15:54:51	76.7367	1894.07	1.59555	12.6875
2019-10-14.15:54:52	76.988	1895.69	4.73796	12.5905
2019-10-14.15:54:53	77.3886	1896.3	8.8129	13.2515
2019-10-14.15:54:54	77.7361	1896.77	5.43243	13.3571
2019-10-14.15:54:55	77.9742	1898.32	-1.4998	13.2299
2019-10-14.15:54:56	77.6593	1900.94	-7.47896	14.9037
2019-10-14.15:54:57	76.9942	1904.1	-5.94258	14.9277
2019-10-14.15:54:58	76.6724	1907.24	-0.70929	13.2203
2019-10-14.15:54:59	76.8478	1909.58	2.75249	12.5931
2019-10-14.15:55:00	77.1561	1910.79	6.05495	12.6835
2019-10-14.15:55:01	77.5764	1911.19	9.99513	13.557
2019-10-14.15:55:02	77.8614	1911.98	2.62631	12.9986
2019-10-14.15:55:03	77.9765	1913.94	-3.72747	13.8368
2019-10-14.15:55:04	77.4581	1916.84	-8.24339	15.2375
2019-10-14.15:55:05	76.8292	1920.06	-3.76126	14.2658
2019-10-14.15:55:06	76.7601	1922.99	0.718553	12.8121
2019-10-14.15:55:07	76.9788	1924.9	3.90803	12.5671
2019-10-14.15:55:08	77.3476	1925.73	7.60477	12.9677
2019-10-14.15:55:09	77.7386	1926.09	7.48078	13.5611
2019-10-14.15:55:10	77.9978	1927.32	0.0856057	12.9725
2019-10-14.15:55:11	77.8712	1929.67	-5.94139	14.5174
2019-10-14.15:55:12	77.2337	1932.75	-7.19924	15.1766
2019-10-14.15:55:13	76.756	1935.96	-1.83099	13.5695
2019-10-14.15:55:14	76.8672	1938.56	1.97406	12.6094
2019-10-14.15:55:15	77.1349	1940.04	5.15056	12.5689
2019-10-14.15:55:16	77.5445	1940.57	9.42869	13.3267
2019-10-14.15:55:17	77.8701	1941.11	4.46654	13.1862
2019-10-14.15:55:18	78.082	1942.79	-2.25848	13.3619
2019-10-14.15:55:19	77.6914	1945.5	-8.25559	15.0017
2019-10-14.15:55:20	77.0285	1948.67	-5.19751	14.6878
2019-10-14.15:55:21	76.797	1951.75	-0.20418	13.0237
2019-10-14.15:55:22	76.9888	1953.94	3.15046	12.5454
2019-10-14.15:55:23	77.3178	1955	6.57185	12.7292
2019-10-14.15:55:24	77.7338	1955.37	9.32513	13.5801
2019-10-14.15:55:25	78.0033	1956.29	1.70157	12.9055
2019-10-14.15:55:26	78.0466	1958.38	-4.50756	14.0517
2019-10-14.15:55:27	77.4766	1961.35	-7.71729	15.2367
2019-10-14.15:55:28	76.889	1964.57	-3.04772	13.9721
2019-10-14.15:55:29	76.895	1967.38	1.18301	12.6816
2019-10-14.15:55:30	77.1295	1969.13	4.34845	12.529
2019-10-14.15:55:31	77.5152	1969.83	8.2424	13.0652
2019-10-14.15:55:32	77.883	1970.22	6.35496	13.4127
2019-10-14.15:55:33	78.1368	1971.62	-0.800118	13.0331
2019-10-14.15:55:34	77.9062	1974.1	-6.78494	14.6868
2019-10-14.15:55:35	77.2497	1977.21	-6.57396	15.0019
2019-10-14.15:55:36	76.8549	1980.38	-1.1983	13.3084
2019-10-14.15:55:37	77.0085	1982.82	2.42126	12.5394
2019-10-14.15:55:38	77.2975	1984.14	5.66921	12.571
2019-10-14.15:55:39	77.7139	1984.58	10.0796	13.4141
2019-10-14.15:55:40	78.0137	1985.24	3.36683	13.0067
2019-10-14.15:55:41	78.1767	1987.07	-3.13335	13.5707
2019-10-14.15:55:42	77.7079	1989.89	-8.57276	15.0987
2019-10-14.15:55:43	77.0603	1993.07	-4.34653	14.384
2019-10-14.15:55:44	76.9299	1996.06	0.358738	12.828
2019-10-14.15:55:45	77.1377	1998.07	3.61831	12.5035
2019-10-14.15:55:46	77.49	1998.98	7.2079	12.8154
2019-10-14.15:55:47	77.8914	1999.32	8.1885	13.5381
2019-10-14.15:55:48	78.1518	2000.42	0.649655	12.8688
2019-10-14.15:55:49	78.0935	2002.67	-5.43312	14.2991
2019-10-14.15:55:50	77.4763	2005.69	-7.42498	15.1613
2019-10-14.15:55:51	76.9549	2008.9	-2.25393	13.6487
2019-10-14.15:55:52	77.0331	2011.57	1.71088	12.5724
2019-10-14.15:55:53	77.2868	2013.13	4.88788	12.501
2019-10-14.15:55:54	77.6863	2013.71	9.03834	13.1944
2019-10-14.15:55:55	78.0221	2014.18	5.03592	13.2089
2019-10-14.15:55:56	78.2512	2015.76	-1.82698	13.1879
2019-10-14.15:55:57	77.9079	2018.39	-7.81754	14.8637
2019-10-14.15:55:58	77.2421	2021.54	-5.61266	14.7416
2019-10-14.15:55:59	76.9582	2024.64	-0.490432	13.0512
2019-10-14.15:56:00	77.141	2026.9	2.9512	12.4929
2019-10-14.15:56:01	77.4557	2028.02	6.32546	12.6329
2019-10-14.15:56:02	77.8701	2028.39	9.68992	13.5069
2019-10-14.15:56:03	78.1423	2029.24	2.11386	12.8708
2019-10-14.15:56:04	78.2215	2031.24	-4.16624	13.8755
2019-10-14.15:56:05	77.6744	2034.16	-7.89824	15.1752
2019-10-14.15:56:06	77.0655	2037.36	-3.37149	14.0293
2019-10-14.15:56:07	77.0387	2040.21	0.990106	12.6665
2019-10-14.15:56:08	77.2645	2042.02	4.18426	12.4819
2019-10-14.15:56:09	77.6398	2042.75	8.00716	12.9691
2019-10-14.15:56:10	78.0119	2043.12	6.75312	13.415
2019-10-14.15:56:11	78.2666	2044.43	-0.501575	12.942
2019-10-14.15:56:12	78.0734	2046.85	-6.49943	14.5703
2019-10-14.15:56:13	77.4212	2049.93	-6.81663	15.0082
2019-10-14.15:56:14	76.9956	2053.1	-1.41251	13.3355
2019-10-14.15:56:15	77.1352	2055.58	2.28632	12.5049
2019-10-14.15:56:16	77.4146	2056.93	5.52263	12.518
2019-10-14.15:56:17	77.8252	2057.38	9.95085	13.3438
2019-10-14.15:56:18	78.1279	2057.99	3.64801	13.004
2019-10-14.15:56:19	78.3052	2059.76	-2.9164	13.4566
2019-10-14.15:56:20	77.8565	2062.53	-8.58807	15.0308
2019-10-14.15:56:21	77.2019	2065.69	-4.57103	14.4141
2019-10-14.15:56:22	77.0454	2068.68	0.220045	12.8276
2019-10-14.15:56:23	77.2477	2070.72	3.51604	12.4694
2019-10-14.15:56:24	77.5916	2071.65	7.07213	12.7561
2019-10-14.15:56:25	77.9926	2071.97	8.44114	13.5179
2019-10-14.15:56:26	78.2513	2073.02	0.858067	12.8296
2019-10-14.15:56:27	78.2155	2075.21	-5.24947	14.2077
2019-10-14.15:56:28	77.6061	2078.21	-7.48303	15.1443
2019-10-14.15:56:29	77.0693	2081.4	-2.41228	13.6705
2019-10-14.15:56:30	77.1342	2084.07	1.61667	12.5517
2019-10-14.15:56:31	77.383	2085.65	4.79891	12.4695
2019-10-14.15:56:32	77.7782	2086.23	8.90542	13.1394
2019-10-14.15:56:33	78.117	2086.67	5.23895	13.2094
2019-10-14.15:56:34	78.3508	2088.19	-1.67498	13.1206
2019-10-14.15:56:35	78.0253	2090.78	-7.66038	14.8035
2019-10-14.15:56:36	77.3601	2093.89	-5.76343	14.7488
2019-10-14.15:56:37	77.0587	2096.98	-0.596214	13.0508
2019-10-14.15:56:38	77.2384	2099.24	2.88096	12.4642
2019-10-14.15:56:39	77.5482	2100.37	6.24143	12.5904
2019-10-14.15:56:40	77.9618	2100.73	9.80361	13.4677
2019-10-14.15:56:41	78.2357	2101.53	2.26564	12.8505
2019-10-14.15:56:42	78.3273	2103.49	-4.04126	13.801
2019-10-14.15:56:43	77.7898	2106.37	-7.99183	15.1381
2019-10-14.15:56:44	77.1751	2109.54	-3.49542	14.0379
2019-10-14.15:56:45	77.1372	2112.39	0.917506	12.6489
2019-10-14.15:56:46	77.3604	2114.19	4.12541	12.4538
2019-10-14.15:56:47	77.7318	2114.93	7.92474	12.9217
2019-10-14.15:56:48	78.1058	2115.26	6.89054	13.4014
2019-10-14.15:56:49	78.3611	2116.54	-0.399427	12.8979
2019-10-14.15:56:50	78.1818	2118.91	-6.40288	14.5144
2019-10-14.15:56:51	77.5327	2121.96	-6.89802	14.9933
2019-10-14.15:56:52	77.0983	2125.11	-1.48813	13.3282
2019-10-14.15:56:53	77.2339	2127.58	2.24324	12.4775
2019-10-14.15:56:54	77.5103	2128.93	5.47962	12.4868
2019-10-14.15:56:55	77.919	2129.37	9.90015	13.3046
2019-10-14.15:56:56	78.2229	2129.94	3.73566	12.9866
2019-10-14.15:56:57	78.405	2131.68	-2.85004	13.4038
2019-10-14.15:56:58	77.9635	2134.41	-8.59131	14.9903
2019-10-14.15:56:59	77.3083	2137.55	-4.64269	14.4036
2019-10-14.15:57:00	77.145	2140.52	0.181039	12.8069
2019-10-14.15:57:01	77.3463	2142.55	3.49297	12.4414
2019-10-14.15:57:02	77.6874	2143.47	7.04292	12.721
2019-10-14.15:57:03	78.0883	2143.77	8.49616	13.4917
2019-10-14.15:57:04	78.3468	2144.79	0.901071	12.7984
2019-10-14.15:57:05	78.3167	2146.95	-5.21267	14.1642
2019-10-14.15:57:06	77.7102	2149.91	-7.50126	15.1171
2019-10-14.15:57:07	77.1712	2153.08	-2.45011	13.6504
2019-10-14.15:57:08	77.2341	2155.74	1.59938	12.5233
2019-10-14.15:57:09	77.4817	2157.3	4.78815	12.4425
2019-10-14.15:57:10	77.8752	2157.86	8.89013	13.1073
2019-10-14.15:57:11	78.2139	2158.28	5.2686	13.1854
2019-10-14.15:57:12	78.4484	2159.78	-1.65374	13.0852
2019-10-14.15:57:13	78.126	2162.33	-7.63787	14.7693
2019-10-14.15:57:14	77.4617	2165.42	-5.79502	14.7245
2019-10-14.15:57:15	77.1588	2168.49	-0.609821	13.0227
2019-10-14.15:57:16	77.3385	2170.73	2.87819	12.4355
2019-10-14.15:57:17	77.6467	2171.84	6.24214	12.5627
2019-10-14.15:57:18	78.0593	2172.18	9.79563	13.4397
2019-10-14.15:57:19	78.3326	2172.95	2.25083	12.8205
2019-10-14.15:57:20	78.4243	2174.89	-4.05649	13.7724
2019-10-14.15:57:21	77.8872	2177.75	-7.9835	15.1091
2019-10-14.15:57:22	77.2741	2180.9	-3.48969	14.0021
2019-10-14.15:57:23	77.2383	2183.72	0.928905	12.6161
2019-10-14.15:57:24	77.4617	2185.5	4.14427	12.4265
2019-10-14.15:57:25	77.8324	2186.2	7.95291	12.8987
2019-10-14.15:57:26	78.2045	2186.52	6.83203	13.3685
2019-10-14.15:57:27	78.4594	2187.78	-0.450703	12.8723
2019-10-14.15:57:28	78.276	2190.14	-6.45258	14.4952
2019-10-14.15:57:29	77.6267	2193.17	-6.86005	14.9544
2019-10-14.15:57:30	77.1978	2196.29	-1.45374	13.2842
2019-10-14.15:57:31	77.3364	2198.73	2.27707	12.446
2019-10-14.15:57:32	77.6136	2200.04	5.52454	12.4634
2019-10-14.15:57:33	78.0217	2200.46	9.95106	13.2867
2019-10-14.15:57:34	78.3227	2201.02	3.64124	12.947
2019-10-14.15:57:35	78.5008	2202.75	-2.92876	13.3943
2019-10-14.15:57:36	78.0539	2205.46	-8.59231	14.9724
2019-10-14.15:57:37	77.401	2208.58	-4.57563	14.3487
2019-10-14.15:57:38	77.2472	2211.53	0.230729	12.7626
2019-10-14.15:57:39	77.4502	2213.52	3.54274	12.4131
2019-10-14.15:57:40	77.7924	2214.39	7.11351	12.7068
2019-10-14.15:57:41	78.1905	2214.68	8.3662	13.4613
2019-10-14.15:57:42	78.4479	2215.7	0.784416	12.7713
2019-10-14.15:57:43	78.407	2217.85	-5.31783	14.1647
2019-10-14.15:57:44	77.7966	2220.8	-7.47813	15.0799
2019-10-14.15:57:45	77.2666	2223.94	-2.36529	13.5874
2019-10-14.15:57:46	77.3378	2226.56	1.66397	12.4859
2019-10-14.15:57:47	77.5874	2228.08	4.86184	12.4176
2019-10-14.15:57:48	77.9816	2228.6	8.99873	13.1
2019-10-14.15:57:49	78.3153	2229.01	5.08354	13.133
2019-10-14.15:57:50	78.5458	2230.51	-1.80268	13.0845
2019-10-14.15:57:51	78.2098	2233.06	-7.79023	14.7676
2019-10-14.15:57:52	77.546	2236.13	-5.65698	14.6562
2019-10-14.15:57:53	77.2609	2239.17	-0.50985	12.961
2019-10-14.15:57:54	77.4444	2241.36	2.96378	12.4052
2019-10-14.15:57:55	77.7559	2242.43	6.35427	12.5527
2019-10-14.15:57:56	78.1668	2242.73	9.64648	13.4265
2019-10-14.15:57:57	78.436	2243.52	2.04286	12.7793
2019-10-14.15:57:58	78.5129	2245.47	-4.23396	13.7981
2019-10-14.15:57:59	77.965	2248.31	-7.86545	15.088
2019-10-14.15:58:00	77.3617	2251.44	-3.33145	13.9142
2019-10-14.15:58:01	77.3433	2254.21	1.03993	12.5659
2019-10-14.15:58:02	77.5702	2255.94	4.25572	12.4003
2019-10-14.15:58:03	77.9438	2256.6	8.11256	12.9045
2019-10-14.15:58:04	78.3093	2256.91	6.55343	13.3124
2019-10-14.15:58:05	78.5623	2258.19	-0.671534	12.8695
[State]	Cruise
2019-10-14.15:58:06	78.3545	2260.55	-6.66421	14.5167
2019-10-14.15:58:07	77.7016	2263.57	-6.68897	14.8881
2019-10-14.15:58:08	77.2946	2266.66	-1.29864	13.2
2019-10-14.15:58:09	77.4433	2269.04	2.39399	12.4107
2019-10-14.15:58:10	77.7253	2270.29	5.66492	12.4497
2019-10-14.15:58:11	78.134	2270.67	10.0731	13.2914
2019-10-14.15:58:12	78.4278	2271.25	3.35186	12.8844
2019-10-14.15:58:13	78.5917	2272.99	-3.1626	13.4338
2019-10-14.15:58:14	78.126	2275.71	-8.55627	14.9767
2019-10-14.15:58:15	77.4794	2278.81	-4.35419	14.2458
2019-10-14.15:58:16	77.3523	2281.71	0.382905	12.6941
2019-10-14.15:58:17	77.5595	2283.63	3.67822	12.3861
2019-10-14.15:58:18	77.9069	2284.45	7.30053	12.7176
2019-10-14.15:58:19	78.2991	2284.71	8.02561	13.4218
2019-10-14.15:58:20	78.5551	2285.76	0.494857	12.7526
2019-10-14.15:58:21	78.484	2287.93	-5.57803	14.2125
2019-10-14.15:58:22	77.8634	2290.88	-7.40077	15.0291
2019-10-14.15:58:23	77.3553	2293.99	-2.15227	13.48
2019-10-14.15:58:24	77.4452	2296.54	1.81272	12.4407
2019-10-14.15:58:25	77.7004	2297.99	5.02333	12.3963
2019-10-14.15:58:26	78.0973	2298.47	9.23853	13.1178
2019-10-14.15:58:27	78.4218	2298.88	4.71257	13.0536
2019-10-14.15:58:28	78.6424	2300.42	-2.09265	13.1215
2019-10-14.15:58:29	78.2772	2302.99	-8.08942	14.7919
2019-10-14.15:58:30	77.6149	2306.04	-5.39238	14.5503
2019-10-14.15:58:31	77.3652	2309.03	-0.313503	12.8713
2019-10-14.15:58:32	77.5543	2311.15	3.12163	12.3756
2019-10-14.15:58:33	77.8728	2312.14	6.55968	12.5605
2019-10-14.15:58:34	78.2805	2312.42	9.33602	13.4187
2019-10-14.15:58:35	78.5445	2313.24	1.68188	12.7344
2019-10-14.15:58:36	78.5921	2315.22	-4.54051	13.8695
2019-10-14.15:58:37	78.0254	2318.07	-7.71952	15.0661
2019-10-14.15:58:38	77.4409	2321.18	-3.05629	13.7858
2019-10-14.15:58:39	77.451	2323.88	1.22462	12.5048
2019-10-14.15:58:40	77.6838	2325.53	4.43683	12.3755
2019-10-14.15:58:41	78.0628	2326.12	8.37543	12.9326
2019-10-14.15:58:42	78.4179	2326.43	6.09707	13.2319
2019-10-14.15:58:43	78.6666	2327.75	-1.02737	12.8918
2019-10-14.15:58:44	78.4189	2330.15	-7.01011	14.5673
2019-10-14.15:58:45	77.7612	2333.16	-6.38559	14.7922
2019-10-14.15:58:46	77.3911	2336.21	-1.04503	13.086
2019-10-14.15:58:47	77.5539	2338.51	2.58298	12.3749
2019-10-14.15:58:48	77.8441	2339.68	5.89219	12.4485
2019-10-14.15:58:49	78.2537	2340	10.1018	13.3131
2019-10-14.15:58:50	78.5374	2340.62	2.90667	12.8084
2019-10-14.15:58:51	78.6761	2342.41	-3.52342	13.5184
2019-10-14.15:58:52	78.1819	2345.15	-8.38843	14.993
2019-10-14.15:58:53	77.5474	2348.23	-4.01281	14.1018
2019-10-14.15:58:54	77.4597	2351.06	0.61024	12.6105
2019-10-14.15:58:55	77.6733	2352.89	3.87973	12.3605
2019-10-14.15:58:56	78.0469	2353.62	7.57896	12.5668
2019-10-14.15:58:57	78.5216	2353.71	7.51248	13.1009
2019-10-14.15:58:58	78.8847	2354.58	0.0534033	12.4654
2019-10-14.15:58:59	78.8668	2356.56	-6.00225	13.9767
2019-10-14.15:59:00	78.3552	2359.27	-7.21936	14.4511
2019-10-14.15:59:01	78.0596	2362.02	-1.80097	12.6684
2019-10-14.15:59:02	78.3814	2364.07	2.20164	11.6913
2019-10-14.15:59:03	78.8269	2365.02	5.57109	11.7348
2019-10-14.15:59:04	79.4442	2365.03	9.97068	12.0238
2019-10-14.15:59:05	80.0501	2364.95	3.36805	11.6904
2019-10-14.15:59:06	80.4995	2366.06	-3.29926	12.2351
2019-10-14.15:59:07	80.2675	2368.3	-8.18622	13.6662
2019-10-14.15:59:08	79.8727	2371.01	-4.2107	12.6599
2019-10-14.15:59:09	80.0352	2373.44	0.812435	11.1171
2019-10-14.15:59:10	80.4687	2374.93	4.47381	10.9933
2019-10-14.15:59:11	80.981	2375.45	8.50841	11.2214
2019-10-14.15:59:12	81.6281	2375.39	5.35297	11.0389
2019-10-14.15:59:13	82.2698	2376.1	-1.96429	10.725
2019-10-14.15:59:14	82.3643	2377.85	-7.88178	12.5943
2019-10-14.15:59:15	81.9808	2380.5	-5.42452	12.1608
2019-10-14.15:59:16	82.0497	2383.1	0.175796	10.4045
2019-10-14.15:59:17	82.564	2384.74	4.28192	10.0172
2019-10-14.15:59:18	83.1362	2385.31	8.36852	10.2771
2019-10-14.15:59:19	83.7958	2385.25	5.45076	10.2621
2019-10-14.15:59:20	84.4178	2386.04	-1.7225	9.9951
2019-10-14.15:59:21	84.5284	2387.92	-7.55111	11.6695
2019-10-14.15:59:22	84.2091	2390.61	-5.43583	11.2037
2019-10-14.15:59:23	84.3159	2393.25	0.330922	9.59784
2019-10-14.15:59:24	84.8245	2395.07	4.70874	9.34151
2019-10-14.15:59:25	85.354	2395.9	9.06488	9.68874
2019-10-14.15:59:26	85.9634	2396.23	4.30834	9.07492
2019-10-14.15:59:27	86.7035	2397.13	-2.93488	8.93064
2019-10-14.15:59:28	86.9221	2398.82	-7.36152	10.6803
2019-10-14.15:59:29	86.7047	2401.46	-4.25761	9.92429
2019-10-14.15:59:30	87.1436	2403.91	1.53018	8.24909
2019-10-14.15:59:31	87.993	2405.06	6.0884	8.03221
2019-10-14.15:59:32	88.8811	2405.03	7.73801	8.62993
2019-10-14.15:59:33	89.4646	2405.57	1.4297	8.43768
2019-10-14.15:59:34	89.8409	2407.62	-5.43002	9.12945
2019-10-14.15:59:35	89.8797	2410.26	-6.64895	9.43586
2019-10-14.15:59:36	90.0467	2412.84	-1.54934	8.16505
2019-10-14.15:59:37	90.8169	2414.83	3.89676	7.29682
2019-10-14.15:59:38	91.66	2415.66	8.5252	7.62645
2019-10-14.15:59:39	92.4587	2415.98	4.33999	7.17827
2019-10-14.15:59:40	93.3589	2416.91	-2.91467	7.0962
2019-10-14.15:59:41	93.7704	2418.67	-6.58852	8.52756
2019-10-14.15:59:42	93.8842	2421.32	-3.5259	7.48945
2019-10-14.15:59:43	94.7102	2423.3	2.60108	5.99594
2019-10-14.15:59:44	95.9222	2423.41	7.36994	6.08987
2019-10-14.15:59:45	96.6716	2423.45	4.72673	7.10224
2019-10-14.15:59:46	97.0865	2425.56	-1.75846	6.73711
2019-10-14.15:59:47	97.7097	2427.57	-6.07363	6.54722
2019-10-14.15:59:48	98.3787	2428.68	-3.99213	5.90983
2019-10-14.15:59:49	99.5425	2429.22	2.16395	4.73108
2019-10-14.15:59:50	100.741	2428.89	6.14892	5.59653
2019-10-14.15:59:51	101.317	2429.33	3.86456	6.33099
2019-10-14.15:59:52	101.708	2431.57	-2.02357	5.97702
2019-10-14.15:59:53	102.186	2433.83	-5.39192	6.07144
2019-10-14.15:59:54	102.616	2435.73	-2.77801	5.59489
2019-10-14.15:59:55	103.449	2437.34	2.8108	4.86691
2019-10-14.15:59:56	104.285	2438.17	5.2843	5.02039
2019-10-14.15:59:57	105.024	2438.88	2.16504	4.87978
2019-10-14.15:59:58	105.81	2440.19	-2.87237	5.147
2019-10-14.15:59:59	106.173	2442.23	-4.1603	5.49369
2019-10-14.16:00:00	106.676	2444.37	-0.616792	4.61875
2019-10-14.16:00:01	107.587	2445.7	3.57737	4.12283
2019-10-14.16:00:02	108.46	2446.2	3.67974	4.03453
2019-10-14.16:00:03	109.411	2446.66	-0.144236	3.86185
2019-10-14.16:00:04	110.265	2447.5	-3.2428	4.29137
2019-10-14.16:00:05	110.723	2449.09	-2.06594	4.56396
2019-10-14.16:00:06	111.364	2451.06	1.61769	3.83499
2019-10-14.16:00:07	112.097	2452.26	3.29122	3.70839
[State]	Descent
2019-10-14.16:00:08	112.839	2453.14	1.15619	3.56487
2019-10-14.16:00:09	113.654	2454.2	-1.92991	3.67315
2019-10-14.16:00:10	114.166	2455.69	-2.159	3.96962
2019-10-14.16:00:11	114.753	2457.48	0.433659	3.38029
2019-10-14.16:00:12	115.516	2458.62	2.42299	3.13389
2019-10-14.16:00:13	116.257	2459.35	1.43753	3.03683
2019-10-14.16:00:14	117.075	2460.16	-1.00974	3.05514
2019-10-14.16:00:15	117.676	2461.3	-1.70997	3.33509
2019-10-14.16:00:16	118.214	2462.87	0.0112277	3.00981
2019-10-14.16:00:17	118.926	2464.04	1.69123	2.75375
2019-10-14.16:00:18	119.605	2464.86	1.20778	2.68655
2019-10-14.16:00:19	120.336	2465.72	-0.571759	2.70239
2019-10-14.16:00:20	120.905	2466.86	-1.19557	2.88332
2019-10-14.16:00:21	121.467	2468.21	-0.0143741	2.54205
2019-10-14.16:00:22	122.169	2469.14	1.19561	2.33429
2019-10-14.16:00:23	122.841	2469.81	0.847668	2.28748
2019-10-14.16:00:24	123.534	2470.54	-0.396306	2.32416
2019-10-14.16:00:25	124.081	2471.54	-0.75731	2.4484
2019-10-14.16:00:26	124.639	2472.67	0.110125	1.84165
2019-10-14.16:00:27	126.318	2470.73	0.709855	-2.34426
2019-10-14.16:00:28	129.041	2463.14	0.279394	-1.28827
2019-10-14.16:00:29	131.059	2457.15	-0.146824	-1.28065
2019-10-14.16:00:30	133.253	2450.87	-0.15524	-2.16809
2019-10-14.16:00:31	135.66	2443.15	0.184307	-2.668
2019-10-14.16:00:32	137.989	2434.9	0.33844	-2.36008
2019-10-14.16:00:33	139.929	2427.59	0.14078	-1.82962
2019-10-14.16:00:34	141.425	2421.81	-0.0407593	-1.61235
2019-10-14.16:00:35	142.944	2416.1	-0.0086688	-2.14526
2019-10-14.16:00:36	144.566	2409.52	0.129906	-2.427
2019-10-14.16:00:37	146.185	2402.46	0.140369	-2.547
2019-10-14.16:00:38	147.714	2395.31	0.0420258	-2.50847
2019-10-14.16:00:39	149.067	2388.47	0.0292398	-2.32454
2019-10-14.16:00:40	150.201	2382.29	0.10916	-2.0263
2019-10-14.16:00:41	151.081	2377.02	0.1266	-1.82155
2019-10-14.16:00:42	151.962	2371.87	0.0255047	-2.18212
2019-10-14.16:00:43	152.902	2366.1	-0.0046364	-2.37605
2019-10-14.16:00:44	153.864	2359.93	0.0791074	-2.4946
2019-10-14.16:00:45	154.809	2353.56	0.107908	-2.53331
2019-10-14.16:00:46	155.682	2347.22	0.0490868	-2.48558
2019-10-14.16:00:47	156.439	2341.13	0.0325867	-2.36175
2019-10-14.16:00:48	157.063	2335.46	0.0798893	-2.18036
2019-10-14.16:00:49	157.538	2330.37	0.0916738	-1.9578
2019-10-14.16:00:50	157.95	2325.62	0.0387511	-2.17821
2019-10-14.16:00:51	158.428	2320.42	0.0154027	-2.33331
2019-10-14.16:00:52	158.948	2314.85	0.0609299	-2.45488
2019-10-14.16:00:53	159.492	2309.01	0.0773545	-2.53546
2019-10-14.16:00:54	160.026	2303.02	0.0448673	-2.56827
2019-10-14.16:00:55	160.523	2297	0.0382827	-2.55651
2019-10-14.16:00:56	160.97	2291.08	0.0646993	-2.50783
2019-10-14.16:00:57	161.353	2285.35	0.067901	-2.42501
2019-10-14.16:00:58	161.655	2279.9	0.0493015	-2.31075
2019-10-14.16:00:59	161.865	2274.82	0.0501284	-2.17338
2019-10-14.16:01:00	161.988	2270.14	0.0630831	-2.11179
2019-10-14.16:01:01	162.139	2265.43	0.0447061	-2.2625
2019-10-14.16:01:02	162.341	2260.39	0.0333648	-2.37427
2019-10-14.16:01:03	162.585	2255.05	0.0501067	-2.46975
2019-10-14.16:01:04	162.86	2249.48	0.0573265	-2.54575
2019-10-14.16:01:05	163.149	2243.73	0.0454071	-2.59796
2019-10-14.16:01:06	163.437	2237.86	0.0432506	-2.62625
2019-10-14.16:01:07	163.715	2231.96	0.0533451	-2.62486
2019-10-14.16:01:08	163.883	2226.38	0.0683013	-2.23736
2019-10-14.16:01:09	163.839	2221.83	0.0716174	-1.86615
2019-10-14.16:01:10	163.598	2218.34	0.0577537	-1.49904
2019-10-14.16:01:11	163.182	2215.87	0.0558561	-1.15305
2019-10-14.16:01:12	162.623	2214.3	0.0635607	-0.922339
2019-10-14.16:01:13	162.096	2212.98	0.0407887	-1.08832
2019-10-14.16:01:14	161.683	2211.22	0.0279193	-1.24862
2019-10-14.16:01:15	161.394	2208.96	0.0470691	-1.43908
2019-10-14.16:01:16	161.237	2206.13	0.0543787	-1.62355
2019-10-14.16:01:17	161.047	2203.23	0.0649597	-1.22107
2019-10-14.16:01:18	160.683	2201.27	0.0780917	-0.891768
2019-10-14.16:01:19	160.175	2200.18	0.0646787	-0.590882
2019-10-14.16:01:20	159.551	2199.85	0.0540905	-0.331173
2019-10-14.16:01:21	158.877	2200.05	0.0565586	-0.369337
2019-10-14.16:01:22	158.328	2199.94	0.0428198	-0.547065
2019-10-14.16:01:23	157.922	2199.26	0.0406994	-0.765381
2019-10-14.16:01:24	157.67	2197.93	0.0510974	-1.01358
2019-10-14.16:01:25	157.565	2195.9	0.0548875	-1.06644
2019-10-14.16:01:26	157.364	2194.1	0.0817543	-0.711838
2019-10-14.16:01:27	157.016	2193.13	0.0853708	-0.419933
2019-10-14.16:01:28	156.542	2192.9	0.0620516	-0.157318
2019-10-14.16:01:29	155.97	2193.31	0.0581037	0.064771
2019-10-14.16:01:30	155.379	2194.08	0.0647984	-0.0435741
2019-10-14.16:01:31	154.922	2194.45	0.0484805	-0.233661
2019-10-14.16:01:32	154.608	2194.22	0.0439583	-0.460919
2019-10-14.16:01:33	154.445	2193.33	0.0566048	-0.712418
2019-10-14.16:01:34	154.432	2191.75	0.0611169	-0.878282
2019-10-14.16:01:35	154.369	2190.15	0.0816968	-0.534916
2019-10-14.16:01:36	154.16	2189.3	0.0916173	-0.264376
2019-10-14.16:01:37	153.826	2189.14	0.0723719	-0.011804
2019-10-14.16:01:38	153.385	2189.6	0.062688	0.21103
2019-10-14.16:01:39	152.874	2190.55	0.0734126	0.268447
2019-10-14.16:01:40	152.451	2191.38	0.0593823	0.067428
2019-10-14.16:01:41	152.161	2191.66	0.0453955	-0.143829
2019-10-14.16:01:42	152.011	2191.34	0.056476	-0.37819
2019-10-14.16:01:43	152.003	2190.37	0.0681793	-0.624042
2019-10-14.16:01:44	152.107	2188.8	0.0655601	-0.604688
2019-10-14.16:01:45	152.099	2187.52	0.0880505	-0.331579
2019-10-14.16:01:46	151.96	2186.93	0.0938438	-0.0801674
2019-10-14.16:01:47	151.697	2186.97	0.0745893	0.158173
2019-10-14.16:01:48	151.329	2187.6	0.0675253	0.372572
2019-10-14.16:01:49	150.892	2188.7	0.0776958	0.40009
2019-10-14.16:01:50	150.551	2189.62	0.0611749	0.196345
2019-10-14.16:01:51	150.338	2189.99	0.0481974	-0.0162431
2019-10-14.16:01:52	150.26	2189.77	0.0611078	-0.246044
2019-10-14.16:01:53	150.313	2188.94	0.0727977	-0.481582
2019-10-14.16:01:54	150.482	2187.52	0.0663153	-0.563154
2019-10-14.16:01:55	150.566	2186.21	0.0853342	-0.282567
2019-10-14.16:01:56	150.514	2185.55	0.0991153	-0.0391027
2019-10-14.16:01:57	150.337	2185.52	0.0826587	0.198901
2019-10-14.16:01:58	150.046	2186.07	0.0693016	0.420558
2019-10-14.16:01:59	149.665	2187.15	0.0789356	0.562076
2019-10-14.16:02:00	149.34	2188.26	0.0694944	0.333009
2019-10-14.16:02:01	149.147	2188.83	0.0505647	0.121653
2019-10-14.16:02:02	149.085	2188.82	0.0583162	-0.10596
2019-10-14.16:02:03	149.152	2188.21	0.0746858	-0.338503
2019-10-14.16:02:04	149.338	2187.01	0.0713231	-0.551364
2019-10-14.16:02:05	149.516	2185.59	0.0780426	-0.295069
2019-10-14.16:02:06	149.556	2184.77	0.100743	0.44079
2019-10-14.16:02:07	147.515	2190.55	0.372634	5.16661
[State]	Climb
2019-10-14.16:02:08	145.436	2200.88	0.114958	4.7464
2019-10-14.16:02:09	142.451	2213.64	-0.0361638	5.87909
2019-10-14.16:02:10	140.141	2225.97	-0.0576006	5.15805
2019-10-14.16:02:11	137.576	2238.13	0.210934	6.795
2019-10-14.16:02:12	134.769	2252.11	0.300504	6.44483
2019-10-14.16:02:13	132.458	2264.69	0.0056275	5.80291
2019-10-14.16:02:14	130.459	2275.74	-0.118829	6.38248
2019-10-14.16:02:15	128.305	2287.3	0.170937	6.74152
2019-10-14.16:02:16	126.168	2299.05	0.375393	6.84572
2019-10-14.16:02:17	124.189	2310.37	0.208031	6.683
2019-10-14.16:02:18	122.463	2320.87	-0.0507026	6.82433
2019-10-14.16:02:19	120.722	2331.26	0.0115723	7.02353
2019-10-14.16:02:20	119.085	2341.45	0.262707	7.05348
2019-10-14.16:02:21	117.483	2351.39	0.370448	7.26206
2019-10-14.16:02:22	115.938	2361.18	0.221242	7.41868
2019-10-14.16:02:23	114.447	2370.82	0.0399197	7.55223
2019-10-14.16:02:24	113.014	2380.31	0.0596916	7.72437
2019-10-14.16:02:25	111.62	2389.64	0.247549	7.8657
2019-10-14.16:02:26	110.247	2398.82	0.373029	8.02688
2019-10-14.16:02:27	108.91	2407.85	0.301254	8.1799
2019-10-14.16:02:28	107.622	2416.72	0.13869	8.3219
2019-10-14.16:02:29	106.387	2425.43	0.084984	8.46512
2019-10-14.16:02:30	105.181	2433.97	0.202265	8.60766
2019-10-14.16:02:31	103.992	2442.35	0.358764	8.75609
2019-10-14.16:02:32	102.818	2450.57	0.390036	8.90294
2019-10-14.16:02:33	101.674	2458.63	0.276867	9.04398
2019-10-14.16:02:34	100.571	2466.51	0.154183	9.17842
2019-10-14.16:02:35	99.5053	2474.21	0.159231	9.30997
2019-10-14.16:02:36	98.469	2481.74	0.290879	9.442
2019-10-14.16:02:37	97.4507	2489.1	0.419708	9.57375
2019-10-14.16:02:38	96.4577	2496.35	0.42163	9.67441
2019-10-14.16:02:39	95.5029	2503.49	0.301129	9.77902
2019-10-14.16:02:40	94.5921	2510.52	0.183366	9.87065
2019-10-14.16:02:41	93.7231	2517.44	0.187001	9.96222
2019-10-14.16:02:42	92.89	2524.19	0.313547	10.0671
2019-10-14.16:02:43	92.0811	2530.74	0.453615	10.1882
2019-10-14.16:02:44	91.295	2537.09	0.486276	10.3015
2019-10-14.16:02:45	90.5413	2543.25	0.390007	10.4077
2019-10-14.16:02:46	89.8288	2549.22	0.260643	10.5034
2019-10-14.16:02:47	89.1641	2554.99	0.222565	10.5407
2019-10-14.16:02:48	88.6133	2560.45	0.304065	10.3285
2019-10-14.16:02:49	88.2555	2565.39	0.419617	10.0446
2019-10-14.16:02:50	88.0718	2569.75	0.472562	9.79521
2019-10-14.16:02:51	88.0491	2573.62	0.417086	9.52573
2019-10-14.16:02:52	88.1728	2577.06	0.297763	9.27568
2019-10-14.16:02:53	88.4185	2580.17	0.2154	9.05407
2019-10-14.16:02:54	88.7415	2583.05	0.241185	8.90436
2019-10-14.16:02:55	89.0844	2585.82	0.354022	8.84949
2019-10-14.16:02:56	89.39	2588.64	0.45529	8.89709
2019-10-14.16:02:57	89.6128	2591.65	0.454688	9.03515
2019-10-14.16:02:58	89.7247	2594.95	0.35166	9.23619
2019-10-14.16:02:59	89.7638	2598.56	0.23047	9.1021
2019-10-14.16:03:00	89.9546	2602.02	0.147373	8.73093
2019-10-14.16:03:01	90.2721	2605.1	0.179666	8.51581
2019-10-14.16:03:02	90.6539	2607.95	0.311178	8.34914
2019-10-14.16:03:03	91.0944	2610.66	0.420207	8.09511
2019-10-14.16:03:04	91.6023	2613.19	0.397161	7.89048
2019-10-14.16:03:05	92.1689	2615.6	0.257891	7.6664
2019-10-14.16:03:06	92.7975	2617.9	0.121378	7.44979
2019-10-14.16:03:07	93.4772	2620.11	0.107869	7.23264
2019-10-14.16:03:08	94.1918	2622.26	0.223217	7.02383
2019-10-14.16:03:09	94.9313	2624.32	0.351534	6.82747
2019-10-14.16:03:10	95.691	2626.26	0.366653	6.65892
2019-10-14.16:03:11	96.4739	2628.11	0.251328	6.48325
2019-10-14.16:03:12	97.2838	2629.85	0.115041	6.31565
2019-10-14.16:03:13	98.1156	2631.5	0.088874	6.15184
2019-10-14.16:03:14	98.9565	2633.07	0.194105	5.99793
2019-10-14.16:03:15	99.7958	2634.6	0.318014	5.83521
2019-10-14.16:03:16	100.636	2636.12	0.326626	5.67504
2019-10-14.16:03:17	101.481	2637.62	0.208396	5.52938
2019-10-14.16:03:18	102.331	2639.14	0.0852693	5.38153
2019-10-14.16:03:19	103.189	2640.66	0.0807505	5.23404
2019-10-14.16:03:20	104.045	2642.18	0.190574	5.09051
2019-10-14.16:03:21	104.893	2643.69	0.287846	4.95178
2019-10-14.16:03:22	105.738	2645.2	0.263479	4.81288
2019-10-14.16:03:23	106.59	2646.7	0.145624	4.67273
2019-10-14.16:03:24	107.45	2648.18	0.0653223	4.53207
2019-10-14.16:03:25	108.309	2649.65	0.106454	4.39696
2019-10-14.16:03:26	109.154	2651.09	0.212206	4.26722
2019-10-14.16:03:27	109.982	2652.52	0.254705	4.14182
2019-10-14.16:03:28	110.804	2653.93	0.185965	4.01601
2019-10-14.16:03:29	111.627	2655.31	0.0902466	3.8902
2019-10-14.16:03:30	112.451	2656.66	0.0786846	3.76698
2019-10-14.16:03:31	113.267	2657.98	0.155767	3.64901
2019-10-14.16:03:32	114.067	2659.27	0.219775	3.53721
2019-10-14.16:03:33	114.853	2660.54	0.192059	3.42675
2019-10-14.16:03:34	115.634	2661.77	0.111503	3.31706
2019-10-14.16:03:35	116.412	2662.97	0.0790011	3.20958
2019-10-14.16:03:36	117.181	2664.14	0.127821	3.10672
2019-10-14.16:03:37	117.934	2665.28	0.18695	3.00866
2019-10-14.16:03:38	118.673	2666.39	0.178777	2.913
2019-10-14.16:03:39	119.406	2667.46	0.118291	2.81831
2019-10-14.16:03:40	120.135	2668.51	0.0860195	2.72578
2019-10-14.16:03:41	120.855	2669.52	0.118272	2.63714
2019-10-14.16:03:42	121.559	2670.5	0.163946	2.55259
2019-10-14.16:03:43	122.251	2671.45	0.159808	2.47039
2019-10-14.16:03:44	122.935	2672.37	0.115139	2.38964
2019-10-14.16:03:45	123.609	2673.26	0.0920439	2.31156
2019-10-14.16:03:46	124.27	2674.12	0.115739	1.87907
2019-10-14.16:03:47	125.994	2672.1	-0.0576753	-2.34336
2019-10-14.16:03:48	128.737	2664.46	-0.119614	-1.23859
2019-10-14.16:03:49	130.754	2658.47	0.274595	-1.2484
2019-10-14.16:03:50	132.955	2652.19	0.327325	-2.10797
2019-10-14.16:03:51	135.34	2644.56	0.0106584	-2.55151
2019-10-14.16:03:52	137.67	2636.35	-0.114569	-2.42281
2019-10-14.16:03:53	139.696	2628.76	0.138227	-2.03624
2019-10-14.16:03:54	141.309	2622.4	0.311189	-1.444
2019-10-14.16:03:55	142.692	2617.06	0.110197	-1.93531
2019-10-14.16:03:56	144.206	2610.95	-0.128497	-2.23098
2019-10-14.16:03:57	145.729	2604.29	0.0036221	-2.39543
2019-10-14.16:03:58	147.22	2597.4	0.222277	-2.4296
2019-10-14.16:03:59	148.578	2590.64	0.156416	-2.31034
2019-10-14.16:04:00	149.749	2584.37	-0.0133029	-2.06471
2019-10-14.16:04:01	150.667	2578.91	0.0282829	-1.72924
2019-10-14.16:04:02	151.502	2573.95	0.136143	-2.06633
2019-10-14.16:04:03	152.43	2568.4	0.0840199	-2.27196
2019-10-14.16:04:04	153.371	2562.42	0.0085252	-2.39183
2019-10-14.16:04:05	154.284	2556.24	0.0521554	-2.43122
2019-10-14.16:04:06	155.144	2550.08	0.114078	-2.39826
2019-10-14.16:04:07	155.909	2544.12	0.0842916	-2.29037
2019-10-14.16:04:08	156.535	2538.55	0.0415642	-2.11398
2019-10-14.16:04:09	157.007	2533.55	0.0675365	-1.8886
2019-10-14.16:04:10	157.322	2529.22	0.0994352	-1.62987
2019-10-14.16:04:11	157.47	2525.65	0.0789068	-1.34618
2019-10-14.16:04:12	157.447	2522.87	0.0562851	-1.06524
2019-10-14.16:04:13	157.358	2520.6	0.0577503	-1.13568
2019-10-14.16:04:14	157.303	2518.22	0.0622664	-1.18019
[State]	Cruise
2019-10-14.16:04:15	157.279	2515.7	0.062959	-1.22954
2019-10-14.16:04:16	157.282	2513.05	0.0604807	-1.27929
2019-10-14.16:04:17	157.312	2510.26	0.060983	-1.32738
2019-10-14.16:04:18	157.364	2507.35	0.0636338	-1.37202
2019-10-14.16:04:19	157.435	2504.33	0.0639023	-1.40089
2019-10-14.16:04:20	157.454	2501.44	0.0736709	-1.15812
2019-10-14.16:04:21	157.352	2499.14	0.0822374	-0.941268
2019-10-14.16:04:22	157.143	2497.42	0.0724502	-0.732669
2019-10-14.16:04:23	156.84	2496.24	0.0652402	-0.542117
2019-10-14.16:04:24	156.464	2495.53	0.0714452	-0.378587
2019-10-14.16:04:25	156.037	2495.2	0.0749999	-0.247921
2019-10-14.16:04:26	155.58	2495.16	0.0686394	-0.153058
2019-10-14.16:04:27	155.113	2495.3	0.0646789	-0.0963375
2019-10-14.16:04:28	154.661	2495.51	0.0682032	-0.0790976
2019-10-14.16:04:29	154.242	2495.7	0.0699291	-0.0999532
2019-10-14.16:04:30	153.873	2495.76	0.0662411	-0.155249
2019-10-14.16:04:31	153.567	2495.61	0.0641878	-0.24058
2019-10-14.16:04:32	153.336	2495.18	0.0665032	-0.350803
2019-10-14.16:04:33	153.185	2494.42	0.0678817	-0.479367
2019-10-14.16:04:34	153.117	2493.3	0.0662102	-0.618855
2019-10-14.16:04:35	153.129	2491.8	0.0654801	-0.7621
2019-10-14.16:04:36	153.175	2490.04	0.0755245	-0.616051
2019-10-14.16:04:37	153.114	2488.71	0.095388	-0.418855
2019-10-14.16:04:38	152.954	2487.9	0.086281	-0.225804
2019-10-14.16:04:39	152.704	2487.58	0.0693799	-0.0468292
2019-10-14.16:04:40	152.38	2487.69	0.0742635	0.108416
2019-10-14.16:04:41	152.007	2488.15	0.0854792	0.232732
2019-10-14.16:04:42	151.602	2488.88	0.0803222	0.32385
2019-10-14.16:04:43	151.185	2489.77	0.0699572	0.3803
2019-10-14.16:04:44	150.777	2490.74	0.0716202	0.370065
2019-10-14.16:04:45	150.428	2491.57	0.0744604	0.286851
2019-10-14.16:04:46	150.154	2492.13	0.0718721	0.177511
2019-10-14.16:04:47	149.963	2492.36	0.0692732	0.0456826
2019-10-14.16:04:48	149.86	2492.22	0.0711175	-0.101598
2019-10-14.16:04:49	149.846	2491.68	0.0735437	-0.256541
2019-10-14.16:04:50	149.915	2490.73	0.072839	-0.410907
2019-10-14.16:04:51	150.061	2489.39	0.0717	-0.557128
2019-10-14.16:04:52	150.244	2487.76	0.078091	-0.470974
2019-10-14.16:04:53	150.321	2486.47	0.0990374	-0.274846
2019-10-14.16:04:54	150.289	2485.7	0.0953142	-0.0761021
2019-10-14.16:04:55	150.152	2485.44	0.0774936	0.119486
2019-10-14.16:04:56	149.922	2485.67	0.0776823	0.301262
2019-10-14.16:04:57	149.618	2486.33	0.0897436	0.459489
2019-10-14.16:04:58	149.259	2487.34	0.0886955	0.587308
2019-10-14.16:04:59	148.912	2488.48	0.0691843	0.450246
2019-10-14.16:05:00	148.67	2489.25	0.0565969	0.293428
2019-10-14.16:05:01	148.535	2489.56	0.0718326	0.113195
2019-10-14.16:05:02	148.512	2489.39	0.08363	-0.078626
2019-10-14.16:05:03	148.593	2488.71	0.0737973	-0.269689
2019-10-14.16:05:04	148.767	2487.57	0.0649283	-0.450245
2019-10-14.16:05:05	148.986	2486.07	0.0796209	-0.351431
2019-10-14.16:05:06	149.091	2484.93	0.109847	-0.147074
2019-10-14.16:05:07	149.08	2484.34	0.100424	0.064416
2019-10-14.16:05:08	148.953	2484.3	0.0748196	0.275219
2019-10-14.16:05:09	148.724	2484.78	0.0784035	0.472523
2019-10-14.16:05:10	148.414	2485.72	0.0967613	0.645104
2019-10-14.16:05:11	148.074	2486.97	0.0878988	0.558654
2019-10-14.16:05:12	147.842	2487.89	0.0537621	0.381916
2019-10-14.16:05:13	147.722	2488.32	0.0574437	0.185787
2019-10-14.16:05:14	147.722	2488.21	0.0853746	-0.0217936
2019-10-14.16:05:15	147.836	2487.58	0.0866219	-0.227802
2019-10-14.16:05:16	148.046	2486.44	0.0664049	-0.419281
2019-10-14.16:05:17	148.279	2485.01	0.0755761	-0.256521
2019-10-14.16:05:18	148.386	2484.02	0.112502	-0.052546
2019-10-14.16:05:19	148.377	2483.59	0.106681	0.162359
2019-10-14.16:05:20	148.249	2483.71	0.0760412	0.377153
2019-10-14.16:05:21	148.016	2484.35	0.0760943	0.578626
2019-10-14.16:05:22	147.701	2485.47	0.0980947	0.73871
2019-10-14.16:05:23	147.411	2486.71	0.0840526	0.534467
2019-10-14.16:05:24	147.243	2487.47	0.0520362	0.343153
2019-10-14.16:05:25	147.191	2487.71	0.0616005	0.135823
2019-10-14.16:05:26	147.258	2487.41	0.0889099	-0.0769644
2019-10-14.16:05:27	147.75	2485.65	0.0249313	-2.13965
2019-10-14.16:05:28	149.136	2479.35	-0.0568715	-2.18745
2019-10-14.16:05:29	150.02	2473.87	0.184957	-1.55818
2019-10-14.16:05:30	151.009	2468.68	0.171698	-2.63097
2019-10-14.16:05:31	152.332	2461.49	-0.0507249	-2.73866
2019-10-14.16:05:32	153.326	2454.78	0.0429438	-2.06616
2019-10-14.16:05:33	153.965	2449.75	0.215893	-2.00946
2019-10-14.16:05:34	154.757	2444.35	0.0689639	-2.5516
2019-10-14.16:05:35	155.721	2437.72	-0.0706801	-2.95987
2019-10-14.16:05:36	156.699	2430.46	0.0702179	-2.68656
2019-10-14.16:05:37	157.444	2424	0.200661	-2.33659
2019-10-14.16:05:38	157.928	2418.62	0.0874325	-1.91826
2019-10-14.16:05:39	158.295	2413.91	-0.0316685	-2.2757
2019-10-14.16:05:40	158.824	2408.39	0.0238425	-2.59448
2019-10-14.16:05:41	159.495	2402.03	0.113881	-2.88355
2019-10-14.16:05:42	160.25	2394.99	0.0712682	-2.93151
2019-10-14.16:05:43	160.865	2388.14	0.0366407	-2.6794
2019-10-14.16:05:44	161.299	2382.02	0.0781915	-2.4028
2019-10-14.16:05:45	161.553	2376.73	0.09826	-2.0982
2019-10-14.16:05:46	161.681	2372.15	0.0532094	-2.2307
2019-10-14.16:05:47	161.928	2367.07	0.0111315	-2.48636
2019-10-14.16:05:48	162.289	2361.3	0.0507958	-2.7248
2019-10-14.16:05:49	162.753	2354.89	0.078392	-2.93555
2019-10-14.16:05:50	163.28	2347.96	0.0490971	-3.00755
2019-10-14.16:05:51	163.721	2341.1	0.052527	-2.82091
2019-10-14.16:05:52	164.036	2334.77	0.0792249	-2.6264
2019-10-14.16:05:53	164.221	2329.03	0.0720534	-2.40967
2019-10-14.16:05:54	164.27	2323.93	0.0538396	-2.17863
2019-10-14.16:05:55	164.222	2319.41	0.0553924	-2.23487
2019-10-14.16:05:56	164.277	2314.56	0.0430404	-2.44398
2019-10-14.16:05:57	164.434	2309.12	0.0430401	-2.64291
2019-10-14.16:05:58	164.684	2303.14	0.0534544	-2.82752
2019-10-14.16:05:59	165.01	2296.65	0.0532096	-2.99055
2019-10-14.16:06:00	165.388	2289.76	0.048435	-3.04025
2019-10-14.16:06:01	165.7	2282.93	0.064459	-2.89286
2019-10-14.16:06:02	165.915	2276.53	0.0691422	-2.73942
2019-10-14.16:06:03	166.027	2270.59	0.0565635	-2.56993
2019-10-14.16:06:04	166.037	2265.16	0.0555588	-2.39274
2019-10-14.16:06:05	165.952	2260.25	0.0642513	-2.21674
2019-10-14.16:06:06	165.805	2255.77	0.0581038	-2.25315
2019-10-14.16:06:07	165.739	2251.03	0.034619	-2.4122
2019-10-14.16:06:08	165.76	2245.84	0.0425954	-2.57112
2019-10-14.16:06:09	165.866	2240.19	0.058702	-2.72701
2019-10-14.16:06:10	166.042	2234.12	0.0520504	-2.71612
2019-10-14.16:06:11	166.033	2228.62	0.0756186	-2.1784
2019-10-14.16:06:12	165.77	2224.51	0.0870366	-1.70318
2019-10-14.16:06:13	165.275	2221.73	0.0644327	-1.25144
2019-10-14.16:06:14	164.703	2219.78	0.0376478	-1.42386
2019-10-14.16:06:15	164.282	2217.32	0.03142	-1.63323
2019-10-14.16:06:16	164.015	2214.2	0.053504	-1.87549
2019-10-14.16:06:17	163.839	2210.55	0.0669192	-1.63046
2019-10-14.16:06:18	163.459	2207.78	0.0868196	-1.21457
2019-10-14.16:06:19	162.894	2206.14	0.0732086	-0.828968
2019-10-14.16:06:20	162.172	2205.5	0.0578954	-0.55562
2019-10-14.16:06:21	161.501	2205.1	0.0426627	-0.814089
2019-10-14.16:06:22	161.004	2204.03	0.0407442	-1.06435
[State]	Descent
2019-10-14.16:06:23	160.687	2202.18	0.0533123	-1.35038
2019-10-14.16:06:24	160.488	2199.69	0.0663917	-1.14717
2019-10-14.16:06:25	160.116	2197.91	0.0943156	-0.785924
2019-10-14.16:06:26	159.587	2197.09	0.080513	-0.455145
2019-10-14.16:06:27	158.928	2197.1	0.0586773	-0.167057
2019-10-14.16:06:28	158.243	2197.58	0.0557081	-0.318165
2019-10-14.16:06:29	157.721	2197.55	0.0494183	-0.545467
2019-10-14.16:06:30	157.37	2196.8	0.0526724	-0.814695
2019-10-14.16:06:31	157.195	2195.26	0.0574252	-1.10416
2019-10-14.16:06:32	157.059	2193.35	0.0790571	-0.758591
2019-10-14.16:06:33	156.755	2192.24	0.101572	-0.451504
2019-10-14.16:06:34	156.313	2191.92	0.0794101	-0.166185
2019-10-14.16:06:35	155.757	2192.31	0.0611574	0.0822096
2019-10-14.16:06:36	155.156	2193.17	0.0687225	0.0035354
2019-10-14.16:06:37	154.694	2193.65	0.0590623	-0.204772
2019-10-14.16:06:38	154.384	2193.48	0.0527724	-0.449049
2019-10-14.16:06:39	154.234	2192.62	0.0605028	-0.716467
2019-10-14.16:06:40	154.234	2191.03	0.0678528	-0.808705
2019-10-14.16:06:41	154.152	2189.57	0.0959195	-0.475922
2019-10-14.16:06:42	153.927	2188.88	0.0989474	-0.201313
2019-10-14.16:06:43	153.574	2188.88	0.0745435	0.0535703
2019-10-14.16:06:44	153.115	2189.5	0.0700059	0.276597
2019-10-14.16:06:45	152.613	2190.55	0.0799203	0.20729
2019-10-14.16:06:46	152.235	2191.25	0.0612248	0.0091124
2019-10-14.16:06:47	151.994	2191.36	0.0525051	-0.217825
2019-10-14.16:06:48	151.898	2190.83	0.0670891	-0.463862
2019-10-14.16:06:49	151.945	2189.64	0.0749617	-0.716017
2019-10-14.16:06:50	152.034	2188.07	0.0815483	-0.477674
2019-10-14.16:06:51	151.975	2187.09	0.100974	-0.224834
2019-10-14.16:06:52	151.787	2186.78	0.0929163	0.0253424
2019-10-14.16:06:53	151.48	2187.1	0.075825	0.258533
2019-10-14.16:06:54	151.076	2187.98	0.0793018	0.462142
2019-10-14.16:06:55	150.667	2189.12	0.0785777	0.292025
2019-10-14.16:06:56	150.392	2189.79	0.057865	0.0915452
2019-10-14.16:06:57	150.248	2189.88	0.058963	-0.133827
2019-10-14.16:06:58	150.241	2189.36	0.0757413	-0.370937
2019-10-14.16:06:59	150.362	2188.23	0.0769	-0.606358
2019-10-14.16:07:00	150.519	2186.72	0.0796283	-0.397256
2019-10-14.16:07:01	150.532	2185.77	0.103049	-0.156903
2019-10-14.16:07:02	150.415	2185.45	0.09907	0.08611
2019-10-14.16:07:03	150.177	2185.75	0.0790248	0.318366
2019-10-14.16:07:04	149.836	2186.62	0.0790736	0.527648
2019-10-14.16:07:05	149.462	2187.84	0.0841875	0.411749
2019-10-14.16:07:06	149.242	2188.65	2.19738	0.0812541
2019-10-14.16:07:07	150.174	2186.3	10.3729	-2.46915
2019-10-14.16:07:08	151.931	2179.53	18.2315	-0.0269045
2019-10-14.16:07:09	153.627	2174.03	26.1159	-0.485027
2019-10-14.16:07:10	156.355	2165.32	30.3682	-0.270671
2019-10-14.16:07:11	158.594	2157.9	30.376	0.17156
2019-10-14.16:07:12	160.872	2151.01	30.3707	-0.656366
2019-10-14.16:07:13	163.302	2142.56	30.3665	-0.873432
2019-10-14.16:07:14	165.544	2134.03	30.3675	-0.468063
2019-10-14.16:07:15	167.427	2126.8	30.3694	0.0241956
2019-10-14.16:07:16	169.05	2120.74	30.367	-0.300497
2019-10-14.16:07:17	170.767	2113.93	30.3647	-0.559854
2019-10-14.16:07:18	172.493	2106.55	30.363	-0.681279
2019-10-14.16:07:19	174.152	2099	30.3619	-0.669911
2019-10-14.16:07:20	175.678	2091.7	30.3613	-0.530753
2019-10-14.16:07:21	177.013	2085.01	30.3611	-0.273172
2019-10-14.16:07:22	178.128	2079.22	30.3602	-0.236187
2019-10-14.16:07:23	179.275	2073.25	30.3584	-0.479925
2019-10-14.16:07:24	180.454	2066.75	30.3566	-0.602703
2019-10-14.16:07:25	181.612	2060	30.3551	-0.635444
2019-10-14.16:07:26	182.708	2053.26	30.3542	-0.597265
2019-10-14.16:07:27	183.703	2046.79	30.3534	-0.478282
2019-10-14.16:07:28	184.562	2040.82	30.3529	-0.286682
2019-10-14.16:07:29	185.31	2035.38	30.3515	-0.387842
2019-10-14.16:07:30	186.112	2029.58	30.3499	-0.533982
2019-10-14.16:07:31	186.933	2023.41	30.3482	-0.61182
2019-10-14.16:07:32	187.733	2017.17	26.4326	-0.602528
2019-10-14.16:07:33	188.44	2011.97	21.6621	-0.843345
2019-10-14.16:07:34	189.291	2006.27	18.4374	-1.08998
2019-10-14.16:07:35	190.143	1999.93	15.5653	-1.12245
2019-10-14.16:07:36	190.957	1993.77	12.8369	-1.03816
2019-10-14.16:07:37	191.637	1988.34	10.8128	-0.736109
2019-10-14.16:07:38	192.153	1983.66	9.21535	-0.955523
2019-10-14.16:07:39	192.825	1978.12	7.68331	-1.27315
2019-10-14.16:07:40	193.625	1971.67	6.52464	-1.50844
2019-10-14.16:07:41	194.448	1964.65	5.56008	-1.42036
2019-10-14.16:07:42	195.126	1958.2	4.62503	-1.18231
2019-10-14.16:07:43	195.636	1952.65	3.87591	-0.895852
2019-10-14.16:07:44	195.974	1948.04	3.29974	-0.94587
2019-10-14.16:07:45	196.428	1942.82	2.75266	-1.27803
2019-10-14.16:07:46	197.028	1936.52	2.33375	-1.57696
2019-10-14.16:07:47	197.678	1929.58	1.99325	-1.36807
2019-10-14.16:07:48	198.124	1923.59	1.65974	-1.03417
2019-10-14.16:07:49	198.365	1918.78	1.37335	-0.85282
2019-10-14.16:07:50	198.664	1913.79	1.14504	-1.29561
2019-10-14.16:07:51	199.155	1907.47	0.966094	-1.66496
2019-10-14.16:07:52	199.663	1900.68	0.827876	-1.25829
2019-10-14.16:07:53	199.916	1895.25	0.684343	-0.835671
2019-10-14.16:07:54	200.064	1890.61	0.527964	-1.23002
2019-10-14.16:07:55	200.447	1884.51	0.433415	-1.69153
2019-10-14.16:07:56	200.878	1877.75	0.404739	-1.1938
2019-10-14.16:07:57	200.999	1872.7	0.317017	-0.837663
2019-10-14.16:07:58	201.189	1867.57	0.18506	-1.52175
2019-10-14.16:07:59	201.61	1860.72	0.191808	-1.31479
2019-10-14.16:08:00	201.724	1855.38	0.201683	-0.780671
2019-10-14.16:08:01	201.884	1850.22	0.036425	-1.64999
2019-10-14.16:08:02	202.234	1843.44	0.0745927	-1.08068
2019-10-14.16:08:03	202.237	1838.72	0.114514	-1.31161
2019-10-14.16:08:04	202.587	1832.19	-0.070072	-1.38476
2019-10-14.16:08:05	202.602	1827.02	0.0653034	-1.09873
2019-10-14.16:08:06	202.921	1820.75	-0.0350387	-1.43031
2019-10-14.16:08:07	202.917	1815.64	-0.0215148	-1.33826
2019-10-14.16:08:08	203.247	1809.05	-0.0476765	-0.885885
2019-10-14.16:08:09	203.283	1804.05	-0.0470853	-2.14418
2019-10-14.16:08:10	203.349	1798.34	-0.040989	-1.41085
2019-10-14.16:08:11	203.512	1792.21	-0.0350929	-0.0328546
2019-10-14.16:08:12	203.577	1786.65	-0.0538883	1.07355
2019-10-14.16:08:13	203.372	1781.79	-0.0468745	2.3939
2019-10-14.16:08:14	202.448	1778.12	0.0434131	2.33559
2019-10-14.16:08:15	200.468	1776.22	0.199732	-2.69834
2019-10-14.16:08:16	197.926	1774.95	0.329532	-6.80538
2019-10-14.16:08:17	195.429	1773.68	0.353056	-8.80208
2019-10-14.16:08:18	193.096	1772.28	0.355744	-9.83163
2019-10-14.16:08:19	190.921	1770.78	0.399458	-10.2997
2019-10-14.16:08:20	188.884	1769.24	0.428776	-10.403
2019-10-14.16:08:21	186.973	1767.67	0.444865	-10.2285
2019-10-14.16:08:22	185.173	1766.08	0.480688	-9.78774
2019-10-14.16:08:23	183.483	1764.48	0.517364	-9.03396
2019-10-14.16:08:24	181.9	1762.83	0.540141	-7.88881
2019-10-14.16:08:25	180.427	1761.1	0.559186	-6.27148
2019-10-14.16:08:26	179.065	1759.25	0.570443	-4.15
2019-10-14.16:08:27	177.812	1757.23	0.560072	-1.55799
[State]	Landing
2019-10-14.16:08:28	176.646	1755.04	0.526476	1.47811
2019-10-14.16:08:29	175.559	1752.7	0.469874	4.85415
2019-10-14.16:08:30	174.59	1750.31	0.390262	8.24896
2019-10-14.16:08:31	173.831	1748.05	0.296632	10.9125
2019-10-14.16:08:32	173.303	1746.16	0.202826	11.9227
2019-10-14.16:08:33	172.86	1744.81	0.126172	10.5435
2019-10-14.16:08:34	172.36	1744.14	0.0855221	6.52489
2019-10-14.16:08:35	171.613	1744.14	0.0981806	0.834674
2019-10-14.16:08:36	170.493	1744.57	0.172024	-4.78727
2019-10-14.16:08:37	169.246	1745.02	0.294539	-8.62802
2019-10-14.16:08:38	168.136	1745.03	0.425137	-9.50281
2019-10-14.16:08:39	167.254	1744.32	0.514407	-7.25476
2019-10-14.16:08:40	166.615	1742.81	0.528177	-2.47374
2019-10-14.16:08:41	166.126	1740.59	0.462525	3.36957
2019-10-14.16:08:42	165.774	1738.12	0.335407	8.78684
2019-10-14.16:08:43	165.756	1736.12	0.190363	11.5394
2019-10-14.16:08:44	165.868	1735.18	0.0762757	9.71786
2019-10-14.16:08:45	165.719	1735.48	0.0433053	3.42289
2019-10-14.16:08:46	164.945	1736.66	0.116893	-3.84106
2019-10-14.16:08:47	163.882	1737.85	0.273022	-8.2807
2019-10-14.16:08:48	163.038	1738.16	0.422273	-7.83843
2019-10-14.16:08:49	162.558	1737.24	0.475127	-3.08091
2019-10-14.16:08:50	162.324	1735.24	0.411542	3.57189
2019-10-14.16:08:51	162.293	1732.94	0.266144	9.27199
2019-10-14.16:08:52	162.634	1731.43	0.10828	10.9122
2019-10-14.16:08:53	162.92	1731.4	0.0129616	6.59581
2019-10-14.16:08:54	162.635	1732.72	0.0379793	-1.0331
2019-10-14.16:08:55	161.795	1734.4	0.177264	-6.67564
2019-10-14.16:08:56	161.094	1735.22	0.334659	-6.95984
2019-10-14.16:08:57	160.805	1734.62	0.39799	-2.36961
2019-10-14.16:08:58	160.781	1732.83	0.337076	4.14887
2019-10-14.16:08:59	160.996	1730.8	0.191722	9.32974
2019-10-14.16:09:00	161.533	1729.76	0.0426412	9.75054
2019-10-14.16:09:01	161.864	1730.3	-0.0261599	4.2429
2019-10-14.16:09:02	161.493	1732.01	0.0348441	-3.0119
2019-10-14.16:09:03	160.791	1733.62	0.190976	-6.77152
2019-10-14.16:09:04	160.375	1734.04	0.320919	-4.88632
2019-10-14.16:09:05	160.342	1732.98	0.334502	0.793229
2019-10-14.16:09:06	160.508	1731.09	0.23438	6.86886
2019-10-14.16:09:07	160.99	1729.56	0.0835971	9.91241
2019-10-14.16:09:08	161.552	1729.42	-0.0305033	7.13823
2019-10-14.16:09:09	161.598	1730.77	-0.0318292	0.173973
2019-10-14.16:09:10	161.019	1732.63	0.0899043	-5.53408
2019-10-14.16:09:11	160.487	1733.72	0.24647	-6.07496
2019-10-14.16:09:12	160.356	1733.33	0.317766	-1.74637
2019-10-14.16:09:13	160.472	1731.75	0.267267	4.41368
2019-10-14.16:09:14	160.827	1729.98	0.132733	9.10735
2019-10-14.16:09:15	161.443	1729.23	-0.0041351	8.92843
2019-10-14.16:09:16	161.782	1730.02	-0.0581001	3.20811
2019-10-14.16:09:17	161.415	1731.83	0.0154215	-3.55892
2019-10-14.16:09:18	160.803	1733.39	0.172914	-6.49636
2019-10-14.16:09:19	160.501	1733.68	0.292519	-4.02574
2019-10-14.16:09:20	160.532	1732.54	0.296134	1.71757
2019-10-14.16:09:21	160.752	1730.72	0.192615	7.45016
2019-10-14.16:09:22	161.283	1729.4	0.0480186	9.7668
2019-10-14.16:09:23	161.808	1729.5	-0.0520026	6.29809
2019-10-14.16:09:24	161.761	1730.97	-0.0369432	-0.67303
2019-10-14.16:09:25	161.16	1732.8	0.0945004	-5.86178
2019-10-14.16:09:26	160.661	1733.76	0.247945	-5.81993
2019-10-14.16:09:27	160.552	1733.25	0.310338	-1.20949
2019-10-14.16:09:28	160.666	1731.62	0.253395	4.91162
2019-10-14.16:09:29	161.025	1729.9	0.118145	9.33034
2019-10-14.16:09:30	161.622	1729.24	-0.0142115	8.76031
2019-10-14.16:09:31	161.908	1730.11	-0.060429	2.82621
2019-10-14.16:09:32	161.491	1731.94	0.0199634	-3.86168
2019-10-14.16:09:33	160.864	1733.45	0.179701	-6.57364
